tests/general/MEAN_RECHARGE_1999_2000.asc
NCOLS         30
NROWS         30
XLLCORNER    2165054.000
YLLCORNER     255067.000
CELLSIZE        161.100
NODATA_VALUE          0.000
3.1416 3.1868 3.1416 3.1416 2.9730 3.2450 2.9704 2.9613 2.8855 2.8011 2.8011 2.8011 3.3001 3.3265 3.3282 3.3048 3.2368 3.2368 3.2368 3.2368 2.7235 2.7235 2.7235 2.7235 2.8011 2.7235 2.7235 2.7235 2.7235 2.7235
2.8011 2.8011 2.8011 2.8011 2.8011 3.2368 2.7924 2.7924 2.8171 2.8219 2.8219 2.8011 2.7237 2.7235 2.8080 2.8011 3.1551 3.1469 3.0917 3.1164 2.8011 3.3675 2.7235 2.8072 2.7239 2.8072 2.8072 2.8072 2.7235 3.0006
2.6169 2.8011 2.8011 2.8011 3.2450 3.2450 2.9764 2.8171 2.8011 2.8011 3.0687 3.0818 2.8011 2.7237 2.8011 2.8011 2.8011 2.8011 2.8011 2.8011 3.1469 2.7235 3.2996 2.7235 3.0020 2.8744 2.8744 2.8744 2.8072 2.9889
2.6169 2.6169 2.6169 2.6169 3.2450 3.0365 2.9764 2.8771 2.8219 2.8011 2.8179 2.8249 2.8011 2.8011 2.8011 2.8011 2.8011 2.8011 2.8011 2.8011 2.8365 3.1107 3.0927 3.2996 3.3475 3.3284 3.3841 3.2229 3.7091 3.5524
2.6169 2.8011 2.8011 3.2450 3.2368 2.9764 2.9716 2.9715 2.9716 2.8011 2.7238 2.7242 10.4144 2.8011 2.8019 2.9943 2.8011 2.8011 2.8171 2.8074 2.8011 2.8074 2.8171 3.1483 3.1477 3.1477 2.7237 2.7237 2.7237 2.8011
2.6169 6.5609 2.8011 3.2368 2.9764 2.8771 3.1630 3.3462 2.8011 11.0882 10.8014 12.2830 10.4144 13.1599 2.7242 2.8011 2.8011 2.8011 2.7924 2.7924 2.7924 2.7924 2.7924 2.8776 2.7924 2.9662 2.8011 2.8171 2.8011 2.8011
6.1136 6.1136 2.8011 3.2467 2.9959 3.0111 3.1266 2.8072 12.2830 12.2830 10.5499 2.7292 2.8790 12.2830 11.0540 11.1252 10.4280 10.4324 10.4312 2.8011 2.8011 2.8011 2.7924 2.7924 2.7924 2.7924 2.8011 2.7924 2.8011 2.8682
6.1565 2.7924 3.2554 3.1386 2.5655 2.7364 2.7302 2.8830 2.5636 2.5636 2.5636 2.5636 2.7292 12.2830 12.5816 10.4969 10.4312 10.5107 10.4969 10.4144 6.1136 6.1136 6.1136 6.1565 6.1565 6.1915 6.1915 6.2561 6.2561 6.3280
6.1565 2.7924 2.7068 3.1386 2.7068 2.7068 2.7068 2.5636 2.5636 2.5636 2.5636 2.5636 2.5636 2.7292 10.5499 2.8055 10.4969 2.8055 2.8055 10.4144 10.4144 10.4144 10.4385 10.4265 6.1136 6.1565 6.1565 6.1578 6.1578 6.1578
6.1565 6.1915 2.8074 3.2554 2.7924 2.7924 2.7924 2.7924 2.7924 2.7068 3.0006 2.8072 2.5636 2.7068 2.7292 2.8055 2.8055 2.8055 2.8055 10.4144 10.4144 10.4144 10.4144 10.4144 10.4144 6.1578 2.7292 2.7292 2.7292 2.7292
2.7924 6.7430 2.7924 3.2559 3.1472 3.0934 2.9415 2.8171 2.8074 2.8074 3.0439 3.1771 2.7924 2.7924 2.9975 6.4263 2.8055 2.8055 2.8055 18.6754 10.4385 10.4144 2.8055 2.8055 10.4144 6.1578 6.3280 7.7461 6.8308 6.1578
2.7924 6.1565 7.1405 3.2368 2.7924 2.7924 3.0926 2.9813 2.8361 2.8361 2.9820 2.9813 6.5203 6.5203 7.0791 6.4263 2.8055 2.8055 2.8055 10.4144 6.1578 10.5663 16.0061 16.0061 6.1578 6.1578 2.7321 2.9551 2.9755 2.8237
2.7924 6.1565 7.1405 3.2450 3.0533 2.9808 3.0452 2.9800 2.9822 2.9813 2.9813 2.9311 6.2061 6.2061 6.3341 18.6718 15.8422 10.4144 10.4144 16.0061 6.1136 6.3191 6.2080 6.1578 6.2080 2.7321 2.7321 2.8400 2.9792 2.7239
2.7924 6.9084 2.7924 2.9052 2.7947 2.9073 2.7924 2.8074 2.8083 2.9788 2.8070 2.9813 2.9813 2.8011 6.2488 6.1136 10.4144 10.4265 10.4144 10.5575 6.2080 2.8011 6.3379 6.1578 2.7321 2.7321 2.9945 2.9945 3.1802 2.9943
6.1565 6.1915 2.7947 3.2465 2.7924 2.8776 2.7879 2.8074 2.8074 2.8171 2.8171 2.8011 2.8011 2.9813 2.8011 6.1136 10.4265 10.5582 10.5575 6.1578 2.7238 2.7321 2.7328 2.7235 2.7321 2.9945 2.9955 2.9813 3.1469 2.9813
10.2645 6.1565 3.2368 3.1629 2.7879 2.7879 2.7879 2.7879 2.7879 2.7924 2.8011 2.7924 2.8074 2.8083 7.4219 6.1136 5.7107 6.2074 6.2074 2.7235 2.8237 3.1756 3.0412 2.7235 2.9943 3.0268 2.9813 2.8011 2.8011 2.8011
6.1565 2.7924 3.2368 3.1629 3.1629 2.7879 2.7879 2.7879 2.7924 2.7924 2.7924 2.8074 2.8083 2.9751 3.1182 2.7924 2.8171 3.1202 2.9118 3.0007 3.1635 2.8011 2.8011 3.1771 3.0139 2.8011 2.8011 2.8011 2.8011 2.8011
6.1565 2.7924 3.2424 3.1629 3.2210 2.7924 2.8074 2.8074 2.8074 2.8074 2.8785 2.8422 2.9762 2.9239 2.8084 2.8540 2.7924 2.9289 2.8084 2.8084 2.8465 2.8011 2.8011 2.8171 2.8011 2.8011 2.8011 2.8011 2.8011 2.8011
10.2645 6.1565 2.7879 3.2315 3.2497 2.7924 2.8074 2.8083 2.8083 2.9119 2.8519 2.9939 2.8087 2.8083 2.8083 2.8087 2.8087 2.8087 2.8084 2.8095 2.8083 2.8361 2.7924 2.9783 2.8011 2.8011 2.8011 2.8011 2.8011 2.8011
6.1565 2.7924 2.7879 3.1629 3.1629 3.2480 3.1477 3.1482 3.1482 3.1477 3.0934 2.8085 2.8247 2.8074 2.8074 2.8247 2.8247 2.8247 2.8083 2.8453 2.8074 2.8074 2.8074 2.7924 2.9177 2.8011 2.8011 10.4144 10.4969 12.3483
2.7879 2.8029 3.2295 3.2195 2.7879 3.1629 3.1629 3.2554 3.2554 2.7947 2.7970 2.8269 2.9581 2.7924 2.7924 2.9581 2.9581 2.9581 2.8074 2.9775 2.7924 2.7924 2.7924 2.8859 3.0177 2.8781 2.8171 11.1575 2.8011 2.7235
2.8074 3.2555 3.2467 3.0264 2.8029 2.7879 2.7879 2.7879 3.2368 3.2368 3.2465 3.2465 2.7924 2.7235 2.7235 2.7235 2.7235 2.7924 2.9975 2.8074 11.5276 11.3778 2.7924 2.8083 2.9787 2.8076 2.9581 2.7924 2.7068 2.7235
3.2555 2.7924 3.0920 2.9807 2.8074 2.7924 2.7879 2.7924 2.7924 2.7924 2.7235 3.2368 3.2368 3.2368 3.2368 3.2368 2.7235 2.7235 2.7924 2.7924 2.7947 2.7924 11.5276 2.8074 2.9786 2.9581 2.7947 2.5636 2.7235 3.0006
3.2368 2.9782 3.2559 2.9822 2.8776 2.7924 2.7924 2.8074 2.9885 2.9877 2.7235 2.7235 2.7235 2.7235 2.9334 3.0357 3.2368 3.2465 3.1386 3.2368 3.2368 2.9704 10.6229 2.7924 2.9766 2.9581 2.5636 3.1386 2.7235 3.2200
2.7924 2.9777 3.2554 2.9818 2.7924 2.7924 2.7924 2.9369 2.7929 3.1740 2.9750 2.7235 2.7235 2.9750 3.0006 3.0388 2.9929 2.7235 2.5636 2.5636 3.2368 3.2465 3.3265 3.3265 2.7947 2.7924 2.5636 3.2368 2.7235 2.7235
2.7924 2.8074 3.3083 2.9817 2.8011 2.8011 2.8074 2.9890 2.7768 3.1741 3.0420 2.7356 2.8226 2.9750 3.0439 3.0588 2.7235 2.7235 3.0006 2.7235 2.7235 2.7235 2.7235 3.2368 3.2368 3.1386 3.2368 3.2465 2.7235 2.8107
2.7924 2.8074 3.2555 3.1469 2.8011 2.8011 2.7924 2.8463 2.9518 3.1788 2.7237 2.8226 2.8226 2.7908 3.0695 3.0591 2.8072 2.9889 2.8072 2.7235 2.8072 2.7235 2.7235 2.7235 2.5636 2.7235 3.2494 3.2368 3.2368 2.9778
2.7924 2.8074 2.8083 3.1477 2.8011 2.8171 2.8011 2.7924 2.9556 3.1368 2.7235 2.8226 2.7235 2.7734 3.0789 3.2826 3.1618 3.0510 2.9943 2.8744 2.7235 2.8072 3.0006 2.7235 2.7235 2.8072 3.0963 2.8072 2.7235 3.6341
2.7924 2.8074 3.2555 2.9782 3.1609 2.7239 2.7235 2.7235 2.7235 3.1754 2.8219 2.7235 2.7235 3.0006 3.1990 3.1368 2.8869 2.8317 3.1616 2.8072 2.7235 3.0390 2.7235 2.8072 2.7235 2.8072 3.2444 2.8744 2.9750 2.7292
2.7924 2.8074 3.2555 2.9782 2.8974 2.9238 2.7235 2.7235 3.1807 2.8027 18.0307 2.7235 2.7235 2.8072 2.8744 3.5354 3.1469 2.9813 3.2768 3.0475 3.1924 3.0006 2.7235 2.7235 3.0020 3.3531 2.9028 2.8744 2.9750 2.7292
