share/VS_Project/swb/x64/Debug/output/future/final_pct_sm_1989.asc
NCOLS        340
NROWS        316
XLLCORNER     528502.530
YLLCORNER     274871.653
CELLSIZE        100.000
NODATA_VALUE    -9999.000
[rows 38 to 75 of 316, columns 84 to 167 of 340]
100. 100. 100. 100. 100. 100. 100. 100. 100. 100. 100. 100. 100. 100. 100. 100. 100. 100. 100. 100. 100. 100. 100. 100. 100. 100. 100. 96.9 100. 100. 100. 100. 100. 100. 100. 100. 100. 100. 100. 84.9 100. 66.3 66.3 100. 100. 100. 100. 100. 90.7 100. 100. 100. 55.9 90.2 90.2 90.2 90.2 90.2 90.2 90.2 90.2 90.7 90.2 90.7 84.0 100. 100. 84.0 92.2 91.1 79.6 79.6 100. 84.1 100. 100. 100. 100. 100. 100. 96.9 100. 100. 100.
100. 100. 100. 100. 100. 100. 100. 100. 100. 100. 100. 100. 100. 100. 100. 100. 100. 100. 100. 100. 100. 100. 100. 100. 100. 96.9 100. 100. 100. 100. 100. 100. 84.9 84.9 83.2 83.2 100. 100. 100. 100. 84.0 90.2 66.3 66.3 90.2 90.2 90.2 100. 100. 84.9 96.5 86.8 100. 100. 90.2 90.2 90.2 90.2 90.2 79.1 84.4 89.6 90.2 91.1 84.0 100. 84.0 100. 100. 84.0 100. 100. 100. 79.1 84.0 84.1 100. 100. 100. 96.9 100. 100. 79.1 100.
100. 100. 100. 100. 100. 100. 100. 100. 100. 100. 100. 100. 100. 100. 100. 100. 100. 100. 100. 100. 100. 100. 100. 100. 100. 100. 100. 100. 100. 100. 100. 100. 86.7 55.9 84.0 86.6 84.9 84.9 100. 84.9 100. 90.2 66.3 66.3 90.2 90.2 90.2 90.2 100. 83.2 84.0 90.2 90.2 90.2 90.2 90.2 90.2 91.4 100. 100. 100. 100. 84.0 90.7 100. 100. 100. 96.8 96.8 84.0 100. 100. 100. 84.0 79.1 84.0 100. 100. 100. 100. 100. 96.9 79.1 79.1
100. 100. 100. 100. 100. 100. 100. 100. 95.4 94.9 99.7 100. 89.1 100. 84.9 100. 100. 100. 100. 100. 100. 84.9 100. 100. 100. 100. 100. 100. 100. 100. 100. 84.9 83.2 87.8 84.0 90.2 90.7 90.7 100. 100. 84.7 84.0 90.2 90.2 66.3 90.2 90.2 90.2 90.2 66.3 90.2 90.2 90.2 90.2 90.2 90.2 90.2 100. 100. 100. 84.0 90.2 84.0 100. 96.9 100. 77.2 97.7 96.7 84.0 100. 100. 100. 84.0 100. 84.0 100. 100. 97.7 96.9 100. 96.9 79.1 79.1
97.8 100. 55.9 100. 100. 100. 94.6 100. 100. 100. 100. 100. 100. 100. 100. 86.5 96.9 84.9 100. 100. 100. 84.9 84.9 100. 96.9 100. 100. 100. 100. 100. 100. 83.2 85.3 86.6 90.2 84.0 84.0 84.0 84.0 90.2 100. 88.9 90.2 90.2 90.2 66.3 90.2 90.2 90.2 66.3 90.2 90.2 90.2 79.1 90.2 89.6 79.1 100. 100. 100. 86.5 90.2 90.2 100. 100. 90.2 90.2 96.9 97.5 100. 100. 100. 100. 100. 90.2 79.1 90.2 79.1 100. 97.7 100. 97.7 100. 100.
100. 100. 100. 96.9 84.9 100. 100. 100. 100. 100. 84.9 84.9 84.9 84.9 84.9 86.5 86.5 84.9 86.6 84.9 100. 84.9 100. 84.9 84.9 84.9 100. 100. 100. 100. 100. 84.9 41.0 84.0 66.3 41.0 68.2 64.1 100. 84.0 90.7 90.7 90.2 90.2 90.2 90.2 90.7 90.2 90.2 90.2 90.2 90.2 90.2 90.2 79.1 100. 100. 100. 90.2 92.2 86.7 90.2 90.2 100. 100. 79.1 90.2 96.9 97.3 100. 100. 100. 100. 100. 100. 90.2 90.2 79.1 96.9 96.9 100. 100. 100. 84.0
100. 100. 84.9 100. 100. 100. 100. 86.5 86.5 86.5 100. 100. 100. 100. 86.8 100. 86.8 100. 96.9 84.9 84.9 84.9 100. 84.9 100. 100. 84.9 100. 100. 100. 100. 100. 84.9 84.9 100. 100. 90.2 84.0 90.2 84.0 90.2 90.2 84.0 90.2 90.2 84.0 90.2 90.2 90.2 90.2 90.2 90.2 90.2 90.2 90.2 100. 100. 84.0 94.6 100. 86.6 90.2 79.1 90.2 79.1 79.1 90.2 100. 96.9 97.7 96.9 100. 90.2 79.1 90.2 90.2 79.1 79.1 100. 100. 100. 100. 100. 100.
100. 86.5 96.9 100. 86.5 86.5 86.5 97.7 86.6 97.7 100. 100. 100. 97.7 96.9 97.7 97.7 100. 86.5 86.5 100. 84.9 86.8 100. 100. 100. 100. 100. 100. 100. 74.1 83.2 100. 100. 84.9 100. 100. 84.0 100. 90.2 84.0 100. 84.0 83.9 90.2 90.2 90.2 79.1 79.1 90.2 90.2 79.1 90.2 100. 84.0 90.2 90.2 90.2 84.0 100. 100. 90.2 90.2 86.2 79.1 90.2 79.1 90.2 96.9 97.3 96.8 84.0 90.2 90.2 90.2 79.1 100. 79.1 100. 100. 100. 96.9 100. 100.
100. 86.5 86.5 96.9 97.7 86.6 86.5 97.7 97.7 96.9 96.9 97.7 97.7 97.7 100. 96.9 96.9 100. 86.6 86.5 86.8 86.8 100. 97.7 97.7 100. 100. 97.7 100. 100. 84.9 84.0 83.2 84.9 100. 84.9 84.9 83.2 88.2 84.0 100. 100. 83.2 83.2 90.2 90.2 90.2 90.2 90.2 79.1 79.1 90.2 90.2 100. 83.3 90.2 90.2 90.2 100. 100. 100. 100. 94.9 84.0 79.1 90.2 90.2 90.2 100. 97.7 96.9 100. 100. 90.2 79.1 100. 96.9 96.9 100. 100. 100. 100. 96.9 100.
100. 100. 84.9 84.9 86.5 97.7 86.6 96.9 97.7 97.7 97.7 96.9 96.9 97.7 97.7 97.6 100. 100. 96.9 97.7 100. 97.7 100. 100. 96.9 96.9 100. 97.7 96.9 96.9 86.7 55.9 86.6 100. 87.8 84.9 84.9 83.2 84.0 100. 89.8 95.7 90.2 90.2 90.2 84.0 90.2 90.2 90.2 84.0 79.1 90.2 84.9 81.6 84.0 90.2 90.2 90.2 86.6 100. 96.9 97.7 100. 90.2 90.2 100. 55.9 90.2 100. 97.6 97.7 96.9 96.9 100. 90.2 100. 100. 97.7 100. 100. 100. 100. 96.9 100.
84.9 86.5 100. 84.9 86.5 97.6 96.9 97.7 97.7 86.5 86.5 97.7 96.9 96.9 96.9 96.9 96.9 100. 96.9 97.7 100. 96.9 100. 96.9 96.9 96.9 97.7 97.7 96.9 86.5 84.9 40.7 90.2 90.3 84.0 91.1 90.2 84.9 100. 100. 100. 84.0 90.2 90.2 90.2 78.7 66.3 90.2 90.2 90.7 90.2 90.2 100. 100. 90.2 66.3 90.2 55.9 63.1 100. 96.9 97.5 96.8 84.0 90.2 96.9 63.1 55.9 90.2 96.9 97.5 97.7 97.7 100. 100. 100. 100. 100. 100. 100. 100. 96.3 100. 100.
100. 86.5 84.9 100. 97.7 96.9 97.7 96.9 96.9 97.7 84.9 84.9 84.9 86.5 96.9 86.5 86.5 96.9 97.7 97.7 97.7 97.7 100. 97.6 96.9 96.9 97.6 96.9 96.9 86.5 84.9 84.9 40.7 55.9 84.0 84.0 90.2 90.2 68.2 84.0 84.0 90.2 100. 55.9 100. 100. 90.2 90.2 90.2 66.3 84.0 66.3 100. 99.5 100. 100. 55.9 55.9 55.9 100. 96.9 97.7 100. 84.0 100. 100. 86.6 90.2 90.2 100. 97.7 97.4 96.1 100. 100. 100. 98.8 100. 100. 100. 97.2 96.9 100. 100.
100. 86.5 84.9 84.9 86.6 86.6 96.9 97.7 96.9 96.9 86.5 96.9 84.9 86.6 96.9 86.5 86.5 86.5 86.5 96.9 96.9 96.9 84.9 96.9 96.9 96.9 97.7 97.4 86.5 86.5 84.9 40.7 87.8 84.0 55.9 100. 100. 100. 84.0 100. 84.0 84.0 100. 100. 99.3 87.8 84.0 100. 100. 100. 84.0 90.2 100. 97.3 100. 100. 100. 100. 100. 100. 100. 100. 55.9 55.9 100. 100. 100. 55.9 84.0 100. 96.9 97.4 96.9 100. 100. 99.7 100. 100. 100. 100. 97.7 96.9 100. 100.
100. 86.5 84.9 86.5 86.5 86.5 86.6 96.9 96.9 96.9 96.9 97.7 100. 100. 86.8 84.9 100. 86.6 96.9 86.5 86.5 86.5 86.5 96.9 86.5 97.7 97.6 97.7 86.5 86.5 84.9 83.2 100. 55.9 55.9 89.7 89.8 55.9 55.9 90.0 84.0 84.0 100. 100. 87.5 84.0 90.2 90.2 97.2 96.9 83.2 100. 96.9 97.7 97.7 96.9 98.8 96.9 96.9 100. 100. 100. 100. 63.1 100. 100. 100. 97.6 96.8 97.7 97.7 96.9 96.9 100. 100. 100. 99.4 100. 99.8 100. 96.9 100. 100. 96.9
100. 84.9 84.9 84.9 86.5 97.7 96.9 96.9 86.5 97.7 97.6 97.7 100. 100. 100. 100. 100. 84.9 100. 100. 86.5 86.5 96.9 97.7 84.9 96.9 97.4 96.9 96.9 96.9 84.9 84.9 84.9 86.3 40.7 84.9 100. 55.9 100. 96.9 87.8 87.8 84.9 86.6 100. 84.0 90.2 84.0 83.2 97.7 100. 96.9 97.5 97.5 86.5 86.6 97.5 97.4 96.6 88.4 88.4 100. 100. 100. 100. 100. 98.8 100. 100. 97.5 97.7 97.7 96.9 100. 96.9 100. 96.9 100. 100. 100. 100. 98.4 100. 100.
100. 74.1 84.9 84.9 86.6 86.5 86.5 86.6 84.9 86.8 86.6 97.5 97.7 96.9 84.9 84.9 84.9 100. 63.1 96.9 100. 100. 84.9 74.1 74.2 72.7 74.1 86.8 80.7 100. 100. 100. 84.9 84.9 84.9 84.9 84.9 86.7 89.8 100. 83.2 100. 96.9 84.9 100. 83.2 84.0 84.9 84.9 86.6 96.9 97.4 97.7 96.9 100. 97.7 96.9 100. 100. 100. 100. 100. 100. 100. 100. 100. 100. 96.9 100. 97.7 97.7 97.7 100. 100. 88.4 96.9 97.7 100. 97.7 97.7 97.5 97.1 100. 98.2
100. 100. 100. 84.9 84.9 84.9 84.9 84.9 84.9 84.9 100. 100. 96.9 84.9 84.9 84.9 100. 100. 100. 100. 100. 86.5 84.3 100. 93.9 100. 100. 100. 100. 100. 100. 100. 97.7 100. 100. 84.9 84.9 84.9 84.9 100. 84.9 86.8 84.9 84.9 89.8 83.2 100. 86.5 96.9 96.9 97.5 100. 100. 100. 100. 100. 100. 100. 100. 97.7 96.9 100. 100. 100. 97.7 97.7 100. 100. 100. 100. 100. 100. 100. 100. 100. 100. 100. 100. 100. 100. 100. 98.2 100. 100.
100. 100. 100. 100. 100. 86.5 84.9 84.9 84.9 84.9 86.5 84.9 84.9 100. 100. 100. 100. 84.9 84.9 84.9 84.9 100. 84.9 100. 91.6 100. 100. 100. 100. 100. 100. 100. 100. 100. 100. 100. 84.9 84.9 86.5 86.5 84.9 84.9 84.9 84.9 84.9 84.9 88.2 97.7 96.9 100. 100. 100. 100. 100. 100. 91.9 100. 100. 100. 100. 100. 100. 88.9 100. 100. 100. 100. 100. 100. 100. 100. 100. 100. 100. 100. 100. 100. 96.9 100. 97.7 100. 100. 100. 100.
100. 100. 100. 100. 97.7 96.9 96.9 84.9 84.9 84.9 86.5 84.9 100. 100. 100. 100. 84.9 86.8 100. 100. 100. 100. 86.5 100. 100. 81.3 100. 100. 100. 100. 97.7 100. 100. 100. 100. 100. 79.1 100. 86.5 84.9 86.5 100. 100. 100. 100. 100. 100. 97.7 100. 100. 100. 100. 100. 100. 100. 100. 100. 100. 100. 100. 100. 100. 100. 100. 100. 100. 100. 96.9 96.9 96.9 100. 100. 100. 100. 97.7 97.7 84.9 86.5 96.9 97.7 96.9 100. 100. 100.
79.0 100. 100. 97.7 96.9 100. 100. 100. 100. 100. 100. 84.9 84.9 100. 100. 100. 84.9 84.9 96.9 86.5 96.9 96.9 84.9 84.9 84.9 100. 84.0 84.9 100. 84.8 97.6 84.9 96.9 100. 100. 100. 100. 100. 86.5 86.5 84.9 84.9 84.9 84.9 100. 100. 97.7 100. 100. 100. 100. 93.5 100. 100. 100. 100. 100. 96.9 100. 100. 100. 100. 100. 100. 100. 100. 100. 100. 100. 100. 100. 97.5 96.9 97.5 97.7 96.9 84.9 86.5 86.6 96.8 84.0 100. 100. 100.
76.7 100. 100. 96.9 96.9 100. 100. 96.9 100. 100. 100. 100. 100. 96.9 84.9 84.9 84.9 100. 96.9 86.6 86.6 86.5 86.5 84.9 100. 84.9 84.9 84.9 84.9 100. 63.1 100. 86.7 97.7 100. 100. 100. 100. 100. 100. 86.5 86.8 97.7 97.7 97.2 97.5 100. 100. 100. 100. 100. 100. 100. 100. 100. 100. 100. 96.9 86.5 86.5 84.0 90.2 90.2 90.2 90.2 100. 96.9 84.0 90.2 90.2 84.0 96.8 97.7 97.7 96.9 96.9 100. 100. 97.7 96.8 84.0 100. 100. 79.1
60.4 100. 59.8 91.0 93.5 100. 100. 96.9 100. 100. 96.9 100. 100. 100. 84.9 84.9 84.9 100. 86.8 84.9 84.9 84.9 86.5 100. 88.3 84.9 84.9 100. 86.7 55.9 55.9 55.9 99.2 97.7 96.9 100. 100. 100. 100. 100. 97.6 91.6 100. 100. 100. 100. 100. 100. 100. 100. 100. 97.7 84.9 84.9 83.2 96.9 96.9 100. 100. 97.7 96.7 96.9 84.0 55.9 90.2 79.1 100. 79.1 90.2 90.2 100. 100. 100. 100. 100. 100. 90.2 90.2 100. 96.7 84.0 63.1 79.1 79.1
84.9 93.2 94.8 69.1 100. 86.3 98.1 96.9 100. 100. 100. 100. 100. 84.9 84.9 100. 100. 100. 84.9 84.9 84.9 84.9 86.5 100. 100. 100. 86.5 89.8 84.9 40.7 55.9 55.9 100. 96.7 96.8 100. 86.6 100. 100. 100. 100. 100. 96.9 97.7 96.9 100. 100. 86.5 100. 100. 96.9 96.9 100. 100. 86.6 100. 86.5 97.7 100. 100. 100. 96.9 100. 90.2 90.2 90.2 90.2 84.0 90.2 90.2 100. 100. 100. 84.0 100. 100. 90.2 90.2 86.6 96.7 100. 100. 79.1 79.1
70.0 83.4 70.0 77.5 92.1 60.7 67.3 96.9 96.9 100. 100. 100. 100. 100. 100. 97.6 96.9 99.4 100. 100. 86.5 100. 100. 100. 100. 100. 100. 84.9 84.9 83.2 87.1 55.9 84.0 88.6 78.7 90.7 90.2 90.2 100. 100. 100. 100. 100. 96.9 86.6 86.5 86.5 100. 84.0 84.0 96.8 100. 100. 84.0 90.2 84.0 83.2 96.9 100. 100. 100. 100. 79.1 100. 79.1 90.7 84.0 84.0 87.8 88.6 82.2 90.2 90.2 90.2 85.1 100. 100. 100. 93.0 97.7 96.9 100. 79.1 79.1
92.1 63.2 66.2 70.0 84.9 83.9 100. 96.9 97.7 96.9 100. 100. 100. 100. 84.9 96.9 86.8 96.9 86.6 100. 100. 100. 100. 100. 100. 100. 100. 100. 84.9 84.9 90.2 55.9 55.9 84.0 90.2 84.0 84.0 84.0 79.1 100. 90.2 84.0 100. 96.9 96.9 86.5 84.9 86.6 96.9 100. 100. 100. 100. 84.0 90.2 90.2 100. 100. 96.0 100. 100. 90.2 90.2 100. 84.0 55.9 100. 100. 84.0 83.9 77.0 89.6 90.7 90.2 90.2 90.2 100. 84.0 80.0 79.1 90.7 90.7 90.2 100.
84.9 85.0 100. 81.3 84.9 84.9 79.0 99.8 100. 100. 100. 100. 84.9 100. 74.1 84.9 86.8 84.9 86.6 84.9 86.5 84.9 100. 96.1 100. 100. 100. 100. 100. 100. 84.9 86.3 55.9 55.9 55.9 55.9 100. 90.2 90.2 55.9 84.0 90.2 100. 100. 100. 100. 86.5 86.6 86.6 85.1 100. 100. 100. 100. 100. 100. 84.0 100. 98.8 100. 100. 90.2 90.2 100. 100. 78.5 89.7 84.0 100. 100. 100. 100. 84.0 100. 100. 100. 100. 90.2 79.1 90.2 84.0 86.2 100. 100.
100. 84.9 90.8 100. 100. 71.0 100. 100. 100. 100. 84.9 100. 86.5 96.9 86.6 86.5 96.9 96.9 86.6 86.6 86.5 84.9 84.9 86.5 97.2 97.1 100. 100. 100. 100. 84.9 86.7 84.9 63.1 79.2 90.2 79.1 90.2 84.0 90.7 90.2 90.2 79.1 79.1 84.0 90.2 96.9 97.7 96.9 96.9 100. 100. 84.1 100. 100. 84.0 100. 91.2 100. 97.5 96.9 90.2 90.2 84.0 81.6 84.0 84.0 100. 100. 100. 100. 100. 100. 100. 100. 100. 90.2 90.2 79.1 100. 100. 100. 100. 100.
100. 83.7 85.2 70.0 100. 69.3 100. 96.9 96.9 100. 84.9 84.9 84.9 86.5 97.7 97.5 96.9 97.7 97.7 97.7 86.6 86.5 86.8 86.5 97.7 96.9 100. 100. 100. 100. 100. 100. 100. 86.7 84.9 100. 100. 100. 100. 100. 55.9 79.1 90.2 90.2 79.1 84.0 96.9 100. 100. 100. 100. 100. 79.1 100. 100. 90.2 79.1 90.2 84.0 96.8 94.9 100. 91.5 92.3 100. 100. 100. 100. 100. 100. 100. 100. 100. 93.7 100. 100. 100. 100. 100. 100. 100. 100. 100. 100.
99.5 99.5 70.0 87.0 55.1 100. 68.3 100. 100. 100. 100. 84.9 100. 86.5 96.9 97.5 96.9 96.9 97.7 96.9 96.9 96.8 100. 96.8 86.5 84.9 84.9 86.5 86.5 100. 100. 100. 100. 100. 84.9 89.8 84.9 84.9 100. 100. 86.9 55.9 96.9 79.1 100. 96.8 100. 100. 100. 100. 100. 100. 90.2 79.1 80.0 77.0 100. 79.1 84.1 100. 100. 100. 100. 84.0 100. 100. 100. 100. 100. 100. 100. 100. 100. 100. 100. 100. 100. 100. 100. 100. 100. 100. 100. 100.
84.9 84.9 84.9 86.4 90.2 84.0 87.8 100. 100. 100. 84.9 84.9 84.9 86.5 96.9 97.3 97.5 97.7 96.9 96.9 100. 84.0 84.0 84.0 100. 84.9 74.1 84.9 86.5 100. 100. 100. 100. 100. 84.0 100. 100. 100. 100. 100. 63.1 55.9 100. 90.2 100. 98.8 100. 100. 100. 100. 84.0 100. 90.2 84.0 90.2 100. 100. 79.1 90.2 84.3 90.2 100. 95.5 84.0 100. 100. 100. 100. 100. 100. 100. 100. 97.1 84.0 100. 100. 100. 93.8 100. 84.0 100. 100. 100. 100.
81.3 92.1 55.1 55.1 84.0 100. 93.8 100. 100. 96.9 84.9 86.5 84.9 84.9 86.5 97.5 96.9 97.5 97.4 97.7 96.9 86.5 100. 90.2 79.1 100. 100. 86.5 86.5 100. 100. 100. 100. 100. 100. 97.8 84.0 100. 86.6 96.9 100. 100. 63.1 84.0 100. 97.7 100. 100. 84.0 79.1 79.1 90.2 84.0 78.4 90.2 92.2 92.2 90.2 90.2 90.7 84.0 84.0 84.0 100. 100. 100. 100. 100. 100. 96.8 100. 100. 100. 96.6 88.7 100. 55.9 84.0 92.3 100. 84.0 100. 100. 100.
97.7 100. 92.1 55.1 84.0 100. 100. 0. 100. 100. 96.9 96.9 86.5 86.5 96.9 96.9 97.6 97.7 96.9 96.9 86.8 96.9 100. 90.2 90.2 90.2 86.5 100. 96.9 86.6 100. 100. 100. 84.9 86.5 100. 100. 100. 100. 100. 91.7 100. 100. 63.1 97.6 96.9 100. 100. 100. 100. 100. 100. 100. 100. 100. 100. 100. 80.0 90.2 84.0 96.9 100. 100. 100. 96.9 93.7 100. 100. 100. 84.0 100. 100. 77.0 100. 100. 100. 92.2 80.1 90.7 84.0 100. 100. 100. 100.
86.5 67.0 83.2 84.0 100. 84.0 84.0 0. 0. 100. 100. 96.9 77.5 97.7 86.5 86.5 96.9 96.9 97.7 96.9 84.9 100. 90.2 90.2 90.2 90.2 90.2 84.0 100. 96.9 100. 100. 100. 100. 100. 100. 84.9 100. 100. 99.4 100. 86.5 96.9 86.6 96.9 86.5 100. 100. 100. 100. 100. 100. 100. 100. 100. 84.0 84.0 84.0 84.0 100. 100. 100. 91.6 100. 100. 100. 97.6 100. 90.2 90.2 100. 100. 100. 100. 84.0 100. 90.2 80.0 84.0 100. 100. 100. 100. 100.
86.5 84.0 100. 84.9 84.0 89.8 100. 0. 0. 0. 100. 100. 100. 100. 96.9 96.9 86.5 100. 84.9 84.9 86.5 84.7 100. 87.8 84.0 90.2 100. 100. 96.9 97.5 97.7 100. 100. 100. 100. 100. 100. 100. 100. 98.9 100. 100. 100. 97.7 86.5 86.5 100. 100. 88.4 96.9 100. 100. 96.9 100. 100. 100. 100. 90.2 100. 100. 90.2 94.9 90.2 100. 100. 100. 100. 90.7 90.2 90.2 100. 100. 100. 100. 90.7 90.2 79.1 80.0 84.0 100. 100. 84.0 100. 100.
86.5 86.5 100. 66.3 68.2 66.3 100. 86.6 89.2 0. 100. 100. 100. 100. 100. 96.9 86.5 86.5 100. 84.9 100. 84.0 84.0 90.2 90.2 90.2 90.2 100. 96.9 97.5 96.9 100. 100. 100. 100. 100. 100. 100. 100. 100. 86.5 99.5 100. 100. 100. 86.5 98.8 96.8 100. 100. 100. 100. 96.7 84.0 100. 100. 100. 90.2 100. 90.2 100. 100. 90.2 96.8 100. 100. 100. 100. 91.2 90.2 100. 100. 84.0 100. 90.2 90.2 79.1 90.2 90.2 100. 93.6 100. 100. 84.0
84.9 63.1 40.7 66.3 66.3 66.3 66.3 100. 100. 85.7 0. 100. 100. 100. 100. 100. 100. 100. 80.5 100. 74.1 88.4 79.1 90.2 90.2 90.2 90.2 100. 96.9 97.6 100. 100. 100. 100. 100. 100. 100. 100. 100. 100. 100. 100. 100. 100. 100. 100. 100. 100. 100. 100. 100. 84.0 96.9 100. 100. 100. 100. 90.2 90.2 90.2 79.1 100. 100. 84.0 79.1 94.9 100. 84.0 100. 84.0 100. 100. 55.9 100. 92.2 100. 82.1 90.2 90.2 90.9 90.2 100. 84.0 100.
79.1 100. 100. 90.2 79.1 90.2 79.1 79.1 84.0 100. 91.2 0. 0. 90.8 100. 100. 100. 100. 100. 100. 96.9 100. 96.9 96.9 96.9 90.2 90.2 90.2 100. 97.7 97.5 96.9 100. 100. 100. 100. 100. 100. 100. 100. 100. 100. 100. 100. 100. 100. 100. 100. 100. 100. 100. 100. 100. 96.9 100. 100. 90.2 90.2 90.2 90.2 90.2 79.1 100. 100. 100. 84.3 100. 84.0 100. 100. 100. 100. 100. 93.8 100. 100. 99.4 90.2 90.2 100. 100. 90.0 90.2 100.
66.3 100. 66.3 79.1 90.2 90.2 90.2 100. 100. 100. 100. 0. 98.6 91.2 100. 100. 100. 100. 100. 100. 100. 100. 97.7 97.5 97.6 96.9 63.1 90.2 90.2 96.9 97.6 96.9 100. 100. 100. 96.9 96.9 97.5 100. 100. 100. 100. 100. 100. 100. 100. 100. 100. 100. 100. 98.8 100. 100. 100. 100. 100. 90.2 90.2 100. 100. 100. 84.0 100. 100. 95.0 100. 100. 96.8 100. 100. 100. 100. 100. 100. 100. 100. 93.6 100. 100. 100. 98.8 98.2 100. 100.
