share/VS_Project/swb/x64/Debug/output/future/final_pct_sm_1989.asc
NCOLS        340
NROWS        316
XLLCORNER     528502.530
YLLCORNER     274871.653
CELLSIZE        100.000
NODATA_VALUE    -9999.000
[rows 38 to 75 of 316, columns 0 to 83 of 340]
99.8 100. 93.6 100. 88.6 100. 0. 100. 93.6 90.2 94.4 90.2 90.2 93.6 93.6 0. 0. 0. 0. 0. 0. 0. 0. 0. 0. 0. 0. 0. 0. 0. 0. 0. 0. 0. 0. 0. 0. 0. 100. 0. 0. 100. 100. 0. 88.6 97.3 100. 100. 84.5 93.6 100. 100. 100. 100. 87.8 90.3 97.7 94.5 82.3 84.4 89.3 100. 100. 84.0 85.4 100. 100. 100. 100. 100. 100. 100. 100. 100. 100. 100. 100. 100. 100. 100. 100. 100. 91.5 100.
93.6 93.6 100. 96.9 96.5 0. 93.6 90.2 91.0 90.2 90.2 93.6 100. 0. 100. 100. 0. 0. 0. 0. 0. 0. 0. 100. 91.0 91.0 91.0 100. 0. 0. 100. 0. 0. 0. 0. 0. 0. 0. 0. 0. 0. 0. 100. 84.9 91.0 93.6 100. 90.4 100. 100. 100. 100. 100. 100. 84.0 96.7 93.6 80.8 84.9 100. 100. 100. 100. 100. 84.9 100. 100. 100. 100. 84.9 100. 100. 100. 100. 100. 100. 100. 91.4 100. 100. 100. 91.5 100. 100.
96.9 96.9 100. 90.2 0. 0. 93.6 100. 90.2 90.2 93.6 100. 0. 0. 0. 0. 0. 100. 100. 100. 0. 0. 0. 0. 100. 99.5 99.8 100. 0. 0. 0. 0. 0. 0. 0. 0. 0. 0. 0. 93.6 99.3 91.0 100. 84.9 100. 100. 91.4 93.2 100. 100. 100. 100. 91.0 94.1 91.0 87.8 99.3 100. 84.9 84.9 84.9 100. 84.9 100. 84.9 100. 100. 100. 100. 84.9 100. 100. 100. 100. 100. 100. 100. 91.0 93.5 92.7 84.7 91.0 90.3 91.5
100. 90.2 100. 0. 0. 100. 93.6 93.6 0. 0. 0. 0. 0. 93.6 93.6 93.6 96.9 100. 99.1 100. 99.5 99.8 100. 0. 0. 0. 0. 0. 0. 0. 0. 0. 0. 0. 96.5 99.1 99.7 99.7 93.6 93.6 100. 100. 100. 100. 84.0 84.0 100. 99.2 99.7 100. 100. 93.4 100. 82.6 84.9 84.0 95.2 100. 84.9 84.9 84.9 100. 100. 100. 84.9 100. 100. 100. 100. 100. 100. 86.5 86.5 86.5 100. 100. 100. 87.8 84.0 100. 100. 100. 100. 100.
93.6 87.7 0. 0. 0. 0. 0. 0. 0. 0. 0. 90.2 99.2 99.3 93.6 93.6 93.6 96.9 97.5 99.4 100. 97.9 96.2 94.4 99.7 99.1 0. 0. 0. 100. 94.8 93.6 97.0 99.8 99.7 99.7 99.7 100. 98.9 93.6 94.4 99.7 100. 100. 87.8 84.0 99.2 99.7 99.7 99.5 100. 100. 100. 100. 100. 84.9 100. 100. 100. 100. 100. 100. 100. 84.9 100. 100. 100. 100. 100. 89.4 100. 86.5 86.5 100. 100. 93.8 100. 91.0 100. 100. 100. 100. 100. 100.
93.6 0. 0. 0. 0. 100. 0. 100. 99.8 99.9 96.9 96.9 100. 100. 96.6 96.9 93.6 93.6 100. 96.8 99.1 99.7 99.7 100. 100. 99.7 99.7 99.7 97.3 99.8 99.2 99.2 99.7 99.1 99.7 100. 100. 100. 97.7 99.1 97.6 99.7 100. 100. 100. 84.0 100. 99.5 99.6 100. 100. 100. 84.9 100. 100. 100. 100. 100. 100. 100. 100. 100. 84.9 84.9 100. 100. 100. 100. 100. 84.9 100. 86.5 100. 100. 96.3 92.2 100. 84.0 100. 100. 100. 100. 100. 100.
0. 0. 90.3 100. 100. 100. 0. 93.6 0. 98.6 90.2 93.6 93.6 99.3 98.5 99.2 96.9 93.6 96.9 100. 100. 99.7 99.9 100. 94.4 100. 100. 100. 100. 99.1 99.7 99.7 99.7 99.7 99.7 100. 100. 99.0 96.6 97.0 99.1 100. 99.2 100. 100. 55.9 100. 100. 100. 100. 100. 99.8 81.2 100. 97.9 100. 100. 100. 99.3 98.2 100. 100. 100. 100. 100. 100. 100. 100. 91.5 91.5 91.5 100. 91.5 90.2 90.2 99.7 100. 99.4 100. 100. 98.7 100. 100. 100.
0. 0. 0. 0. 0. 86.4 99.1 88.6 96.9 96.9 99.3 93.6 93.6 98.9 100. 98.6 99.1 93.6 93.6 97.0 100. 100. 100. 93.6 99.7 99.7 100. 94.4 100. 99.7 99.7 99.7 99.7 100. 100. 99.7 99.7 99.7 99.7 100. 99.3 99.4 100. 100. 100. 100. 100. 100. 100. 100. 99.3 92.3 82.3 100. 100. 100. 100. 93.2 91.0 96.1 99.7 93.2 68.2 98.5 100. 91.0 90.7 89.2 79.1 100. 100. 100. 84.9 100. 100. 66.3 66.3 100. 84.9 84.9 100. 100. 100. 100.
0. 96.0 100. 81.5 96.9 97.5 93.6 99.3 93.6 93.6 93.6 98.7 93.6 96.9 100. 99.4 99.7 96.9 93.6 99.7 100. 96.2 93.6 93.6 99.3 99.5 99.7 99.7 100. 100. 100. 100. 100. 100. 99.2 99.7 100. 99.7 99.7 100. 97.9 99.2 100. 100. 100. 100. 100. 100. 100. 100. 99.1 84.9 94.9 97.5 86.3 100. 100. 100. 100. 82.3 84.9 100. 85.3 82.6 100. 66.3 100. 100. 100. 100. 100. 100. 84.9 100. 100. 100. 66.3 84.9 84.9 84.9 84.9 97.7 86.5 100.
0. 92.4 96.9 100. 93.6 93.6 100. 93.6 93.6 93.6 98.9 96.1 93.6 97.7 96.9 99.9 99.1 96.9 93.6 99.7 99.7 99.5 94.4 100. 100. 99.7 100. 99.7 99.7 99.7 100. 94.4 94.4 99.1 99.7 100. 100. 99.7 99.7 100. 100. 100. 100. 100. 100. 100. 94.4 100. 100. 94.1 100. 100. 100. 95.3 96.1 100. 100. 100. 100. 100. 100. 100. 100. 84.9 84.9 84.9 84.9 84.9 84.9 84.9 96.9 86.5 100. 66.3 66.3 84.9 100. 100. 100. 100. 100. 97.7 100. 100.
100. 99.1 98.9 93.6 99.0 96.9 93.6 96.9 93.6 100. 94.9 95.8 100. 93.6 99.1 99.7 99.1 93.6 100. 100. 100. 100. 100. 99.7 99.7 100. 99.7 100. 99.7 100. 100. 94.4 99.7 100. 100. 100. 94.4 100. 100. 100. 99.6 99.6 94.4 100. 100. 100. 100. 96.9 100. 100. 100. 100. 100. 89.3 85.3 100. 100. 84.9 84.9 84.9 86.8 100. 100. 100. 100. 84.9 84.9 84.9 100. 100. 86.5 86.5 100. 86.5 84.9 86.5 86.5 84.9 84.9 84.9 100. 96.9 96.9 84.9
93.6 96.2 100. 93.6 99.4 99.3 100. 96.9 93.6 94.4 99.7 97.5 100. 99.7 100. 99.7 99.1 98.7 99.7 100. 100. 100. 99.7 100. 99.7 99.7 100. 99.7 100. 100. 100. 94.4 99.7 100. 94.4 99.6 96.2 100. 100. 99.4 94.4 93.6 93.6 100. 100. 100. 100. 93.6 100. 100. 86.5 84.9 84.9 100. 100. 84.9 84.9 86.8 96.9 97.7 96.9 100. 100. 100. 100. 66.3 100. 100. 100. 100. 100. 100. 96.9 86.5 86.5 96.9 86.5 84.9 84.9 84.9 84.9 86.5 100. 100.
93.6 100. 96.9 99.7 98.2 100. 99.1 97.9 96.2 94.4 99.7 99.7 99.7 100. 99.7 99.7 99.1 99.4 99.3 100. 99.6 93.6 99.9 100. 99.3 99.7 99.7 100. 99.7 99.2 99.7 100. 100. 99.0 100. 100. 94.4 94.4 94.4 94.4 97.0 98.1 94.7 84.0 84.0 100. 100. 100. 100. 100. 86.5 100. 100. 66.3 84.9 100. 84.9 97.7 96.9 96.9 96.9 100. 100. 100. 100. 100. 100. 100. 84.9 100. 96.9 86.6 100. 97.7 86.5 86.6 96.9 84.9 84.9 84.9 96.9 96.9 100. 100.
93.6 99.8 93.6 98.9 95.9 96.4 100. 99.8 99.3 100. 100. 99.7 99.7 100. 100. 99.7 100. 99.7 99.0 93.6 99.7 100. 93.6 97.8 93.6 100. 99.1 99.7 100. 100. 100. 100. 100. 99.7 99.7 94.4 99.2 100. 94.4 93.6 88.6 88.6 89.1 86.3 99.3 97.9 86.5 86.5 84.9 86.5 100. 100. 66.3 66.3 100. 100. 100. 100. 96.9 96.9 96.9 100. 100. 84.9 100. 100. 100. 100. 66.3 100. 96.9 96.9 100. 97.7 96.9 86.6 96.9 86.5 84.9 86.8 86.5 86.5 86.8 84.9
93.6 99.1 97.4 99.0 99.1 97.6 97.1 99.7 99.9 99.7 100. 100. 100. 99.7 100. 100. 99.7 100. 100. 99.5 99.7 100. 100. 99.7 100. 99.7 100. 100. 100. 100. 99.7 99.7 100. 100. 100. 100. 99.7 100. 97.9 90.2 96.2 93.6 93.6 86.5 86.5 100. 86.5 86.5 86.5 100. 66.3 100. 100. 100. 100. 86.6 100. 86.6 86.6 86.5 96.9 100. 100. 100. 100. 84.9 84.9 100. 100. 100. 100. 100. 100. 100. 86.6 96.9 97.7 100. 100. 100. 100. 86.5 100. 84.9
93.6 99.7 99.7 99.7 99.7 99.7 100. 99.7 100. 100. 100. 94.4 99.7 94.4 100. 99.7 99.7 99.7 99.4 99.7 99.7 100. 99.8 99.7 99.8 100. 100. 99.7 100. 100. 100. 100. 100. 100. 99.7 100. 99.9 95.5 91.0 86.5 86.5 86.5 100. 86.5 86.5 86.5 86.5 86.5 86.5 40.7 66.3 100. 100. 86.5 96.9 86.6 86.5 86.5 86.5 86.6 84.9 84.9 84.9 84.9 100. 84.9 84.9 84.9 84.9 84.9 84.9 84.9 84.9 100. 100. 100. 100. 100. 100. 100. 100. 100. 96.9 100.
93.6 100. 100. 100. 99.7 99.7 99.3 99.7 99.2 99.2 100. 99.2 99.7 100. 100. 100. 99.7 99.7 99.5 100. 100. 100. 99.3 99.7 99.2 93.6 99.7 99.7 99.7 100. 100. 100. 100. 99.7 100. 99.6 96.4 86.5 86.5 86.5 86.5 86.5 86.5 86.5 86.5 86.5 86.5 100. 100. 66.3 66.3 100. 86.5 96.9 97.7 97.5 86.6 86.5 86.6 86.5 86.5 84.9 84.9 84.9 100. 84.9 84.9 84.9 84.9 84.9 84.9 84.9 84.9 100. 100. 100. 100. 100. 100. 100. 100. 100. 100. 100.
94.4 100. 99.7 99.2 99.7 99.7 100. 99.7 99.7 99.7 99.7 100. 99.7 100. 100. 100. 100. 100. 99.7 99.3 100. 100. 99.7 99.7 99.7 100. 100. 99.7 100. 100. 99.7 100. 100. 100. 99.6 93.5 86.5 84.9 86.5 86.5 86.5 86.5 84.9 86.5 86.6 96.9 100. 100. 86.5 100. 66.3 100. 86.6 86.6 96.9 97.7 97.7 97.4 96.9 97.7 96.9 84.9 84.9 84.9 84.9 84.9 84.9 84.9 84.9 84.9 84.9 84.9 84.9 100. 100. 100. 100. 100. 100. 100. 100. 100. 100. 96.9
99.7 100. 99.7 99.7 99.7 100. 100. 100. 100. 100. 100. 100. 100. 100. 100. 100. 93.6 96.9 99.9 99.4 100. 100. 100. 99.7 99.7 99.7 100. 100. 99.7 100. 100. 93.4 93.2 100. 100. 100. 86.5 86.5 86.5 86.5 86.6 86.6 96.9 86.5 100. 100. 100. 86.5 86.5 86.5 86.6 86.6 86.5 97.7 97.5 97.7 97.7 96.9 97.7 97.6 96.9 100. 84.9 84.9 84.9 84.9 84.9 100. 84.9 84.9 84.9 100. 84.9 84.9 100. 100. 98.2 100. 66.3 100. 100. 100. 100. 100.
100. 100. 100. 100. 100. 100. 100. 99.7 99.7 99.7 99.6 99.7 100. 100. 100. 100. 90.2 100. 94.2 100. 100. 98.8 93.6 99.7 99.7 99.7 99.7 100. 100. 93.4 98.1 96.9 86.5 86.5 86.5 100. 86.5 86.5 86.5 86.5 96.9 86.5 100. 100. 100. 100. 100. 100. 86.5 86.6 86.6 96.9 97.7 96.9 97.7 97.7 97.7 97.7 100. 100. 96.9 86.5 86.5 86.5 86.5 84.9 84.9 84.9 84.9 100. 100. 86.5 84.9 100. 100. 100. 100. 100. 99.5 100. 93.6 63.4 100. 95.0
99.7 99.7 99.7 99.7 99.6 99.7 99.7 99.7 99.7 99.7 99.9 99.7 100. 99.7 100. 100. 89.1 93.2 93.2 100. 91.7 99.4 99.8 99.7 99.7 99.7 99.7 93.2 89.1 98.2 96.9 96.9 86.5 100. 86.5 86.5 86.5 86.5 86.5 86.5 86.5 100. 100. 100. 84.9 84.9 100. 84.9 96.9 100. 96.9 96.9 86.5 97.7 96.9 97.7 97.7 97.6 100. 100. 96.9 100. 84.9 84.9 84.9 84.9 84.9 84.9 100. 100. 97.7 96.9 100. 99.7 100. 94.2 84.9 84.9 84.9 84.9 84.9 100. 91.5 90.8
100. 100. 99.7 100. 99.9 100. 100. 100. 99.7 99.7 99.7 99.7 99.7 99.7 94.4 93.2 86.5 84.9 84.9 100. 100. 99.4 100. 99.7 99.7 99.7 99.7 91.0 100. 86.5 86.5 86.5 86.5 100. 86.5 100. 86.5 86.5 86.5 100. 100. 100. 100. 84.9 74.1 84.9 100. 100. 100. 97.7 96.9 86.5 86.5 86.5 96.9 96.9 96.9 96.9 96.9 100. 100. 97.7 86.5 86.5 100. 100. 100. 100. 96.9 83.9 98.8 97.9 100. 100. 100. 84.9 84.9 84.9 84.9 84.9 84.9 77.1 70.0 84.9
100. 100. 100. 99.7 99.7 99.7 99.7 99.7 99.7 99.7 99.7 100. 100. 100. 89.1 86.5 86.5 84.9 100. 100. 98.6 94.7 96.9 99.7 99.7 99.7 100. 91.0 100. 86.5 86.5 86.5 86.5 100. 100. 100. 100. 100. 100. 84.9 84.9 84.9 84.9 84.9 84.9 86.8 100. 100. 97.7 97.7 96.9 86.5 86.5 86.5 86.5 86.5 86.5 84.9 74.1 84.9 100. 84.9 86.8 84.9 100. 96.9 86.5 100. 84.9 84.9 84.9 84.9 100. 84.9 84.9 100. 100. 100. 81.3 84.9 84.9 84.9 84.9 84.9
100. 100. 100. 100. 100. 100. 100. 100. 100. 100. 100. 100. 94.1 93.2 100. 86.5 100. 100. 100. 100. 100. 99.7 93.6 100. 100. 100. 100. 91.0 84.9 84.9 84.9 84.9 100. 100. 100. 100. 100. 84.9 100. 84.9 100. 100. 84.9 84.9 100. 97.7 96.9 96.9 100. 100. 100. 100. 96.9 84.9 100. 96.9 84.9 100. 100. 100. 84.9 84.9 84.9 84.9 100. 100. 86.5 96.9 86.5 100. 84.9 84.9 84.9 84.9 100. 84.9 98.1 100. 100. 84.9 84.9 84.9 83.7 83.7
96.9 96.9 86.5 84.9 84.9 84.9 84.9 84.9 84.9 84.9 84.9 84.9 84.9 99.9 100. 99.7 99.8 100. 100. 100. 99.7 99.7 100. 100. 100. 100. 96.9 100. 100. 84.9 84.9 84.9 84.9 100. 100. 100. 66.3 100. 84.9 86.5 86.6 86.5 86.5 100. 96.9 96.9 86.5 96.9 100. 100. 100. 100. 97.7 100. 84.9 86.5 86.8 86.5 40.7 86.5 84.9 84.9 86.5 86.5 100. 100. 97.7 96.9 86.5 86.5 96.9 86.6 96.9 84.9 86.2 100. 100. 100. 100. 92.2 84.9 84.9 95.8 99.5
100. 100. 100. 86.5 86.5 84.9 84.9 84.9 84.9 84.9 84.9 84.9 84.9 100. 99.7 100. 99.8 99.7 100. 96.1 99.7 99.7 100. 96.9 96.9 96.9 100. 100. 100. 84.9 84.9 84.9 84.9 84.9 100. 100. 66.3 100. 84.9 84.9 96.9 86.5 86.5 100. 100. 96.9 96.9 97.7 100. 100. 100. 100. 96.9 96.9 100. 86.5 86.5 84.9 40.7 86.5 86.5 84.9 86.5 100. 96.9 86.5 86.5 86.5 86.5 86.6 86.5 86.5 100. 99.8 100. 100. 100. 100. 86.8 70.0 96.9 84.6 100. 70.0
86.5 84.9 84.9 84.9 86.5 100. 100. 84.9 100. 100. 100. 84.9 99.7 99.7 99.7 100. 99.8 100. 99.7 93.0 100. 93.2 96.9 96.9 100. 40.7 40.7 84.9 86.5 84.9 84.9 84.9 84.9 40.7 100. 100. 100. 84.9 84.9 96.9 96.9 86.5 96.9 100. 100. 96.9 97.7 97.4 84.9 100. 100. 100. 96.9 97.7 84.9 86.5 100. 84.9 84.9 86.5 86.5 84.9 86.5 100. 86.5 86.5 86.5 86.5 86.5 86.5 97.7 96.9 90.8 100. 82.4 98.3 100. 70.0 99.5 72.7 87.1 84.9 100. 100.
86.5 84.9 86.5 86.5 84.9 84.9 100. 100. 100. 100. 100. 100. 100. 100. 99.7 100. 100. 100. 90.1 66.3 100. 100. 100. 100. 84.9 100. 100. 86.5 86.5 84.9 84.9 84.9 84.9 86.5 86.5 86.5 86.5 86.5 96.9 97.7 97.7 96.9 86.6 100. 96.9 97.7 96.9 86.8 84.9 100. 84.9 84.9 86.8 86.5 86.6 84.9 100. 96.9 96.9 100. 100. 100. 100. 97.7 86.5 86.5 86.5 86.6 86.6 86.5 86.5 86.5 86.5 86.4 85.3 70.0 70.0 92.3 83.4 84.9 84.9 100. 84.9 99.5
86.5 86.5 84.9 84.9 84.9 100. 84.9 100. 100. 100. 100. 100. 98.2 98.2 100. 99.7 100. 99.4 99.3 90.7 66.3 100. 100. 100. 84.9 84.9 100. 86.5 86.5 86.5 86.5 86.5 86.5 86.5 86.5 86.5 86.5 86.6 96.9 96.9 86.6 86.6 86.5 100. 96.9 97.7 86.5 84.9 84.9 100. 100. 84.9 84.9 96.9 86.5 84.9 100. 97.6 97.7 86.5 96.9 100. 100. 96.9 86.5 86.6 86.6 97.7 96.9 97.7 97.7 86.6 96.9 84.9 71.8 86.4 91.6 81.5 99.5 100. 84.9 99.5 98.3 100.
86.5 86.5 86.5 86.5 84.9 100. 84.9 100. 100. 100. 84.9 100. 100. 100. 98.2 100. 100. 96.9 99.4 92.3 66.3 84.9 100. 100. 86.5 84.9 100. 86.5 86.5 84.9 84.9 84.9 84.9 84.9 84.9 86.5 86.5 86.5 97.7 97.7 86.5 84.9 84.9 84.9 86.6 96.9 86.8 84.9 74.1 84.9 100. 100. 96.9 100. 100. 100. 100. 100. 96.9 86.5 86.5 84.9 86.5 86.8 86.6 86.6 97.7 96.9 97.5 97.7 86.6 97.6 96.9 100. 84.9 81.9 64.6 67.0 86.2 56.2 83.0 100. 70.0 68.9
86.5 86.5 86.5 84.9 84.9 84.9 84.9 84.9 84.9 86.8 84.9 100. 100. 100. 84.9 93.2 100. 99.7 95.8 100. 100. 66.3 66.3 100. 84.9 84.9 100. 86.5 84.9 84.9 84.9 84.9 84.9 84.9 84.9 86.5 86.5 86.5 86.5 86.6 86.5 84.9 84.9 84.9 84.9 86.8 84.9 84.9 84.9 96.9 96.9 96.9 97.7 100. 100. 100. 96.9 100. 100. 84.9 84.9 86.5 86.5 86.8 97.7 96.9 97.7 96.9 97.7 96.9 96.9 97.7 96.9 100. 100. 100. 84.9 100. 100. 93.5 100. 100. 100. 100.
84.9 84.9 86.5 84.9 86.5 86.8 84.9 100. 100. 97.7 100. 100. 100. 100. 100. 100. 93.2 100. 94.6 99.4 100. 100. 66.3 66.3 100. 84.9 40.7 86.5 86.5 84.9 84.9 86.5 84.9 84.9 84.9 86.5 86.5 86.5 86.5 86.5 86.5 84.9 84.9 84.9 84.9 84.9 84.9 84.9 84.9 97.7 97.7 97.7 96.9 97.7 96.9 100. 86.8 100. 100. 84.9 84.9 84.9 86.5 86.5 97.7 96.9 86.6 96.9 96.9 100. 84.9 96.9 100. 96.9 96.9 84.9 84.9 86.1 97.7 86.6 86.5 100. 100. 100.
100. 86.5 84.9 84.9 97.7 100. 84.9 100. 100. 96.9 97.7 96.9 96.9 100. 100. 100. 100. 93.4 99.7 99.1 100. 100. 66.3 66.3 100. 84.9 84.9 84.9 84.9 84.9 84.9 86.5 84.9 84.9 100. 100. 84.9 86.5 86.5 84.9 86.5 84.9 84.9 84.9 84.9 84.9 84.9 86.5 86.5 97.7 97.7 100. 100. 97.7 100. 84.9 100. 100. 84.9 84.9 84.9 100. 86.5 86.5 96.9 86.5 86.5 96.9 100. 84.9 100. 100. 100. 86.5 86.5 86.5 86.5 100. 97.7 97.7 96.9 100. 100. 96.9
86.5 100. 100. 100. 96.9 100. 96.9 97.4 86.6 96.9 86.5 86.5 86.5 100. 84.9 84.9 84.9 96.9 100. 100. 99.4 93.2 66.3 66.3 100. 84.9 100. 84.9 84.9 100. 84.9 86.5 100. 84.9 100. 66.3 84.9 84.9 100. 96.9 100. 100. 84.9 86.5 84.9 100. 96.9 86.5 86.5 97.7 100. 100. 100. 100. 100. 97.7 100. 100. 100. 100. 100. 100. 96.9 100. 97.7 86.5 84.9 86.5 84.9 100. 100. 66.3 66.3 66.3 100. 100. 84.9 100. 96.9 86.5 96.9 100. 97.6 96.9
74.2 96.9 96.9 100. 100. 100. 96.9 96.9 96.9 86.5 86.5 86.6 86.5 84.9 84.9 84.9 84.9 86.5 100. 100. 100. 99.9 66.3 66.3 100. 66.3 100. 84.9 84.9 100. 84.9 86.5 100. 100. 66.3 100. 86.5 84.9 84.9 86.8 84.9 84.9 100. 100. 100. 84.9 86.5 86.6 86.5 98.5 100. 100. 100. 100. 100. 96.9 97.7 100. 84.9 100. 100. 100. 96.9 84.9 100. 96.9 100. 100. 84.9 100. 84.0 66.3 90.2 66.3 66.3 100. 100. 100. 100. 100. 84.9 84.9 84.9 96.9
84.9 84.9 84.9 86.5 86.5 84.9 84.9 84.9 84.9 86.5 96.9 86.5 86.5 84.9 84.9 84.9 84.9 86.5 86.5 100. 100. 92.3 90.2 66.3 66.3 66.3 86.5 84.9 84.9 100. 100. 100. 100. 66.3 66.3 84.9 84.9 84.9 84.9 84.9 84.9 84.9 84.9 84.9 84.9 84.9 84.9 84.9 82.1 100. 100. 96.9 97.7 97.6 96.9 97.7 96.9 84.9 84.9 86.5 84.9 100. 96.9 86.5 84.9 84.9 100. 100. 100. 84.9 100. 84.9 66.3 90.2 66.3 100. 100. 79.1 79.1 100. 100. 100. 100. 100.
84.9 84.9 84.9 86.5 86.5 84.9 84.9 84.9 84.9 84.9 84.9 84.9 84.9 100. 100. 100. 86.5 86.5 86.5 86.5 96.9 100. 100. 100. 100. 66.3 83.8 100. 100. 100. 100. 96.9 96.9 96.9 86.5 84.9 84.9 84.9 84.9 84.9 84.9 99.7 99.7 100. 99.7 99.7 81.3 85.0 100. 100. 97.5 96.9 96.9 96.9 96.9 96.9 86.5 86.5 86.5 86.5 86.5 84.9 84.9 100. 84.9 100. 100. 100. 100. 100. 84.9 84.9 100. 90.2 79.1 90.2 66.3 79.1 66.3 100. 100. 79.1 79.1 79.1
84.9 84.9 100. 86.5 86.5 84.9 84.9 84.9 84.9 84.9 84.9 84.9 100. 84.9 84.9 84.9 100. 86.5 86.5 86.5 96.9 98.2 98.2 99.3 94.7 100. 100. 100. 100. 100. 100. 100. 100. 100. 98.2 100. 86.5 84.9 81.4 100. 100. 100. 99.7 100. 100. 100. 100. 100. 100. 97.7 97.6 86.5 86.5 100. 84.9 100. 100. 86.5 86.5 84.9 84.9 100. 100. 84.9 84.9 100. 84.0 90.2 90.2 79.1 100. 83.2 84.1 66.3 66.3 66.3 90.2 66.3 66.3 86.5 97.7 100. 79.1 79.1
