share/VS_Project/swb/x64/Debug/output/future/final_pct_sm_1989.asc
NCOLS        340
NROWS        316
XLLCORNER     528502.530
YLLCORNER     274871.653
CELLSIZE        100.000
NODATA_VALUE    -9999.000
[rows 0 to 37 of 316, columns 0 to 83 of 340]
100. 100. 90.7 90.2 90.2 90.2 84.0 90.2 90.2 90.2 90.2 90.2 81.7 100. 100. 100. 100. 95.5 100. 100. 100. 100. 84.0 100. 100. 100. 84.0 90.2 90.2 100. 100. 100. 100. 100. 90.2 90.2 90.2 86.6 100. 55.9 100. 100. 100. 100. 100. 100. 84.0 90.2 90.2 90.2 84.0 100. 100. 84.0 100. 100. 81.7 85.3 84.0 100. 93.8 90.7 100. 100. 84.0 100. 99.8 0. 100. 100. 0. 85.0 100. 100. 84.9 99.3 100. 98.5 96.3 84.9 100. 100. 100. 84.9
98.5 84.0 90.2 84.0 84.0 89.7 93.6 100. 86.6 90.2 90.2 86.6 100. 100. 100. 100. 100. 100. 93.8 100. 100. 100. 100. 100. 100. 100. 90.7 90.2 100. 97.2 84.0 86.6 81.7 86.6 87.8 90.2 90.2 90.2 91.7 100. 100. 100. 100. 100. 100. 100. 100. 86.6 90.2 90.2 90.2 94.6 91.7 92.1 84.3 84.0 90.2 90.2 84.0 90.2 90.2 84.0 100. 94.4 100. 100. 93.6 100. 93.9 0. 0. 66.3 100. 84.0 97.5 100. 99.9 98.6 93.6 84.9 84.9 100. 100. 40.7
87.8 90.2 90.7 84.0 100. 87.8 90.2 91.7 100. 100. 100. 100. 100. 100. 100. 100. 100. 100. 84.0 100. 100. 84.0 84.0 84.0 84.0 100. 90.8 91.7 90.9 90.2 90.2 90.2 90.2 90.2 84.0 84.0 90.7 87.8 100. 100. 100. 100. 100. 100. 100. 100. 100. 86.6 90.2 90.2 90.2 90.2 90.2 100. 86.6 84.0 90.2 90.2 90.2 90.2 90.2 88.4 81.3 84.0 100. 100. 0. 0. 0. 0. 92.4 66.3 100. 97.2 99.9 93.6 96.9 93.6 94.4 84.9 84.9 100. 66.3 100.
84.0 90.2 90.2 90.2 84.0 84.0 90.2 90.2 92.4 100. 100. 100. 100. 100. 100. 100. 100. 100. 100. 100. 100. 84.0 100. 100. 100. 86.6 90.2 90.2 90.2 90.2 90.2 90.2 90.2 90.2 90.2 90.2 90.2 90.2 100. 100. 100. 100. 100. 100. 84.0 84.0 100. 93.9 90.2 90.2 90.2 90.2 90.2 85.6 84.0 90.2 90.2 90.2 90.2 90.2 90.2 90.2 84.0 99.4 94.7 93.6 0. 0. 0. 0. 90.2 100. 92.3 99.9 96.3 100. 97.4 98.9 83.6 100. 66.3 100. 66.3 66.3
100. 90.2 90.2 90.2 90.7 90.2 90.2 90.2 90.2 90.8 91.0 100. 100. 100. 87.8 100. 100. 100. 100. 100. 100. 100. 93.8 98.3 84.0 84.0 90.2 90.2 90.2 90.2 90.2 90.2 90.2 83.9 100. 84.0 100. 90.2 100. 100. 100. 100. 100. 86.6 90.2 90.2 86.6 100. 100. 90.2 90.2 90.2 90.2 90.2 86.6 90.2 90.2 90.2 90.2 90.2 90.2 90.2 100. 99.4 100. 0. 0. 84.0 0. 100. 66.3 66.3 98.8 100. 99.9 100. 100. 100. 100. 40.7 40.7 40.7 100. 66.3
100. 100. 100. 100. 90.2 90.2 90.2 90.2 90.2 90.2 90.2 90.2 90.2 90.2 84.0 84.0 100. 100. 100. 100. 100. 100. 100. 84.0 84.0 100. 84.0 84.0 83.0 90.2 90.2 90.2 83.9 100. 100. 90.2 97.2 100. 90.2 86.6 100. 100. 90.2 83.9 100. 100. 93.8 100. 78.7 84.0 84.0 100. 100. 90.2 90.2 90.2 90.2 90.2 90.2 90.2 90.2 87.0 90.2 100. 0. 0. 0. 0. 0. 100. 66.3 90.7 89.5 96.9 99.7 100. 99.9 91.0 84.9 40.7 40.7 40.7 40.7 100.
100. 86.7 89.2 97.2 92.7 90.2 90.2 90.2 90.2 90.2 90.2 90.2 84.0 84.0 90.7 84.0 83.9 100. 100. 100. 100. 100. 100. 100. 100. 100. 100. 100. 92.0 84.0 83.9 90.2 90.2 86.6 100. 90.2 84.0 100. 84.0 84.0 100. 100. 100. 100. 100. 100. 100. 85.3 86.6 90.2 84.0 100. 100. 90.2 90.2 90.2 90.2 90.2 90.2 90.2 90.2 90.7 90.2 99.9 0. 0. 0. 0. 100. 68.2 100. 84.0 93.6 100. 93.6 100. 94.4 96.4 84.9 40.7 40.7 100. 100. 100.
84.0 90.2 90.2 90.2 90.2 90.2 90.2 90.2 90.2 90.2 90.2 90.2 78.7 100. 84.0 90.2 90.2 84.0 100. 100. 100. 90.3 100. 87.4 85.9 86.6 86.6 84.0 86.6 87.5 84.0 90.2 90.2 84.0 100. 84.0 84.0 100. 100. 84.0 100. 100. 83.9 100. 84.0 100. 97.3 87.8 84.0 90.2 100. 100. 90.2 90.2 90.2 90.2 90.2 90.2 90.2 90.2 90.2 89.1 100. 0. 0. 0. 0. 99.7 100. 100. 84.0 93.6 93.6 93.6 93.6 100. 100. 100. 84.9 84.9 40.7 100. 100. 100.
85.2 90.2 90.2 90.2 90.2 90.2 90.2 90.2 84.0 83.9 90.2 90.2 86.6 100. 100. 100. 100. 100. 100. 100. 100. 100. 86.6 84.0 90.2 90.2 90.2 90.2 90.2 90.2 90.2 83.9 100. 100. 100. 100. 100. 100. 100. 84.0 100. 100. 87.8 84.0 84.0 87.8 100. 86.6 90.2 84.0 100. 100. 90.2 84.0 83.9 90.2 90.2 90.2 90.2 90.2 90.2 100. 0. 0. 0. 0. 99.7 100. 90.7 90.2 93.6 93.6 99.3 99.3 94.4 100. 94.4 99.8 100. 100. 100. 84.9 84.9 100.
84.0 91.4 90.2 90.2 90.2 90.2 90.2 84.0 100. 86.6 90.2 90.2 83.9 100. 100. 100. 100. 100. 100. 100. 100. 88.4 90.2 90.2 90.2 90.2 90.2 90.2 90.2 90.2 90.2 83.9 85.4 97.6 87.8 100. 100. 100. 100. 100. 100. 100. 100. 100. 100. 84.0 100. 100. 84.0 84.0 100. 100. 87.4 100. 88.0 90.2 90.2 86.6 100. 90.2 95.0 0. 0. 0. 0. 0. 0. 90.2 90.2 84.0 93.6 89.9 94.6 99.7 100. 99.7 99.7 98.2 100. 100. 40.7 100. 100. 100.
100. 90.2 100. 90.2 90.7 90.2 90.2 100. 81.7 90.2 90.2 90.2 90.2 100. 100. 100. 100. 100. 100. 100. 81.7 90.2 90.2 90.2 90.2 90.2 90.2 90.1 90.2 90.2 90.2 90.2 90.2 90.2 84.0 84.0 100. 100. 100. 100. 100. 100. 100. 100. 55.9 84.0 100. 100. 100. 100. 100. 89.1 87.8 84.0 90.2 90.2 100. 100. 90.2 100. 0. 0. 0. 0. 0. 0. 90.2 90.2 90.2 93.6 90.2 88.6 99.1 99.3 99.9 100. 100. 100. 100. 63.1 100. 100. 98.2 98.2
84.0 90.2 84.0 84.0 90.2 90.2 90.2 100. 90.2 90.2 90.2 90.2 90.2 100. 100. 100. 100. 100. 100. 100. 86.6 90.2 90.2 90.2 90.2 90.2 100. 100. 90.2 90.2 90.2 90.2 90.2 90.2 90.2 90.2 84.0 84.0 100. 100. 100. 100. 100. 100. 87.1 87.8 100. 96.8 98.0 100. 92.5 100. 100. 84.0 90.2 90.2 100. 100. 100. 0. 0. 0. 0. 0. 90.2 99.3 95.0 90.2 90.2 90.2 97.9 100. 99.7 100. 100. 100. 95.0 100. 100. 96.9 100. 99.9 96.7 99.7
84.0 90.7 90.7 90.2 90.2 90.2 90.2 100. 84.0 100. 84.0 89.4 84.0 84.0 100. 100. 100. 100. 100. 100. 100. 84.0 90.2 90.2 100. 100. 100. 90.2 90.2 90.2 83.9 86.6 90.2 83.9 83.9 90.2 90.2 100. 100. 100. 100. 100. 94.6 100. 84.0 99.9 84.0 93.6 100. 100. 100. 100. 100. 84.0 100. 90.2 90.2 100. 0. 0. 0. 0. 0. 0. 100. 93.6 95.0 90.2 95.0 93.6 99.9 100. 99.7 100. 84.9 84.5 97.1 100. 100. 100. 99.3 97.3 100. 97.6
100. 85.6 90.2 90.2 90.2 90.2 90.7 100. 100. 94.6 90.2 91.0 100. 90.2 86.6 100. 100. 100. 100. 91.0 78.7 84.0 90.2 100. 100. 100. 100. 90.2 90.2 90.2 90.2 100. 100. 100. 90.2 90.2 90.2 86.6 84.0 84.0 84.0 84.0 100. 100. 91.9 84.0 91.8 91.6 100. 84.0 84.0 100. 84.0 94.6 93.1 90.2 99.1 99.4 0. 0. 0. 0. 0. 88.6 93.6 98.9 100. 100. 100. 99.4 99.4 99.3 100. 96.9 100. 100. 100. 100. 100. 100. 97.9 96.8 100. 95.9
100. 100. 90.2 90.2 90.2 90.2 90.2 87.8 100. 100. 100. 100. 84.0 84.0 84.0 84.0 100. 100. 100. 90.2 90.2 90.2 100. 100. 100. 81.7 90.2 90.2 100. 100. 90.2 90.2 93.0 100. 85.9 90.2 90.2 90.2 90.2 90.2 90.2 84.0 100. 100. 100. 100. 84.0 87.1 55.9 84.0 100. 100. 99.4 93.6 93.6 92.7 100. 100. 0. 0. 0. 0. 93.6 93.6 93.6 93.6 93.6 100. 98.4 99.7 99.7 99.7 100. 100. 100. 100. 100. 100. 100. 100. 100. 99.1 100. 100.
100. 100. 100. 83.9 90.2 90.2 84.0 90.2 100. 100. 100. 83.9 90.2 84.0 100. 100. 100. 100. 100. 84.0 84.0 78.7 100. 100. 100. 87.8 84.0 84.0 100. 100. 90.2 90.2 86.6 100. 90.2 90.2 90.2 90.2 90.2 100. 55.9 100. 100. 100. 100. 100. 100. 100. 55.9 84.0 100. 100. 99.7 100. 88.6 99.4 100. 93.9 0. 0. 0. 96.9 98.6 100. 98.9 100. 99.4 99.9 94.9 99.7 99.7 100. 98.2 100. 100. 100. 100. 100. 100. 84.9 100. 96.9 96.7 82.9
100. 100. 100. 100. 86.6 90.2 90.2 90.2 86.6 100. 100. 90.2 90.2 90.2 90.2 100. 100. 100. 100. 84.0 100. 100. 100. 100. 86.6 84.0 84.0 87.8 100. 100. 90.2 90.2 90.2 100. 90.2 90.2 90.2 84.0 100. 100. 100. 100. 100. 100. 100. 93.8 84.0 100. 100. 100. 100. 99.8 93.6 93.6 98.9 100. 0. 100. 0. 0. 0. 88.7 93.6 99.3 97.5 100. 95.8 99.7 99.7 100. 93.2 100. 100. 100. 100. 100. 100. 100. 100. 84.9 100. 100. 96.9 84.0
100. 100. 100. 100. 100. 84.0 90.2 100. 100. 100. 81.7 90.2 90.2 90.2 90.2 100. 100. 100. 100. 100. 100. 100. 100. 100. 90.2 90.2 90.2 90.2 100. 100. 90.2 100. 100. 100. 100. 84.0 100. 100. 100. 100. 100. 100. 100. 100. 100. 100. 100. 100. 100. 100. 100. 93.6 100. 96.9 88.5 100. 100. 100. 0. 93.6 96.6 93.6 99.3 93.6 99.2 99.7 99.8 100. 0. 100. 100. 84.9 100. 100. 100. 100. 96.9 100. 100. 100. 100. 100. 96.8 79.4
100. 100. 100. 100. 100. 84.0 100. 100. 100. 100. 88.3 90.2 90.2 90.2 90.2 81.7 100. 100. 84.0 100. 100. 100. 100. 100. 90.2 90.2 90.2 90.2 100. 100. 100. 100. 100. 100. 100. 100. 100. 100. 100. 100. 100. 100. 100. 100. 100. 100. 100. 100. 99.8 100. 100. 100. 96.9 90.4 99.3 100. 0. 0. 0. 88.6 93.6 96.9 93.6 93.6 99.7 100. 99.9 94.7 100. 100. 100. 84.9 100. 100. 100. 100. 100. 100. 100. 84.9 100. 96.9 96.7 93.8
100. 100. 98.2 100. 100. 100. 100. 100. 100. 100. 90.2 90.2 90.2 90.2 90.2 86.6 85.3 100. 100. 100. 100. 84.0 84.0 90.2 90.2 90.2 100. 100. 100. 100. 100. 100. 93.9 100. 100. 100. 100. 100. 100. 100. 100. 100. 100. 100. 100. 100. 92.2 93.6 100. 93.6 93.6 93.6 100. 99.3 99.7 0. 0. 0. 100. 93.6 93.6 93.6 93.6 96.9 99.7 100. 99.7 100. 100. 100. 100. 100. 100. 93.6 94.1 98.2 96.9 100. 84.9 84.9 100. 100. 97.6 100.
84.0 100. 100. 100. 100. 100. 100. 85.3 86.6 82.3 86.6 90.2 90.2 90.2 83.9 100. 100. 100. 100. 100. 84.0 100. 90.2 90.2 100. 100. 100. 100. 100. 100. 100. 100. 100. 100. 100. 100. 100. 93.9 100. 100. 100. 100. 100. 100. 100. 90.2 92.4 99.3 95.6 100. 93.6 96.9 100. 99.2 0. 0. 0. 0. 93.6 96.9 93.6 96.9 96.9 99.9 99.7 100. 99.7 100. 100. 100. 97.3 100. 100. 99.9 100. 98.2 100. 100. 84.9 100. 100. 86.8 93.2 89.1
87.8 84.0 78.7 100. 100. 100. 100. 84.0 90.2 90.2 90.7 90.2 90.2 90.2 90.2 88.3 100. 100. 100. 100. 100. 100. 100. 100. 100. 100. 100. 100. 100. 100. 100. 100. 100. 100. 100. 100. 100. 100. 100. 93.9 100. 100. 100. 100. 100. 95.0 93.6 93.6 96.9 93.6 100. 96.9 91.3 0. 0. 0. 0. 93.6 96.9 93.6 96.9 100. 99.9 99.3 99.7 99.8 99.7 94.2 95.1 99.7 100. 100. 99.7 100. 100. 94.4 100. 84.9 93.2 98.2 100. 99.7 99.7 99.7
84.0 90.2 90.2 88.4 100. 100. 100. 86.6 90.2 90.2 90.2 90.2 90.2 90.2 90.2 90.2 100. 100. 100. 100. 100. 100. 100. 100. 100. 100. 100. 100. 100. 100. 100. 100. 100. 100. 100. 100. 100. 100. 100. 100. 100. 100. 100. 100. 100. 100. 93.6 93.6 96.9 99.1 88.6 98.4 0. 0. 0. 0. 93.6 93.6 100. 96.9 100. 99.8 99.8 100. 99.7 99.7 99.7 96.0 100. 93.6 100. 99.8 99.7 100. 99.8 100. 98.2 100. 99.7 99.8 100. 100. 99.7 96.1
84.0 90.2 90.2 100. 100. 100. 100. 100. 84.0 90.2 90.2 90.2 90.2 90.2 90.2 100. 100. 100. 100. 100. 100. 100. 100. 100. 97.5 91.7 100. 100. 100. 100. 100. 100. 100. 100. 100. 100. 100. 100. 100. 84.0 99.3 93.6 96.9 100. 0. 100. 100. 93.6 93.6 93.6 99.4 0. 0. 0. 0. 93.6 93.6 93.6 98.5 100. 97.5 99.8 99.7 100. 100. 100. 100. 99.9 100. 100. 100. 100. 100. 99.8 99.7 100. 100. 100. 100. 100. 100. 100. 100. 100.
87.8 84.0 84.0 100. 100. 100. 100. 100. 100. 86.6 86.6 84.0 90.2 90.2 84.0 100. 100. 100. 100. 100. 100. 100. 100. 100. 100. 100. 100. 100. 100. 93.9 100. 100. 100. 100. 100. 100. 100. 100. 94.9 94.7 93.6 100. 93.6 96.9 99.9 100. 100. 100. 93.6 96.9 0. 0. 0. 0. 0. 93.6 96.9 99.3 98.6 99.3 99.4 100. 100. 99.4 100. 100. 99.4 100. 100. 99.8 100. 100. 99.2 99.7 100. 100. 100. 100. 99.7 99.6 100. 100. 100. 100.
100. 100. 100. 100. 100. 100. 100. 100. 100. 100. 85.3 87.8 85.9 82.3 100. 100. 93.9 100. 100. 100. 100. 100. 100. 100. 100. 100. 100. 100. 100. 99.8 100. 100. 100. 100. 100. 100. 100. 100. 99.9 98.1 99.6 94.4 100. 93.6 93.6 93.6 96.9 93.6 100. 96.9 0. 0. 0. 0. 90.2 93.6 98.6 98.9 100. 96.2 100. 99.7 100. 99.7 99.7 99.7 99.7 99.7 99.7 99.7 100. 99.7 98.6 100. 100. 97.9 100. 99.7 99.1 100. 100. 100. 100. 100.
100. 100. 100. 100. 92.1 100. 100. 100. 100. 100. 100. 100. 100. 100. 100. 100. 100. 100. 100. 100. 100. 100. 100. 84.0 83.7 100. 100. 100. 100. 100. 84.0 84.0 100. 100. 100. 100. 100. 100. 100. 98.1 100. 96.2 100. 96.9 93.6 94.4 96.2 98.9 96.9 100. 0. 0. 0. 0. 88.7 100. 99.3 93.6 96.9 98.5 97.6 100. 94.4 100. 99.7 99.7 100. 99.7 99.7 99.7 99.7 100. 99.7 99.4 100. 98.3 99.7 99.7 100. 99.0 99.7 100. 100. 86.5
100. 88.7 86.6 86.6 90.2 100. 100. 100. 100. 100. 94.3 100. 100. 100. 100. 100. 100. 100. 100. 100. 100. 100. 100. 100. 55.9 100. 100. 100. 100. 84.0 87.8 99.4 100. 100. 84.0 93.6 100. 100. 100. 100. 99.7 97.9 99.1 100. 96.9 93.6 93.6 93.6 0. 0. 0. 0. 0. 88.6 93.6 93.6 93.6 96.9 93.6 93.6 100. 100. 99.1 100. 99.4 99.4 100. 100. 100. 99.4 100. 100. 100. 99.7 99.7 99.7 99.7 99.7 99.7 100. 100. 100. 86.5 84.9
87.8 86.4 90.2 90.2 90.2 86.6 100. 100. 100. 100. 91.0 92.4 98.0 100. 100. 100. 100. 100. 100. 100. 100. 100. 100. 100. 55.9 100. 100. 100. 100. 100. 99.4 99.7 100. 100. 94.7 96.9 93.6 100. 100. 100. 100. 100. 99.7 97.5 100. 93.6 96.9 96.9 0. 0. 0. 0. 95.8 88.7 96.9 96.9 93.6 93.6 100. 100. 99.9 97.3 99.5 100. 84.0 86.9 100. 100. 100. 100. 100. 100. 100. 100. 100. 100. 100. 100. 99.9 100. 96.7 86.5 86.6 96.9
84.0 90.7 90.2 90.2 90.2 100. 100. 100. 100. 100. 100. 100. 100. 100. 100. 100. 100. 100. 100. 100. 100. 100. 93.8 100. 100. 99.8 100. 100. 100. 100. 100. 99.3 100. 93.6 93.6 99.1 93.6 93.6 100. 100. 100. 97.0 93.6 99.1 97.5 93.6 96.9 0. 0. 0. 0. 100. 96.9 93.6 100. 99.9 99.0 98.1 96.9 93.6 93.6 91.0 100. 100. 100. 100. 100. 100. 100. 100. 100. 100. 100. 100. 100. 100. 100. 100. 100. 100. 100. 86.5 86.5 86.5
84.0 90.2 90.2 90.2 90.2 89.0 100. 100. 100. 100. 100. 100. 100. 100. 100. 100. 100. 89.6 100. 100. 100. 100. 90.7 100. 100. 93.6 100. 100. 93.6 100. 0. 100. 0. 0. 100. 93.6 93.6 93.6 96.9 100. 96.9 100. 93.6 93.6 98.8 93.6 0. 0. 0. 0. 0. 100. 100. 99.3 100. 100. 100. 99.3 96.5 94.3 91.0 100. 100. 100. 100. 91.2 100. 100. 100. 100. 100. 100. 100. 100. 100. 100. 100. 100. 100. 100. 86.5 86.5 86.6 96.9
100. 90.2 90.2 90.2 100. 100. 100. 100. 100. 100. 100. 100. 100. 100. 100. 100. 100. 100. 100. 100. 100. 100. 100. 93.6 100. 100. 100. 100. 96.9 100. 100. 96.9 93.6 99.4 96.9 0. 93.6 93.6 93.6 96.9 100. 93.6 100. 96.9 96.9 0. 0. 0. 0. 0. 100. 100. 99.3 96.9 96.9 93.6 100. 96.9 96.9 93.6 100. 100. 100. 100. 100. 100. 100. 100. 100. 100. 100. 100. 100. 100. 100. 100. 100. 100. 100. 100. 84.2 86.5 96.1 100.
100. 90.0 84.0 100. 100. 100. 93.6 100. 100. 100. 93.5 90.7 100. 100. 100. 100. 84.0 100. 100. 100. 100. 100. 100. 96.9 100. 100. 93.6 99.4 100. 100. 93.6 93.6 93.6 100. 100. 93.6 93.6 93.6 99.3 93.6 93.6 100. 96.9 0. 0. 0. 0. 0. 0. 100. 100. 99.1 96.9 100. 93.6 98.7 98.9 93.6 93.6 89.4 99.3 100. 100. 100. 100. 100. 100. 100. 100. 100. 100. 100. 100. 100. 100. 100. 100. 100. 97.7 97.2 100. 100. 100. 100.
100. 73.6 99.4 100. 100. 100. 100. 93.6 100. 100. 100. 100. 84.0 90.2 100. 100. 94.7 100. 90.2 100. 100. 100. 93.6 100. 0. 100. 96.9 93.6 100. 96.9 93.6 96.9 96.9 99.4 94.9 99.3 93.6 93.6 93.6 90.1 90.2 96.9 100. 0. 0. 0. 0. 0. 0. 98.9 94.7 96.9 100. 93.6 98.6 100. 96.9 100. 99.1 94.0 100. 91.5 100. 100. 100. 100. 100. 100. 100. 100. 100. 100. 100. 100. 100. 100. 84.9 86.6 96.9 100. 100. 100. 100. 100.
100. 99.4 99.7 100. 99.8 100. 100. 100. 93.6 100. 93.8 100. 78.7 90.2 100. 100. 98.1 95.6 95.0 100. 100. 93.6 100. 98.9 93.6 100. 96.9 100. 93.6 93.6 93.6 100. 100. 100. 93.6 98.9 93.6 93.6 96.9 96.9 97.2 0. 0. 0. 0. 0. 0. 99.7 100. 92.1 97.5 84.0 93.6 100. 98.9 99.4 93.6 93.6 99.5 91.5 100. 100. 100. 100. 100. 100. 100. 100. 100. 100. 100. 100. 100. 100. 100. 100. 100. 96.9 86.6 100. 100. 100. 100. 100.
100. 99.7 100. 99.7 100. 99.7 99.7 100. 90.2 100. 0. 0. 0. 0. 0. 98.1 99.0 93.6 93.6 93.6 100. 81.5 100. 100. 96.9 93.6 100. 100. 100. 96.9 93.6 97.5 97.5 98.9 93.6 93.6 100. 93.6 96.6 0. 0. 0. 0. 93.6 100. 99.9 96.4 90.2 90.2 96.7 90.2 99.7 99.4 93.6 96.9 93.6 99.1 98.1 100. 100. 91.8 100. 100. 100. 100. 100. 100. 100. 100. 100. 100. 100. 84.9 100. 100. 84.9 100. 100. 100. 100. 100. 93.6 97.3 100.
100. 93.6 100. 99.4 100. 93.6 100. 91.0 0. 0. 0. 93.6 93.6 0. 0. 0. 0. 0. 0. 0. 100. 100. 99.5 99.8 93.9 100. 100. 100. 99.4 90.4 90.1 88.9 100. 100. 0. 0. 0. 0. 0. 0. 0. 100. 100. 100. 100. 100. 89.6 66.3 91.0 94.7 99.3 89.6 96.9 98.9 93.6 93.6 93.6 93.0 86.5 93.1 100. 85.7 86.6 84.4 100. 100. 100. 100. 100. 100. 100. 100. 100. 100. 100. 100. 100. 100. 100. 100. 100. 100. 100. 100.
100. 100. 100. 93.6 100. 90.5 93.6 0. 0. 0. 100. 0. 0. 0. 0. 0. 0. 0. 0. 0. 100. 0. 98.1 94.7 84.0 84.0 100. 0. 0. 100. 99.7 99.8 100. 0. 0. 0. 0. 0. 0. 0. 0. 100. 100. 0. 99.7 90.7 88.1 100. 100. 93.6 93.6 100. 100. 93.6 99.4 97.7 100. 86.4 91.4 91.0 81.2 89.2 90.2 90.7 82.8 85.6 100. 100. 100. 84.9 100. 86.5 86.5 100. 100. 100. 91.7 99.8 96.1 91.9 100. 100. 100. 100.
