share/VS_Project/swb/x64/Debug/output/future/final_pct_sm_1989.asc
NCOLS        340
NROWS        316
XLLCORNER     528502.530
YLLCORNER     274871.653
CELLSIZE        100.000
NODATA_VALUE    -9999.000
[rows 0 to 37 of 316, columns 84 to 167 of 340]
84.9 100. 84.9 84.9 84.9 84.9 84.9 71.6 88.4 74.1 74.1 84.9 84.9 100. 100. 100. 100. 100. 100. 100. 100. 100. 100. 100. 100. 100. 100. 100. 100. 100. 100. 100. 100. 100. 99.7 99.9 100. 100. 100. 100. 99.7 99.6 100. 99.4 100. 66.3 90.2 90.2 90.2 90.2 90.2 66.3 90.2 90.2 79.1 100. 84.0 83.0 84.0 100. 90.7 90.2 66.3 100. 79.1 79.1 100. 100. 98.8 97.5 97.5 97.5 96.6 83.9 100. 100. 100. 100. 100. 96.9 97.3 96.9 97.7 99.1
84.9 84.9 74.1 84.9 84.9 84.9 84.9 88.4 100. 100. 88.4 84.9 84.9 100. 100. 100. 100. 100. 100. 93.5 75.7 75.1 100. 100. 100. 100. 100. 100. 100. 98.2 97.7 97.7 100. 100. 100. 100. 100. 100. 95.8 96.9 90.2 100. 100. 89.2 100. 90.2 90.2 90.2 90.2 90.2 90.2 91.1 67.3 90.7 84.0 77.0 84.0 90.8 84.0 100. 84.0 84.0 90.7 66.3 79.1 100. 100. 100. 100. 100. 100. 96.8 96.9 90.2 100. 100. 100. 100. 100. 100. 97.7 97.7 96.9 100.
40.7 84.9 84.9 84.9 86.8 100. 100. 100. 100. 100. 84.9 84.9 84.9 100. 100. 100. 100. 100. 100. 100. 100. 100. 97.7 97.7 97.7 96.9 96.9 97.7 100. 98.2 97.7 97.2 100. 100. 100. 98.9 100. 100. 90.2 100. 100. 100. 99.4 66.3 90.2 90.2 90.2 90.2 79.1 79.1 79.6 84.0 84.9 89.1 84.0 100. 100. 88.4 100. 100. 100. 90.2 89.6 90.7 100. 100. 100. 100. 84.0 100. 100. 84.0 100. 84.9 84.0 84.0 90.2 87.8 100. 100. 97.7 96.9 100. 79.1
66.3 84.9 84.9 86.5 96.9 97.7 97.7 97.7 97.7 100. 100. 100. 100. 100. 100. 100. 100. 100. 100. 100. 100. 95.4 97.2 97.2 97.7 100. 100. 97.7 100. 98.2 96.9 97.7 100. 100. 89.2 85.4 84.9 100. 100. 83.8 100. 100. 84.1 66.3 90.7 90.2 79.1 90.2 90.2 90.2 100. 100. 55.9 84.0 79.6 100. 100. 100. 84.0 100. 100. 100. 79.1 84.0 85.7 84.0 90.3 84.0 100. 100. 96.9 79.1 90.2 89.6 84.0 90.2 89.6 84.0 84.0 100. 100. 96.8 84.1 79.1
66.3 84.9 84.9 86.5 86.5 96.9 97.7 97.7 97.7 100. 100. 100. 100. 100. 100. 100. 100. 100. 100. 100. 100. 100. 97.7 97.7 97.2 100. 97.7 97.7 97.7 100. 100. 100. 100. 100. 100. 100. 83.5 100. 84.4 100. 100. 91.7 100. 66.3 90.2 84.0 90.2 90.2 90.2 90.2 79.1 84.0 79.1 84.0 100. 100. 93.8 92.4 84.5 100. 100. 85.3 84.0 100. 84.0 100. 84.0 87.8 100. 100. 97.7 96.9 90.2 90.2 100. 100. 90.2 84.0 100. 100. 100. 100. 90.2 79.1
100. 84.9 84.9 86.5 86.5 86.5 97.6 97.7 97.7 97.7 100. 100. 100. 100. 100. 100. 100. 100. 100. 100. 100. 100. 100. 100. 96.2 100. 97.7 97.7 97.7 97.7 99.4 100. 91.3 100. 100. 100. 100. 100. 100. 100. 100. 100. 66.3 91.1 84.0 100. 100. 100. 96.2 90.2 90.2 90.7 90.2 89.7 100. 100. 100. 96.7 90.2 90.2 90.2 92.8 90.2 84.0 100. 100. 85.3 90.7 100. 100. 90.2 79.1 88.4 93.6 100. 100. 84.0 100. 100. 100. 84.0 100. 87.8 84.0
84.9 84.9 84.9 86.5 86.5 96.9 97.7 97.7 97.7 97.7 100. 100. 100. 100. 100. 100. 100. 100. 100. 100. 100. 100. 100. 100. 100. 96.9 97.7 97.7 96.9 97.7 100. 100. 100. 96.9 100. 100. 100. 100. 100. 100. 89.2 100. 68.2 90.2 84.0 100. 84.0 100. 90.2 79.1 90.2 90.2 90.2 90.2 100. 100. 84.0 100. 79.1 90.2 90.2 90.2 90.7 94.9 100. 100. 100. 90.2 90.7 79.1 79.1 90.7 90.2 84.0 100. 84.0 88.6 100. 100. 100. 79.1 83.0 96.9 90.2
100. 86.8 97.7 97.7 96.9 86.5 96.9 96.9 96.9 97.7 100. 100. 100. 100. 100. 100. 100. 100. 100. 100. 100. 100. 100. 100. 100. 100. 97.7 97.7 100. 96.9 86.5 100. 84.8 100. 100. 100. 100. 100. 100. 100. 100. 100. 66.3 84.0 100. 100. 95.1 90.2 90.2 90.2 90.2 90.2 90.2 90.7 84.0 84.0 92.8 84.0 92.4 79.1 90.2 79.1 90.2 90.2 90.2 90.2 84.0 100. 84.0 90.2 90.2 90.2 91.7 84.0 84.0 93.6 87.8 91.0 87.8 100. 84.0 84.0 100. 80.0
84.9 100. 86.6 97.7 96.9 86.6 97.7 97.7 96.9 96.9 100. 100. 100. 100. 100. 100. 100. 100. 100. 100. 100. 100. 100. 100. 97.6 100. 96.9 96.9 96.9 71.2 100. 82.6 81.6 100. 100. 100. 100. 100. 100. 100. 100. 66.3 90.2 90.2 84.0 100. 90.2 79.1 90.2 79.1 90.2 90.2 90.2 90.2 90.2 90.2 90.2 90.2 90.2 100. 100. 90.2 90.2 90.2 85.1 79.1 91.1 84.0 100. 90.2 84.0 100. 100. 84.0 100. 84.0 84.0 87.8 84.0 92.8 84.0 86.6 90.2 79.6
100. 100. 97.7 96.9 86.8 97.9 100. 100. 100. 100. 100. 100. 100. 100. 100. 100. 100. 100. 100. 100. 100. 100. 100. 100. 95.1 100. 100. 100. 100. 100. 100. 100. 100. 100. 100. 100. 100. 93.2 93.2 100. 100. 90.2 90.2 90.2 80.0 100. 100. 84.5 79.7 100. 79.1 90.2 90.2 90.2 90.2 90.2 90.2 79.1 100. 100. 91.2 84.0 86.6 100. 100. 90.2 90.2 90.2 90.2 88.7 88.6 84.0 100. 100. 84.0 84.0 84.0 84.0 84.0 88.6 84.0 87.1 90.2 100.
98.1 97.7 97.2 97.8 100. 100. 100. 100. 100. 100. 100. 100. 100. 100. 100. 100. 100. 100. 63.1 100. 100. 100. 100. 100. 100. 100. 100. 100. 100. 100. 100. 100. 100. 100. 100. 100. 100. 86.5 84.9 84.9 81.7 90.2 90.2 90.2 92.2 84.0 100. 100. 79.1 100. 79.1 90.2 90.2 90.2 90.2 90.2 90.2 100. 100. 96.9 96.8 100. 100. 100. 90.2 90.2 90.2 90.2 90.7 84.0 84.0 84.0 100. 100. 84.0 87.8 87.8 84.0 84.0 84.0 100. 100. 100. 100.
99.1 100. 100. 100. 100. 100. 100. 100. 100. 100. 84.9 100. 100. 100. 100. 100. 100. 100. 100. 100. 100. 100. 100. 100. 100. 100. 100. 100. 100. 100. 100. 100. 100. 100. 100. 100. 86.5 84.9 84.9 40.7 90.2 90.2 90.2 90.2 90.2 92.4 84.0 100. 84.5 100. 90.2 90.2 79.1 90.2 90.2 90.2 79.1 100. 96.9 99.1 100. 90.2 90.2 90.2 89.6 90.2 90.2 90.2 90.2 100. 100. 100. 100. 100. 84.0 89.2 91.9 100. 100. 100. 100. 100. 100. 96.9
94.0 99.9 98.8 96.4 96.9 97.3 99.7 99.7 99.7 100. 84.9 100. 100. 100. 100. 100. 100. 100. 100. 100. 100. 100. 100. 100. 100. 100. 100. 100. 88.5 100. 100. 100. 100. 100. 99.0 84.2 86.5 84.9 40.7 84.9 90.2 90.2 90.2 90.2 90.2 90.7 55.9 84.0 80.0 100. 100. 90.2 90.2 90.2 90.2 90.2 79.1 100. 97.2 100. 100. 100. 87.0 90.2 100. 90.2 90.2 90.2 90.2 97.1 100. 100. 100. 100. 100. 90.2 84.0 84.0 100. 100. 100. 100. 100. 100.
94.2 91.0 100. 95.5 97.9 99.8 99.1 99.7 100. 100. 100. 100. 100. 100. 100. 100. 100. 100. 100. 100. 100. 100. 96.8 99.3 99.4 99.7 95.2 100. 100. 99.4 100. 100. 100. 96.9 100. 84.9 100. 84.9 84.9 100. 81.7 90.2 90.2 90.2 90.2 84.9 86.3 90.2 79.1 70.1 84.1 79.1 100. 100. 90.2 79.1 100. 96.7 79.6 100. 63.1 63.1 84.0 100. 100. 90.2 90.2 90.2 90.2 90.2 95.5 100. 100. 100. 100. 85.6 90.2 88.7 100. 100. 100. 100. 100. 100.
100. 100. 99.6 93.6 100. 93.6 100. 93.6 100. 99.3 98.2 100. 99.3 100. 100. 100. 100. 100. 100. 100. 99.7 100. 100. 100. 100. 97.7 97.7 97.7 100. 100. 100. 100. 100. 100. 100. 84.9 84.9 84.9 84.9 84.9 90.2 90.2 90.2 90.2 90.2 90.2 100. 100. 100. 70.2 90.2 100. 100. 92.2 92.2 100. 96.9 84.7 100. 100. 100. 55.9 84.0 100. 100. 84.0 90.7 100. 92.5 91.1 91.4 100. 100. 100. 84.0 91.4 90.2 90.2 98.1 100. 100. 100. 84.0 84.0
93.5 97.8 93.6 93.6 87.3 99.5 99.8 99.5 100. 100. 89.1 99.7 100. 100. 100. 100. 100. 100. 100. 100. 100. 100. 100. 100. 96.9 97.7 96.9 97.6 100. 100. 100. 100. 100. 100. 100. 84.9 84.9 84.9 84.9 100. 90.2 90.2 90.2 90.2 90.2 90.2 100. 96.6 100. 84.1 79.1 84.0 100. 100. 84.5 100. 97.7 97.7 96.9 91.0 100. 100. 100. 84.0 100. 100. 90.2 83.2 86.6 90.2 84.0 100. 84.0 85.8 90.2 90.7 79.1 91.6 90.2 100. 100. 100. 91.0 78.4
86.5 94.4 93.9 87.7 94.6 98.2 97.3 98.2 93.2 100. 100. 99.7 100. 100. 100. 100. 100. 100. 100. 100. 100. 100. 100. 100. 100. 97.7 96.9 96.9 100. 93.1 100. 100. 100. 100. 86.5 84.9 100. 84.9 84.9 90.2 90.2 79.1 90.2 90.2 90.2 90.2 90.2 100. 100. 90.2 90.2 92.4 100. 100. 72.2 96.9 97.5 100. 40.7 100. 100. 100. 100. 100. 100. 90.2 90.2 83.2 84.4 90.7 84.0 100. 100. 90.2 79.1 100. 90.2 90.2 93.2 100. 100. 100. 84.0 80.0
100. 100. 93.6 94.4 96.2 98.2 98.2 100. 100. 100. 100. 100. 99.9 91.0 100. 100. 100. 100. 100. 100. 100. 95.2 100. 100. 100. 97.7 96.9 97.5 100. 91.2 100. 100. 100. 100. 96.9 85.9 100. 93.2 100. 90.2 90.2 79.1 90.7 90.2 90.2 90.2 90.2 100. 88.0 89.2 89.6 90.2 100. 84.0 80.0 96.9 85.3 96.9 90.2 90.2 79.1 79.1 79.1 84.0 90.2 86.6 84.9 83.2 82.9 90.2 92.2 90.2 90.2 90.2 90.2 79.1 90.2 90.2 90.2 90.2 84.0 84.0 90.2 79.1
92.1 100. 91.0 40.7 63.2 100. 99.7 100. 100. 100. 93.2 100. 100. 100. 100. 100. 100. 100. 100. 100. 97.7 97.5 97.7 96.9 96.9 96.9 97.1 99.4 100. 100. 100. 100. 100. 100. 83.3 84.0 100. 93.2 100. 90.2 90.2 79.1 86.4 55.9 90.2 90.2 100. 100. 100. 84.0 84.0 100. 84.0 72.2 100. 97.7 86.5 100. 90.2 79.1 79.1 90.2 90.2 90.7 90.2 100. 83.2 87.5 83.9 90.2 90.2 79.1 100. 90.2 90.2 79.1 90.2 90.2 90.2 90.7 90.2 90.2 90.7 90.2
100. 40.7 60.9 99.7 99.7 99.8 100. 100. 100. 100. 100. 100. 84.9 100. 100. 100. 100. 100. 100. 97.7 97.7 97.7 97.7 96.9 97.7 97.7 96.6 100. 100. 100. 100. 100. 100. 88.1 100. 100. 93.2 100. 86.6 90.2 90.2 79.7 100. 85.6 55.9 90.2 100. 83.2 87.8 84.0 90.2 84.0 90.2 68.2 96.9 86.5 100. 84.0 90.2 90.2 83.5 79.1 90.2 100. 55.9 100. 84.9 87.5 84.0 90.2 90.2 90.2 92.2 90.2 90.2 79.1 90.2 90.2 90.2 90.2 79.1 90.2 90.2 79.1
100. 99.7 100. 99.1 92.7 100. 100. 100. 86.5 86.5 86.5 84.9 100. 100. 100. 100. 100. 100. 100. 100. 100. 100. 96.9 98.1 100. 100. 96.9 100. 100. 93.6 100. 100. 100. 84.9 100. 100. 93.2 100. 90.2 90.2 100. 84.0 79.1 100. 100. 100. 96.9 85.3 86.6 90.2 90.2 90.7 90.2 100. 96.9 84.9 84.8 100. 84.0 100. 100. 79.1 84.0 83.2 100. 100. 86.7 55.9 90.2 90.2 90.2 90.2 90.2 90.2 79.1 100. 90.2 90.2 90.2 79.1 79.1 90.2 90.2 79.1
99.8 99.2 100. 91.0 100. 86.5 100. 84.7 96.9 86.5 86.5 86.5 100. 100. 100. 100. 100. 100. 100. 100. 100. 100. 100. 100. 100. 100. 100. 100. 100. 100. 100. 100. 100. 100. 100. 99.8 93.2 90.2 89.6 100. 84.0 100. 100. 84.5 96.9 99.9 87.4 100. 90.2 90.2 90.2 100. 86.5 96.9 86.6 86.5 86.5 86.5 83.2 84.9 90.2 79.1 100. 84.9 84.9 100. 86.6 55.9 55.9 84.0 90.2 90.2 90.2 100. 100. 96.9 90.2 90.2 79.1 79.1 79.1 90.2 90.2 100.
99.9 96.4 96.2 100. 86.5 93.2 91.4 99.7 100. 96.9 86.6 97.7 96.9 100. 100. 100. 100. 91.7 100. 100. 100. 100. 100. 100. 100. 100. 100. 100. 100. 81.5 100. 100. 100. 93.6 100. 100. 93.2 90.2 90.2 84.0 100. 93.8 100. 66.3 100. 97.7 84.8 97.7 100. 100. 84.9 100. 98.8 97.7 86.5 86.6 96.9 86.5 100. 100. 79.1 90.2 100. 55.9 84.9 97.7 87.6 92.7 100. 84.0 100. 90.2 90.2 90.2 100. 100. 84.5 90.2 79.1 90.2 90.2 90.2 100. 100.
100. 93.4 100. 100. 96.7 84.0 79.9 100. 100. 97.2 98.6 97.5 96.0 100. 100. 94.0 100. 91.7 100. 100. 100. 84.0 100. 100. 100. 100. 100. 100. 100. 84.0 93.6 100. 100. 100. 100. 93.2 100. 91.1 84.0 100. 100. 100. 55.9 100. 96.9 97.6 96.9 100. 100. 55.9 66.3 100. 96.9 97.5 86.5 86.5 100. 100. 84.0 90.2 55.9 84.0 84.9 95.6 86.5 97.7 86.5 100. 55.9 100. 84.9 90.2 90.2 100. 100. 96.8 84.1 79.1 90.2 90.2 100. 100. 97.7 96.9
100. 84.9 100. 100. 96.9 98.2 96.9 100. 100. 96.9 100. 96.9 98.2 96.8 91.0 88.4 90.9 91.2 94.6 100. 100. 98.5 100. 100. 100. 100. 100. 100. 100. 100. 100. 100. 100. 94.1 100. 93.4 86.6 90.2 84.0 100. 86.5 100. 100. 100. 96.9 97.5 100. 84.9 84.0 90.2 66.3 100. 96.9 97.4 86.5 100. 100. 84.0 90.2 40.7 86.7 83.2 74.1 74.1 100. 96.7 84.0 100. 100. 100. 84.9 84.9 84.0 90.2 98.8 96.8 84.0 90.2 100. 100. 100. 97.5 97.7 97.7
100. 86.6 96.9 96.9 96.9 100. 100. 100. 100. 100. 98.1 98.2 97.7 90.3 97.9 100. 100. 100. 100. 100. 100. 100. 100. 100. 100. 100. 100. 100. 100. 100. 100. 100. 93.2 99.3 100. 93.5 87.8 84.0 100. 100. 100. 97.6 99.1 96.9 96.9 100. 86.5 100. 84.0 90.2 90.2 100. 96.9 97.5 87.5 84.0 55.9 100. 84.0 83.2 84.9 84.9 84.9 74.1 100. 87.8 84.0 100. 84.0 100. 84.9 84.9 100. 84.9 100. 100. 100. 100. 96.9 97.7 97.4 97.7 96.9 100.
84.9 86.5 96.9 86.5 91.6 100. 100. 100. 100. 98.2 94.9 97.7 100. 99.5 100. 100. 100. 84.0 100. 100. 100. 100. 100. 100. 100. 92.5 100. 100. 100. 100. 100. 99.7 99.7 99.7 100. 84.9 100. 84.9 100. 55.9 100. 100. 97.7 97.6 97.7 96.9 86.5 90.7 100. 84.9 90.2 66.3 100. 100. 100. 100. 100. 84.0 66.3 84.9 84.9 84.9 84.9 100. 98.2 93.2 100. 100. 84.9 84.9 100. 95.9 100. 100. 99.7 100. 97.7 97.7 97.6 86.5 96.9 100. 79.1 79.1
86.8 96.9 86.5 86.5 86.4 100. 100. 100. 100. 99.7 97.7 96.9 100. 100. 97.5 96.9 86.5 84.0 100. 100. 100. 100. 100. 100. 100. 91.5 100. 100. 100. 100. 100. 100. 99.7 99.7 100. 84.9 100. 86.5 96.7 96.9 100. 88.4 100. 97.7 97.4 97.7 86.5 86.5 86.5 84.9 90.2 66.3 84.0 100. 100. 84.9 100. 84.0 90.2 100. 100. 93.2 100. 100. 99.7 100. 99.7 100. 96.3 100. 100. 99.1 100. 89.1 94.0 100. 98.2 100. 97.7 86.5 100. 100. 79.1 79.1
86.5 100. 86.5 85.5 100. 100. 100. 100. 100. 100. 96.9 96.9 100. 100. 96.7 99.4 100. 100. 100. 100. 100. 100. 100. 100. 100. 100. 100. 100. 100. 100. 100. 100. 93.8 100. 100. 84.9 100. 84.8 100. 100. 84.9 100. 96.9 97.7 97.7 97.7 97.7 96.9 84.9 100. 100. 93.0 100. 99.2 99.7 100. 93.2 83.2 55.9 100. 100. 94.1 100. 100. 100. 96.7 100. 100. 100. 100. 100. 94.0 100. 84.9 84.9 86.7 55.9 84.0 96.8 96.9 86.5 79.1 79.1 79.1
86.5 100. 100. 100. 100. 100. 100. 100. 96.9 96.9 100. 100. 100. 100. 96.2 98.4 100. 100. 100. 100. 100. 100. 100. 100. 100. 100. 100. 100. 100. 100. 69.9 99.5 100. 98.7 100. 86.5 100. 84.9 89.7 55.9 74.1 88.4 100. 88.4 100. 97.7 100. 100. 99.7 99.8 99.7 98.9 97.5 99.7 99.9 100. 100. 99.7 99.6 100. 100. 100. 100. 100. 66.3 90.2 90.2 90.7 90.5 93.0 90.2 66.3 66.3 100. 100. 100. 84.9 100. 84.0 100. 100. 84.9 79.1 79.1
100. 100. 86.4 100. 100. 100. 100. 96.9 86.5 96.9 100. 100. 100. 93.4 100. 100. 100. 84.0 100. 100. 100. 100. 100. 100. 100. 100. 100. 100. 100. 100. 100. 100. 100. 93.6 100. 100. 100. 81.6 100. 100. 93.9 100. 100. 88.4 100. 100. 99.7 100. 100. 100. 100. 99.2 99.8 100. 97.8 100. 100. 100. 100. 84.9 100. 90.3 100. 40.7 100. 66.3 66.3 79.1 83.7 91.0 66.3 66.3 66.3 79.1 79.1 79.1 79.1 69.1 100. 100. 100. 84.9 79.1 79.1
100. 100. 84.9 86.5 100. 100. 96.9 86.5 100. 86.5 100. 100. 100. 94.5 100. 100. 100. 100. 100. 100. 100. 100. 100. 100. 100. 100. 100. 100. 100. 100. 100. 100. 99.7 100. 99.7 100. 100. 84.9 100. 100. 96.2 98.1 100. 95.8 100. 99.8 100. 100. 98.8 89.4 86.6 93.0 100. 100. 66.3 100. 84.9 84.9 100. 100. 100. 100. 100. 84.9 40.7 66.3 66.3 66.3 63.1 89.9 66.3 66.3 66.3 90.2 90.2 79.1 79.1 79.1 100. 86.5 84.0 86.5 100. 66.3
100. 84.9 86.5 100. 100. 100. 86.5 100. 100. 100. 100. 100. 100. 100. 100. 100. 100. 100. 100. 100. 100. 100. 100. 100. 100. 100. 100. 100. 100. 100. 100. 100. 100. 98.2 79.1 93.6 100. 100. 98.7 99.7 99.7 99.7 99.6 100. 100. 100. 100. 100. 84.9 84.9 84.9 100. 100. 66.3 66.3 66.3 100. 100. 66.3 66.3 100. 100. 100. 100. 84.9 63.1 79.1 66.3 66.3 90.2 66.3 66.3 100. 90.2 90.2 79.1 90.2 79.1 100. 100. 96.8 100. 100. 100.
84.8 100. 100. 100. 100. 96.9 100. 100. 100. 100. 100. 100. 100. 100. 100. 100. 100. 100. 100. 100. 100. 55.9 100. 100. 100. 100. 100. 99.7 100. 100. 99.3 99.9 100. 100. 100. 100. 100. 99.8 100. 100. 100. 99.2 99.7 100. 94.4 100. 100. 100. 100. 84.9 84.9 84.9 100. 90.2 90.2 66.3 90.2 90.2 90.2 90.2 66.3 79.1 79.1 100. 41.0 63.1 79.1 66.3 66.3 66.3 90.2 79.1 79.1 66.3 90.2 79.1 79.1 79.1 79.1 79.1 79.1 79.1 100. 84.9
100. 100. 100. 100. 100. 100. 100. 100. 100. 100. 100. 100. 100. 100. 100. 100. 100. 100. 100. 100. 100. 55.9 100. 100. 100. 100. 100. 99.7 100. 100. 100. 100. 100. 100. 100. 100. 100. 98.2 100. 100. 100. 99.3 100. 99.3 100. 84.9 100. 100. 100. 100. 100. 84.9 100. 90.2 90.2 90.2 90.2 90.2 79.1 90.2 79.1 90.2 90.2 79.1 100. 82.3 66.3 90.2 90.2 90.2 79.1 90.2 90.2 79.1 79.1 79.1 100. 100. 79.1 79.1 79.1 79.1 100. 84.9
100. 100. 100. 84.0 100. 100. 100. 100. 100. 100. 100. 100. 100. 100. 74.7 83.8 100. 100. 100. 100. 100. 100. 100. 100. 100. 100. 100. 100. 100. 100. 93.6 96.1 100. 100. 100. 99.6 96.9 100. 100. 99.5 100. 99.2 99.7 99.9 84.9 83.2 87.1 55.9 90.2 90.2 90.2 90.2 90.2 90.2 90.2 90.2 90.2 79.1 79.1 90.2 79.1 79.1 90.2 79.1 79.1 79.1 79.1 90.2 90.2 90.2 79.1 90.2 90.2 90.2 90.2 90.2 79.1 100. 79.1 100. 100. 100. 100. 100.
100. 100. 100. 100. 100. 100. 100. 100. 100. 100. 100. 84.9 100. 100. 100. 100. 100. 100. 100. 100. 100. 100. 100. 100. 100. 100. 100. 100. 100. 93.6 96.2 96.9 100. 100. 100. 96.9 96.9 100. 100. 100. 95.7 95.8 96.4 92.5 84.9 86.5 86.7 55.9 90.2 90.2 90.2 90.2 90.2 90.2 90.2 79.1 79.1 79.1 90.2 90.2 79.1 79.1 90.2 90.2 79.1 79.1 79.1 79.1 90.2 90.2 79.1 100. 96.9 96.9 100. 63.1 100. 100. 100. 100. 100. 100. 100. 100.
100. 100. 100. 100. 100. 100. 100. 100. 100. 100. 100. 100. 100. 100. 100. 100. 100. 100. 100. 100. 100. 100. 100. 100. 100. 100. 100. 100. 100. 100. 79.1 100. 100. 100. 100. 100. 100. 100. 100. 84.9 84.9 84.9 100. 100. 100. 86.5 84.9 84.9 100. 55.9 100. 55.9 90.2 90.2 90.2 90.2 90.2 90.2 90.2 90.2 90.2 90.2 90.2 90.2 79.1 76.2 90.2 100. 84.0 79.1 100. 100. 97.7 96.7 100. 100. 100. 100. 100. 100. 100. 100. 79.1 79.1
