test_case/swb/output/MEAN_RECHARGE_1999_2003.asc
NCOLS         30
NROWS         30
XLLCORNER    2165054.000
YLLCORNER     255067.000
CELLSIZE        161.100
NODATA_VALUE     -99999.000
1.9199 1.9296 1.9199 1.9199 1.6580 2.0807 1.7148 1.6594 1.6240 1.4217 1.4248 1.4279 2.2395 2.2527 2.2880 2.2277 2.0757 2.0757 2.0757 2.0757 1.3058 1.3058 1.3058 1.3058 1.4217 1.3058 1.3058 1.3058 1.3058 1.3058
1.4210 1.4268 1.4261 1.4210 1.4210 2.0747 1.3734 1.3734 1.4972 1.5014 1.5048 1.4364 1.3087 1.3044 1.5284 1.4241 2.0762 1.9797 1.8984 1.9770 1.4210 2.3633 1.3044 1.5331 1.3391 1.5331 1.5331 1.5331 1.3044 1.6851
1.0385 1.4203 1.4203 1.4203 2.0821 2.0779 1.7475 1.4969 1.4552 1.4324 1.6947 1.6955 1.4235 1.3072 1.4203 1.4236 1.4241 1.4255 1.4203 1.4236 1.9632 1.3030 2.2363 1.3030 1.7127 1.5969 1.5969 1.5969 1.5321 1.6747
1.0374 1.0374 1.0374 1.0374 2.0822 1.8584 1.7470 1.5682 1.4862 1.4505 1.5343 1.5398 1.4196 1.4196 1.4228 1.4371 1.4196 1.4229 1.4230 1.4247 1.5130 1.9290 1.9278 2.2359 2.3185 2.2679 2.3388 2.1562 2.6806 2.5023
1.0362 1.4248 1.4248 2.0879 2.0718 1.7458 1.7152 1.7237 1.7011 1.4189 1.3284 1.3446 5.0846 1.4189 1.5061 1.6156 1.4221 1.4241 1.4892 1.4598 1.4189 1.4592 1.4930 2.0087 1.9911 1.8948 1.3048 1.3065 1.3047 1.4224
1.0351 3.4058 1.4218 2.0708 1.7460 1.5774 1.8008 2.1259 1.4182 5.8597 5.6168 6.8245 5.0824 7.4924 1.3432 1.4182 1.4182 1.4182 1.3709 1.3761 1.3709 1.3761 1.3761 1.5483 1.3709 1.5440 1.4222 1.4901 1.4215 1.4245
3.1461 3.1469 1.4178 2.1433 1.8112 1.8074 1.8938 1.5222 6.8218 6.8218 5.4203 1.4093 1.5694 6.8218 5.5792 5.6666 5.0859 5.0879 5.0874 1.4178 1.4178 1.4178 1.3705 1.4066 1.4067 1.4093 1.4431 1.3715 1.4185 1.5141
3.2665 1.4062 2.1582 1.9718 1.2303 1.4485 1.3742 1.5287 1.2091 1.2091 1.2091 1.2091 1.4083 6.8192 7.0538 5.1267 5.0851 5.1337 5.1267 5.0778 3.1444 3.1444 3.1445 3.2666 3.2671 3.3358 3.3358 3.4302 3.4302 3.5210
3.2648 1.4057 1.2731 1.9709 1.2731 1.2731 1.2731 1.2079 1.2079 1.2079 1.2079 1.2079 1.2079 1.4072 5.4153 1.4622 5.1244 1.4649 1.4622 5.0756 5.0756 5.0756 5.0860 5.0808 3.1427 3.2648 3.2648 3.2601 3.2601 3.2601
3.2631 3.3323 1.4807 2.1535 1.3684 1.3684 1.3684 1.3684 1.3684 1.2720 1.6798 1.5252 1.2068 1.2720 1.4062 1.4618 1.4618 1.4618 1.4618 5.0733 5.0733 5.0733 5.0733 5.0733 5.0733 3.2584 1.4062 1.4062 1.4062 1.4062
1.3677 3.9127 1.4464 2.2005 1.9356 1.8656 1.5316 1.4949 1.4554 1.4554 1.7472 1.9744 1.3677 1.3677 1.6871 3.4190 1.4613 1.4613 1.4613 8.9203 5.0814 5.0710 1.4613 1.4613 5.0710 3.2567 3.5155 4.8075 3.9824 3.2567
1.3671 3.2597 4.6998 2.0657 1.3671 1.3671 1.8103 1.7340 1.5113 1.5113 1.6218 1.5618 3.5942 3.5942 3.9897 3.4164 1.4638 1.4609 1.4609 5.0688 3.2554 5.4173 7.6115 7.6115 3.2550 3.2552 1.4007 1.7246 1.5483 1.5003
1.3665 3.2580 4.6980 2.0790 1.8193 1.7576 1.7854 1.7332 1.7179 1.6473 1.6394 1.5307 3.2770 3.2770 3.5196 8.9113 7.2336 5.0665 5.0665 7.6072 3.1355 3.5022 3.3421 3.2533 3.3421 1.3996 1.3997 1.5471 1.7108 1.3954
1.3659 3.9580 1.4451 1.5620 1.4287 1.5592 1.3659 1.4535 1.4680 1.5734 1.5091 1.6036 1.5718 1.4149 3.3912 3.1338 5.0643 5.0695 5.0643 5.4069 3.3400 1.4382 3.5304 3.2516 1.3986 1.4024 1.6200 1.6201 2.0329 1.5809
3.2546 3.3246 1.4581 2.1110 1.3652 1.5322 1.3204 1.4529 1.4529 1.4833 1.4833 1.4463 1.4224 1.5200 1.4367 3.1319 5.0672 5.4054 5.4044 3.2499 1.3105 1.4249 1.4169 1.2865 1.3975 1.6189 1.6247 1.5417 1.7143 1.6200
4.9076 3.2529 2.0624 1.9911 1.3198 1.3198 1.3198 1.3198 1.3198 1.3645 1.4140 1.3645 1.4522 1.4661 3.9547 3.1309 2.5147 3.3332 3.3332 1.2851 1.4980 1.9489 1.7541 1.2851 1.5734 1.6557 1.5415 1.4183 1.4140 1.4171
3.2512 1.3638 2.0616 1.9903 1.9903 1.3192 1.3192 1.3192 1.3638 1.3638 1.3638 1.4516 1.4651 1.6481 1.6859 1.3638 1.5087 1.6353 1.6798 1.7359 1.9168 1.4136 1.4179 1.9761 1.6307 1.4136 1.4165 1.4167 1.4167 1.4167
3.2495 1.4217 2.1610 1.9896 2.1095 1.3631 1.4510 1.4510 1.4510 1.4510 1.5457 1.5114 1.6591 1.5645 1.4704 1.5131 1.3631 1.5672 1.4728 1.4795 1.5117 1.4178 1.4132 1.5085 1.4166 1.4175 1.4132 1.4161 1.4161 1.4161
4.9008 3.2478 1.3180 2.1425 2.1689 1.3623 1.4503 1.4637 1.4637 1.5578 1.5204 1.7087 1.4760 1.4637 1.4637 1.4760 1.4760 1.4760 1.4694 1.4924 1.4638 1.5088 1.3623 1.5412 1.4209 1.4157 1.4128 1.4128 1.4128 1.4130
3.2469 1.3614 1.3510 1.9881 1.9881 2.1526 2.0277 1.9966 1.9385 1.9062 1.8937 1.4760 1.4864 1.4497 1.4497 1.4864 1.4864 1.4864 1.4631 1.5254 1.4500 1.4499 1.4497 1.3614 1.5656 1.4166 1.4124 5.0507 5.0995 6.6104
1.3503 1.4180 2.1044 2.0499 1.3168 1.9874 1.9874 2.1440 2.1440 1.4184 1.4583 1.4900 1.6055 1.3605 1.3605 1.6055 1.6055 1.6055 1.4491 1.5901 1.3630 1.3624 1.3605 1.5476 1.5962 1.5140 1.4797 5.6243 1.4120 1.2803
1.4526 2.1515 2.1280 1.7755 1.4106 1.3162 1.3162 1.3162 2.0574 2.0574 2.1042 2.1042 1.3595 1.2795 1.2795 1.2795 1.2795 1.3595 1.6781 1.4484 6.1020 5.9582 1.3595 1.4627 1.6255 1.4561 1.6047 1.3595 1.2580 1.2795
2.1513 1.3586 1.9200 1.7486 1.4478 1.3586 1.3156 1.3586 1.3586 1.3586 1.2787 2.0565 2.0565 2.0565 2.0565 2.0565 1.2787 1.2787 1.3586 1.3586 1.4174 1.3586 6.0995 1.4479 1.6202 1.6038 1.4174 1.1930 1.2787 1.6712
2.0555 1.7297 2.1841 1.7679 1.5243 1.3576 1.3576 1.4472 1.7002 1.6704 1.2778 1.2778 1.2778 1.2778 1.6340 1.8312 2.0555 2.1023 1.9579 2.0555 2.0555 1.7011 5.2941 1.3576 1.6119 1.6030 1.1918 1.9579 1.2778 1.9218
1.3567 1.7390 2.1711 1.7090 1.3567 1.3567 1.3567 1.6378 1.5734 1.6756 1.6371 1.2768 1.2768 1.6371 1.7042 1.8060 1.7488 1.2768 1.1906 1.1906 2.0546 2.1013 2.2366 2.2465 1.4160 1.3567 1.1906 2.0546 1.2768 1.2768
1.3557 1.4459 2.2046 1.6253 1.4099 1.4099 1.4459 1.7179 1.3754 1.7055 1.7880 1.4649 1.6714 1.6365 1.7752 1.8381 1.2759 1.2759 1.6693 1.2759 1.2759 1.2759 1.2759 2.0537 2.0537 1.9561 2.0537 2.1003 1.2759 1.5129
1.3548 1.4453 2.1474 2.0278 1.4123 1.4095 1.3548 1.5466 1.5247 2.0436 1.2799 1.6703 1.6703 1.5234 1.8126 1.8294 1.5085 1.6510 1.5085 1.2750 1.5085 1.2750 1.2750 1.2750 1.1882 1.2750 2.1513 2.0528 2.0528 1.7476
1.3539 1.4446 1.4580 1.9292 1.4138 1.4798 1.4089 1.3539 1.5397 1.7687 1.2741 1.6693 1.2741 1.3844 1.8023 2.1054 1.7915 1.6760 1.5631 1.5732 1.2741 1.5076 1.6680 1.2741 1.2741 1.5066 1.9640 1.4998 1.2741 2.5170
1.3529 1.4440 2.1458 1.7215 1.9352 1.3003 1.2732 1.2732 1.2732 1.8777 1.4655 1.2732 1.2732 1.6673 1.9213 1.8661 1.5073 1.4953 1.7055 1.5066 1.2732 1.7709 1.2732 1.5066 1.2732 1.5066 2.0138 1.5722 1.6318 1.3867
1.3520 1.4434 2.1450 1.7206 1.7283 1.6277 1.2723 1.2723 1.8412 1.5017 9.5181 1.2723 1.2723 1.5056 1.5712 2.2862 1.9899 1.5703 2.0849 1.7845 1.9167 1.6667 1.2723 1.2723 1.6933 2.1515 1.5976 1.5712 1.6311 1.3859
