test_case/swb/output/MEAN_RECHARGE_1999_2003.asc
NCOLS         30
NROWS         30
XLLCORNER    2165054.000
YLLCORNER     255067.000
CELLSIZE        161.100
NODATA_VALUE    -9999.000
4.27 4.30 4.27 4.27 4.04 4.36 4.08 3.99 4.09 3.87 3.88 3.90 4.50 4.52 4.57 4.49 4.36 4.36 4.36 4.36 3.62 3.62 3.62 3.62 3.87 3.62 3.62 3.62 3.62 3.62
3.87 3.88 3.89 3.87 3.87 4.36 3.83 3.83 4.01 4.05 4.07 4.01 3.63 3.62 3.88 3.88 4.36 4.28 4.22 4.32 3.87 4.57 3.62 3.88 3.74 3.88 3.88 3.88 3.62 4.02
3.57 3.87 3.87 3.87 4.36 4.36 4.11 4.01 3.94 3.91 4.25 4.26 3.88 3.63 3.87 3.88 3.88 3.89 3.87 3.88 4.32 3.62 4.49 3.62 4.06 3.95 3.95 3.95 3.88 4.00
3.57 3.57 3.57 3.57 4.36 4.18 4.12 4.01 3.98 4.07 3.90 3.92 3.87 3.87 3.88 4.03 3.87 3.88 3.88 3.88 4.08 4.27 4.23 4.49 4.58 4.55 4.62 4.44 4.88 4.80
3.57 3.88 3.88 4.36 4.36 4.11 4.11 4.12 4.16 3.87 3.67 3.70 12.7 3.87 4.09 4.19 3.88 3.89 4.01 3.93 3.87 3.93 4.01 4.37 4.33 4.27 3.63 3.66 3.63 3.88
3.57 9.06 3.88 4.36 4.12 4.02 4.33 4.52 3.87 13.7 13.1 14.9 12.7 15.9 3.70 3.87 3.87 3.87 3.83 3.84 3.83 3.84 3.84 4.00 3.83 4.16 3.88 4.01 3.88 3.91
8.19 8.19 3.87 4.40 4.13 4.13 4.19 3.88 14.9 14.9 12.6 3.71 3.93 14.9 14.1 14.3 12.8 12.8 12.8 3.87 3.87 3.87 3.83 3.87 3.87 3.88 3.93 3.83 3.87 4.10
8.21 3.87 4.41 4.29 3.57 3.80 3.69 3.92 3.53 3.53 3.53 3.53 3.71 14.9 15.3 12.9 12.8 12.9 12.9 12.7 8.19 8.19 8.19 8.21 8.22 8.32 8.32 8.53 8.53 8.30
8.21 3.87 3.67 4.29 3.67 3.67 3.67 3.53 3.53 3.53 3.53 3.53 3.53 3.71 12.6 3.94 12.9 3.95 3.94 12.7 12.7 12.7 12.8 12.8 8.19 8.21 8.21 8.03 8.03 8.03
8.21 8.32 3.98 4.41 3.83 3.83 3.83 3.83 3.83 3.67 4.02 3.88 3.53 3.67 3.71 3.94 3.94 3.94 3.94 12.7 12.7 12.7 12.7 12.7 12.7 8.03 3.71 3.71 3.71 3.71
3.83 9.16 3.97 4.47 4.25 4.21 4.11 4.01 3.94 3.93 4.18 4.38 3.83 3.83 4.06 8.82 3.94 3.94 3.94 23.2 12.8 12.7 3.94 3.94 12.7 8.03 8.30 10.3 9.06 8.03
3.83 8.21 9.30 4.36 3.83 3.83 4.23 4.18 4.08 4.08 4.17 4.17 9.03 9.03 9.68 8.82 3.95 3.94 3.94 12.7 8.03 12.7 19.3 19.3 8.03 8.03 3.72 4.01 4.12 4.02
3.83 8.21 9.30 4.36 4.18 4.16 4.25 4.12 4.18 4.15 4.12 4.10 8.44 8.44 8.97 23.1 19.2 12.7 12.7 19.3 8.19 8.62 8.14 8.03 8.14 3.72 3.73 3.93 4.02 3.84
3.83 9.41 3.97 4.03 3.92 4.01 3.83 3.93 3.97 4.17 4.08 4.10 4.09 3.89 8.64 8.20 12.7 12.8 12.7 12.6 8.14 3.97 8.32 8.03 3.72 3.80 4.19 4.19 4.44 4.18
8.21 8.32 3.96 4.39 3.83 4.00 3.74 3.93 3.93 4.01 4.01 3.94 3.89 4.08 3.97 8.19 12.8 12.7 12.6 8.03 3.67 3.89 3.84 3.62 3.72 4.19 4.20 4.14 4.28 4.16
12.6 8.21 4.36 4.32 3.74 3.74 3.74 3.74 3.74 3.83 3.87 3.83 3.94 3.97 10.2 8.19 7.64 8.14 8.14 3.62 4.02 4.37 4.19 3.62 4.18 4.21 4.14 3.89 3.87 3.88
8.21 3.83 4.36 4.32 4.32 3.74 3.74 3.74 3.83 3.83 3.83 3.94 3.97 4.15 4.27 3.83 4.10 4.26 4.05 4.13 4.36 3.87 3.89 4.38 4.18 3.87 3.88 3.88 3.88 3.88
8.21 3.91 4.46 4.32 4.39 3.83 3.93 3.93 3.93 3.94 4.00 3.98 4.16 4.04 3.98 4.11 3.83 4.04 3.98 3.98 4.11 3.91 3.87 4.09 3.94 3.89 3.87 3.88 3.88 3.88
12.6 8.21 3.74 4.44 4.45 3.83 3.94 3.97 3.97 4.01 3.99 4.18 3.98 3.97 3.97 3.98 3.98 3.98 3.98 3.98 3.97 4.08 3.83 4.16 4.01 3.88 3.87 3.87 3.87 3.88
8.22 3.83 3.83 4.32 4.32 4.43 4.31 4.28 4.27 4.25 4.25 3.98 3.99 3.93 3.93 3.99 3.99 3.99 3.97 3.99 3.94 3.94 3.93 3.83 4.15 3.88 3.87 12.7 12.9 15.5
3.83 3.87 4.39 4.36 3.74 4.32 4.32 4.41 4.41 3.91 3.96 3.98 4.03 3.83 3.83 4.03 4.03 4.03 3.93 4.05 3.84 3.83 3.83 4.00 4.21 4.11 4.01 14.0 3.87 3.62
3.95 4.42 4.39 4.10 3.87 3.74 3.74 3.74 4.36 4.36 4.39 4.39 3.83 3.62 3.62 3.62 3.62 3.83 4.06 3.93 14.5 14.3 3.83 3.97 4.12 3.96 4.03 3.83 3.67 3.62
4.42 3.83 4.20 4.10 3.93 3.83 3.74 3.83 3.83 3.83 3.62 4.36 4.36 4.36 4.36 4.36 3.62 3.62 3.83 3.83 3.91 3.83 14.5 3.93 4.10 4.03 3.91 3.53 3.62 4.02
4.36 4.11 4.46 4.20 4.00 3.83 3.83 3.93 4.03 4.01 3.62 3.62 3.62 3.62 3.99 4.15 4.36 4.39 4.29 4.36 4.36 4.08 13.0 3.83 4.08 4.03 3.53 4.29 3.62 4.27
3.83 4.06 4.45 4.17 3.83 3.83 3.83 3.99 3.93 4.33 3.98 3.62 3.62 3.98 4.04 4.13 4.09 3.62 3.53 3.53 4.36 4.39 4.51 4.54 3.91 3.83 3.53 4.36 3.62 3.62
3.83 3.94 4.52 4.13 3.87 3.87 3.94 4.05 3.93 4.35 4.07 3.76 4.03 3.98 4.10 4.15 3.62 3.62 4.02 3.62 3.62 3.62 3.62 4.36 4.36 4.29 4.36 4.39 3.62 3.89
3.83 3.94 4.42 4.33 3.88 3.87 3.83 3.95 4.12 4.43 3.64 4.03 4.03 3.94 4.16 4.14 3.88 4.00 3.88 3.62 3.88 3.62 3.62 3.62 3.53 3.62 4.43 4.36 4.36 4.15
3.83 3.94 3.97 4.28 3.89 4.01 3.87 3.83 4.15 4.27 3.62 4.03 3.62 3.83 4.18 4.49 4.31 4.24 4.18 3.95 3.62 3.88 4.02 3.62 3.62 3.88 4.24 3.88 3.62 4.71
3.83 3.94 4.42 4.11 4.37 3.74 3.62 3.62 3.62 4.36 3.95 3.62 3.62 4.02 4.35 4.28 4.10 4.02 4.30 3.88 3.62 4.10 3.62 3.88 3.62 3.88 4.40 3.95 3.98 3.71
3.83 3.94 4.42 4.11 3.94 4.01 3.62 3.62 4.31 4.09 21.4 3.62 3.62 3.88 3.95 4.66 4.45 4.16 4.50 4.14 4.31 4.02 3.62 3.62 4.06 4.51 3.99 3.95 3.98 3.71
