test_case/swb/output/MEAN_RECHARGE_1999_2003.asc
NCOLS         30
NROWS         30
XLLCORNER    2165054.000
YLLCORNER     255067.000
CELLSIZE        161.100
NODATA_VALUE     -99999.000
2.4311 2.4703 2.4311 2.4311 2.5379 2.4799 2.3264 2.3220 2.6130 2.1235 2.2544 2.3899 2.7757 2.6961 2.6410 2.6101 2.3320 2.3320 2.3320 2.3320 1.4939 1.4939 1.4939 1.4939 2.1235 1.4939 1.4939 1.4939 1.4939 1.4939
2.2091 2.2136 2.2960 2.2091 2.2091 2.3136 1.8642 1.8642 2.2535 2.4307 2.3978 2.3203 1.6095 1.6162 1.7371 2.2434 2.7006 2.6406 2.6035 2.8073 2.2091 2.6778 1.6162 1.7855 1.8866 1.7855 1.7855 1.7855 1.6162 1.9363
1.8553 2.2195 2.2195 2.2195 2.6388 2.5247 2.5575 2.4762 2.2322 2.3049 2.7000 2.6322 2.1716 1.5542 2.2195 2.1474 2.1506 2.2409 2.2195 2.1474 2.7603 1.5576 2.4711 1.5576 2.0112 1.9326 1.9326 1.9326 1.7931 1.9380
1.6755 1.6755 1.6755 1.6755 2.4385 2.6881 2.5654 2.5351 2.4927 2.5180 1.7269 1.6780 2.3661 2.2369 2.4154 2.4955 2.2369 2.4665 2.3315 2.2610 2.3430 2.5985 2.5293 2.4797 2.6477 2.5847 2.6459 2.4800 2.9460 2.8131
1.4572 2.2313 2.2313 2.4851 2.2500 2.5603 2.5493 2.5757 2.6027 2.2311 1.5797 1.5251 5.7814 2.2311 2.4238 2.7671 2.3188 2.3049 2.3101 2.1170 2.2311 2.0085 2.3325 2.7598 2.7220 2.5349 1.5678 1.6010 1.5574 2.2651
1.5480 5.1651 2.1241 2.4130 2.5473 2.4863 2.8335 3.0470 2.2783 8.1419 7.6160 9.2517 5.8236 9.7590 1.5862 2.3671 2.3671 2.2783 1.9765 1.9927 1.9715 1.9301 2.0935 2.1455 1.9715 2.5791 2.0784 2.5202 2.2255 2.2903
5.0268 5.1238 2.1263 2.5941 2.2931 2.2074 2.1303 1.8167 8.9810 8.9810 7.3946 1.3837 1.6282 8.9810 6.2467 6.4675 5.8360 5.8252 5.8374 2.2645 2.2645 2.0489 2.0195 1.8250 1.8520 2.0574 2.2401 2.0457 2.1569 2.4675
4.8935 1.9873 2.4723 2.3643 1.5112 1.5694 1.6054 2.2529 1.5893 1.5893 1.5893 1.5893 1.3776 9.4255 9.4419 5.7876 5.7464 5.8261 5.7876 5.7392 4.5857 4.5857 4.8288 4.6808 4.8758 4.6640 4.6640 4.9106 4.9106 3.5548
4.5006 1.9214 1.7491 2.3173 1.7491 1.7491 1.7491 1.4708 1.4708 1.4708 1.4708 1.4708 1.4708 1.2871 7.7658 2.2499 5.7524 2.2468 2.2499 5.8005 5.8005 5.8005 5.7000 5.7591 4.5161 4.5006 4.5006 3.3814 3.3814 3.3814
4.7535 4.5355 2.0740 2.4442 1.9596 1.9596 1.9596 1.9596 1.9596 1.7505 2.0811 1.8352 1.4601 1.7505 1.4171 2.2983 2.2983 2.2983 2.2983 5.7378 5.7378 5.7378 5.7378 5.7378 5.7378 3.5805 1.4171 1.4171 1.4171 1.4171
1.8091 5.3486 2.0486 2.5909 2.4288 2.4022 2.5327 2.2465 2.0358 2.0144 2.3600 2.8758 1.8091 1.8091 2.2264 5.0863 2.1388 2.1388 2.1388 12.5539 5.9270 5.9846 2.1388 2.1388 5.9846 3.4682 3.7665 5.2263 4.1499 3.4682
1.9844 4.5924 6.1835 2.3725 1.9844 1.9844 2.7259 2.6028 2.3332 2.3428 2.6068 2.6267 5.2212 5.2212 5.9774 5.2882 2.2746 2.2959 2.2959 5.7493 3.5823 7.6897 11.2572 11.2572 3.4147 3.4149 1.6200 1.8886 2.4373 2.3302
2.0235 4.7231 6.3084 2.4318 2.3765 2.3684 2.7258 2.4227 2.5991 2.5402 2.5449 2.4537 4.9167 4.9167 5.3443 12.3630 10.0121 5.8871 5.8871 11.3653 4.2102 5.0742 3.5422 3.3663 3.5422 1.6083 1.6083 1.8149 2.1800 1.9421
1.8883 5.2972 2.1440 2.2140 1.8906 2.2532 1.8883 2.0479 2.1885 2.4101 2.4339 2.4919 2.4779 2.1608 5.2681 4.5577 5.8534 5.8851 5.8534 7.4865 3.6349 2.3182 3.7742 3.4904 1.6522 1.6200 2.6318 2.6318 2.9859 2.6651
4.7123 4.8290 2.1629 2.3924 1.9611 2.2320 1.8093 1.9961 1.9961 2.4776 2.4776 2.3838 2.2017 2.4677 2.3564 4.8525 5.9592 7.3628 7.3626 3.4221 1.5998 1.9202 1.5596 1.4089 1.6281 2.5890 2.4594 2.4946 2.7867 2.6118
6.5270 4.4666 2.3851 2.7574 2.0024 2.0024 2.0024 2.0024 2.0024 2.0638 2.3208 2.0638 2.0340 2.1914 6.3875 4.5187 4.2236 3.5050 3.5050 1.6422 2.4331 2.9444 2.4038 1.6422 2.6888 2.7348 2.5830 2.2899 2.3208 2.3160
4.3861 1.9412 2.3685 2.7675 2.7675 1.9482 1.9482 1.9482 1.9412 1.9412 1.9412 1.9679 2.1370 2.3011 2.6453 1.9412 2.3449 2.7633 2.4441 2.2327 2.9115 2.2682 2.2907 2.9329 2.6878 2.2682 2.1514 2.3389 2.3389 2.2840
4.6641 1.9235 2.9737 2.6951 2.8339 1.8130 1.9739 1.9739 1.9739 1.9755 2.2451 2.2141 2.3003 2.2540 2.1375 2.3903 1.8130 2.2121 2.2426 2.0977 2.5305 2.3896 2.0723 2.5505 2.3665 2.2858 2.0723 2.3700 2.1600 2.3700
6.4366 4.5109 1.6988 2.9461 2.7523 1.9751 1.9316 2.0503 2.0503 2.2203 2.2222 2.2527 2.0086 2.0333 2.0333 2.0086 2.0086 2.0086 2.0558 2.0253 2.0399 2.4335 1.9751 2.4551 2.3555 2.1350 2.3332 2.1233 2.1911 2.3338
4.5796 2.1157 2.0286 2.7426 2.7426 2.6931 2.6870 2.5846 2.5026 2.4464 2.4236 2.0667 2.0945 2.1471 2.1471 2.0945 2.0945 2.0945 2.0815 2.2281 2.1615 2.1615 2.1471 2.1157 2.6044 2.2212 2.1366 5.8429 5.8378 7.9011
2.0554 2.1415 2.9247 2.8171 1.8954 2.8029 2.8029 2.4741 2.4741 2.1715 2.0950 2.0465 2.1306 1.8377 1.8377 2.1306 2.1306 2.1306 1.9325 2.2624 1.9433 1.8384 1.8377 2.3105 2.6502 2.4326 2.3381 6.3443 2.1012 1.5205
2.1293 2.5173 2.4888 2.5057 1.9811 1.6326 1.6326 1.6326 2.3439 2.3439 2.3963 2.3963 1.8357 1.4767 1.4767 1.4767 1.4767 1.8357 2.2396 1.9704 7.8993 7.7947 1.8357 2.1025 2.1929 2.1335 2.1343 1.8357 1.6975 1.4767
2.4642 2.0694 2.5004 2.3736 1.8762 2.0694 1.8266 2.0694 2.0694 2.0694 1.4692 2.2943 2.2943 2.2943 2.2943 2.2943 1.4692 1.4692 2.0694 2.0694 1.8827 2.0694 7.7901 2.0540 2.2471 2.2978 1.8827 1.6114 1.4692 1.8702
2.2818 2.2936 2.5629 2.5747 2.1699 1.7711 1.7711 2.1674 2.1648 2.3510 1.4157 1.4157 1.4157 1.4157 1.9614 2.1449 2.2818 2.3769 2.3740 2.2818 2.2818 2.2501 6.9858 1.7711 2.2796 2.3034 1.5688 2.3740 1.4157 2.2642
2.0748 2.2371 2.5065 2.5052 2.0748 2.0748 2.0748 2.0940 2.0215 2.5099 2.3150 1.4669 1.4669 2.3150 2.0956 2.1317 2.0953 1.4669 1.7341 1.7341 2.2595 2.3914 2.5183 2.5237 1.8574 2.0748 1.7341 2.2595 1.4669 1.4669
1.9001 2.1200 2.5286 2.5700 2.2897 2.2897 2.1909 2.2501 2.0536 2.6322 2.5260 2.0898 2.1994 2.2748 2.1716 2.1358 1.4618 1.4618 2.0163 1.4618 1.4618 1.4618 1.4618 2.3500 2.3500 2.3716 2.3500 2.3334 1.4618 1.8028
1.8285 1.9998 2.4252 2.7061 2.1495 2.3574 1.8285 2.2110 2.5416 2.9909 1.4428 2.3407 2.3407 2.2196 2.2567 2.1398 1.7715 1.8797 1.7715 1.5082 1.7715 1.5082 1.5082 1.5082 1.4421 1.5082 2.5139 2.3323 2.3323 2.4970
1.9463 2.0484 2.0714 2.5768 2.3602 2.3938 2.3392 1.9463 2.4925 2.4564 1.4768 2.3019 1.4768 1.7732 2.2294 3.0835 2.7429 2.7546 2.6120 1.7849 1.4768 1.7122 1.9540 1.4768 1.4768 1.7264 2.2843 1.6927 1.4768 3.1417
1.9722 2.0489 2.4923 2.3083 2.8309 1.8331 1.4694 1.4694 1.4694 2.7596 2.3147 1.4694 1.4694 1.9480 2.3331 2.5347 2.4427 2.3199 2.8111 1.7181 1.4694 2.1144 1.4694 1.7181 1.4694 1.7181 2.3085 1.8675 2.3067 1.3132
2.0030 2.0456 2.4349 2.3297 2.4622 2.5130 1.4865 1.4865 2.4548 2.2438 11.9714 1.4865 1.4865 1.6768 1.8297 3.1012 2.8560 2.4720 2.9422 1.9707 2.2361 1.8464 1.4865 1.4865 1.9220 2.5386 1.9436 1.8144 2.2642 1.2992
