share/VS_Project/swb/x64/Debug/MASS_BALANCE_08_24_1990.asc
NCOLS        340
NROWS        316
XLLCORNER     528502.530
YLLCORNER     274871.653
CELLSIZE        100.000
NODATA_VALUE    -9999.000
[rows 243 to 269 of 316, columns 186 to 247 of 340]
0.298E-07 0.500E-01 0.500E-01 0.298E-07 0.298E-07 0.500E-01 0.500E-01 0.300E-01 0.300E-01 0.500E-01 0.300E-01 0.209E-06 0.209E-06 0.209E-06 0.300E-01 0.500E-01 0.100 0.500E-01 0.209E-06 0.100 0.500E-01 -0.194E-06 0.209E-06 0.164E-06 0.500E-01 0.300E-01 0.100 0.100 0.209E-06 -0.894E-07 0.298E-07 0.298E-07 0.209E-06 0.300E-01 0.300E-01 0.300E-01 0.209E-06 0.209E-06 0.209E-06 0.209E-06 0.300E-01 0.500E-01 0.209E-06 0.500E-01 0.209E-06 0.300E-01 0.209E-06 0.209E-06 0.209E-06 0.300E-01 0.300E-01 0.300E-01 0.300E-01 0.300E-01 0. 0.477E-06 0.300E-01 0.300E-01 0.500E-01 0.500E-01 -0.596E-07 0.931E-06
0.300E-01 0.500E-01 0.500E-01 0.500E-01 -0.224E-06 0.298E-07 0.298E-07 0.500E-01 0.300E-01 0.300E-01 0.300E-01 0.500E-01 0.500E-01 0.300E-01 0.209E-06 0.500E-01 0.500E-01 0.500E-01 0.500E-01 0.100 0.500E-01 0. -0.224E-06 0.209E-06 -0.447E-07 0.500E-01 0.500E-01 0.209E-06 0.209E-06 0.209E-06 -0.894E-07 0.298E-07 0.300E-01 0.300E-01 0.300E-01 0.300E-01 0.300E-01 0.300E-01 0.300E-01 0.300E-01 0.300E-01 0.500E-01 0.100 0.500E-01 0.300E-01 0.300E-01 0.209E-06 0.209E-06 0.209E-06 0.300E-01 -0.224E-06 0.500E-01 -0.149E-07 -0.104E-06 0.300E-01 0.447E-07 -0.745E-06 -0.924E-06 0.209E-06 0.500E-01 -0.924E-06 0.500E-01
0.300E-01 0.500E-01 0.500E-01 0.500E-01 0.298E-07 0.209E-06 0.500E-01 0.298E-07 0.298E-07 0.209E-06 0.300E-01 0.209E-06 0.209E-06 0.209E-06 0.500E-01 0.500E-01 0.300E-01 0.300E-01 0.300E-01 0.300E-01 0.300E-01 0.300E-01 0.300E-01 0.300E-01 -0.179E-06 0.500E-01 0.209E-06 0.209E-06 0.209E-06 0.209E-06 -0.894E-07 -0.134E-06 0.209E-06 0.300E-01 0.300E-01 0.300E-01 0.300E-01 0.500E-01 0.300E-01 0.300E-01 0.500E-01 0.500E-01 0.500E-01 0.500E-01 0.300E-01 0.300E-01 0.209E-06 0.209E-06 0.300E-01 0.300E-01 0.500E-01 0.500E-01 0.500E-01 -0.224E-06 -0.104E-06 -0.589E-06 -0.745E-06 -0.924E-06 -0.924E-06 0.149E-06 0.298E-07 0.500E-01
0.300E-01 0.500E-01 0.100 0.100 0.209E-06 0.298E-07 0.209E-06 -0.894E-07 0.209E-06 0.300E-01 0.300E-01 0.300E-01 0.209E-06 0.209E-06 0.209E-06 0.300E-01 0.300E-01 0.300E-01 0.300E-01 0.300E-01 0.300E-01 0.300E-01 0.300E-01 0.300E-01 0.300E-01 0.300E-01 0.209E-06 0.209E-06 0.209E-06 0.209E-06 -0.149E-06 0.298E-07 0.300E-01 0.300E-01 0.300E-01 0.300E-01 0.300E-01 0.500E-01 0.209E-06 0.500E-01 0.300E-01 0.209E-06 0.209E-06 0.209E-06 0.209E-06 0.209E-06 0.209E-06 0.209E-06 0.300E-01 0.300E-01 0.209E-06 0.209E-06 0.209E-06 0.298E-07 0.298E-07 0.300E-01 -0.924E-06 -0.924E-06 -0.179E-06 -0.924E-06 0.500E-01 0.500E-01
0.500E-01 0.500E-01 0.500E-01 0.500E-01 0.500E-01 0.500E-01 0.209E-06 0.209E-06 0.298E-07 0.500E-01 0.500E-01 0.500E-01 0.500E-01 0.209E-06 0.209E-06 0.209E-06 0.300E-01 0.300E-01 0.300E-01 0.209E-06 0.300E-01 0.500E-01 0.300E-01 0.300E-01 0.300E-01 0.300E-01 0.300E-01 0.300E-01 0.300E-01 0.300E-01 0.300E-01 -0.224E-06 0.300E-01 0.300E-01 0.300E-01 0.300E-01 0.300E-01 0.500E-01 0.209E-06 0.209E-06 0.209E-06 0.300E-01 0.300E-01 0.209E-06 0.209E-06 0.209E-06 0.209E-06 0.209E-06 0.300E-01 0.300E-01 0.209E-06 0.209E-06 0.209E-06 0.209E-06 0.209E-06 0.300E-01 0.298E-06 -0.924E-06 -0.551E-06 -0.924E-06 0.500E-01 -0.224E-06
0.298E-07 -0.224E-06 0.500E-01 -0.164E-06 0.500E-01 0.209E-06 0.209E-06 0.209E-06 0.300E-01 0.300E-01 0.300E-01 0.209E-06 0.209E-06 0.209E-06 0.209E-06 0.209E-06 0.298E-07 0.104E-06 0.894E-07 0.500E-01 0.596E-07 0.500E-01 0.119E-06 0.596E-07 -0.298E-07 0.209E-06 0.298E-07 0.596E-07 -0.179E-06 0.500E-01 0.300E-01 0.300E-01 0.300E-01 0.300E-01 0.300E-01 0.209E-06 0.300E-01 0.300E-01 0.298E-07 0.209E-06 0.300E-01 0.300E-01 0.300E-01 0.300E-01 0.300E-01 0.300E-01 0.209E-06 0.209E-06 0.209E-06 0.209E-06 0.300E-01 0.300E-01 0.209E-06 0.300E-01 0.300E-01 0.300E-01 0.596E-06 -0.924E-06 0.492E-06 0.373E-06 -0.224E-06 0.
-0.596E-07 -0.224E-06 0.500E-01 0.500E-01 0.298E-07 0.298E-07 0.209E-06 0.300E-01 0.298E-07 0.300E-01 0.298E-07 0.209E-06 0.209E-06 0.209E-06 -0.894E-07 -0.119E-06 0.894E-07 0.194E-06 0.179E-06 0.500E-01 0.500E-01 0.500E-01 0.500E-01 0.298E-07 0.500E-01 0.209E-06 0.209E-06 -0.894E-07 0.209E-06 0.209E-06 0.298E-07 0.300E-01 0.300E-01 -0.924E-06 0.300E-01 0.300E-01 0.300E-01 0.209E-06 0.209E-06 0.209E-06 0.300E-01 0.300E-01 -0.224E-06 0.300E-01 0.300E-01 0.300E-01 0.298E-07 -0.924E-06 0.209E-06 0.209E-06 0.298E-07 0.209E-06 0.209E-06 0.209E-06 0.209E-06 -0.924E-06 0.179E-06 -0.402E-06 -0.924E-06 0.812E-06 -0.738E-06 0.500E-01
0.298E-07 0.500E-01 0.500E-01 0.500E-01 0.298E-07 0.298E-07 0.298E-07 0.300E-01 0.500E-01 0.300E-01 0.500E-01 0.209E-06 0.209E-06 0.298E-07 0.209E-06 0.596E-07 0.179E-06 0.149E-06 0.596E-07 0.894E-07 0.500E-01 0.500E-01 0.298E-07 0.298E-07 0.298E-07 0.500E-01 0.500E-01 0.298E-07 0.209E-06 0.298E-07 0.209E-06 0.209E-06 0.298E-07 0.300E-01 0.300E-01 0.300E-01 0.300E-01 0.209E-06 0.300E-01 0.300E-01 0.300E-01 0.209E-06 0.300E-01 0.300E-01 0.300E-01 0.179E-06 0.536E-06 -0.790E-06 0.134E-06 0.820E-06 -0.298E-07 0.300E-01 0.300E-01 0.300E-01 0.300E-01 0.300E-01 0.536E-06 0.603E-06 -0.924E-06 0.454E-06 0.209E-06 0.500E-01
0.500E-01 0.500E-01 0.500E-01 0.500E-01 0.298E-07 0.209E-06 0.209E-06 0.500E-01 0.209E-06 0.209E-06 0.298E-07 0.500E-01 0.500E-01 0.500E-01 0.500E-01 0.500E-01 0.596E-07 0.596E-07 0.596E-07 -0.224E-06 -0.224E-06 0.298E-07 0.298E-07 0.300E-01 0.209E-06 0.500E-01 0.300E-01 0.300E-01 0.300E-01 0.300E-01 0.300E-01 0.300E-01 0.300E-01 0.300E-01 0.500E-01 0.500E-01 -0.298E-07 -0.894E-07 -0.209E-06 -0.134E-06 -0.298E-07 0.300E-01 0.300E-01 0.500E-01 0.500E-01 0.500E-01 -0.924E-06 0.596E-07 0.224E-06 0.300E-01 0.300E-01 0.300E-01 0.300E-01 0.300E-01 0.300E-01 0.300E-01 0.300E-01 0.300E-01 0.305E-06 -0.730E-06 -0.924E-06 0.209E-06
0.224E-06 0.500E-01 0.500E-01 0.596E-07 0.298E-07 0.300E-01 0.300E-01 0.500E-01 0.298E-07 0.209E-06 0.209E-06 0.209E-06 0.596E-07 0.298E-07 -0.224E-06 -0.224E-06 -0.224E-06 -0.224E-06 -0.224E-06 -0.224E-06 -0.224E-06 0.298E-07 0.300E-01 0.500E-01 0.500E-01 0.500E-01 0.300E-01 0.300E-01 0.300E-01 0.300E-01 0.300E-01 0.300E-01 0.300E-01 0.300E-01 0.300E-01 0.500E-01 0.500E-01 0.300E-01 0.300E-01 0.300E-01 0.300E-01 0.300E-01 0.298E-07 0.209E-06 0.209E-06 0.500E-01 0.209E-06 0.209E-06 0.298E-07 0.300E-01 0.300E-01 0.300E-01 0.300E-01 0.300E-01 0.300E-01 0.300E-01 0.300E-01 0.300E-01 -0.477E-06 -0.887E-06 -0.924E-06 -0.924E-06
0.500E-01 0.500E-01 0.298E-07 0.298E-07 0.298E-07 0.300E-01 0.224E-06 0.298E-07 0.209E-06 0.298E-07 0.298E-07 0.596E-07 0.298E-07 -0.224E-06 0.298E-07 0.164E-06 0.134E-06 -0.224E-06 -0.224E-06 -0.194E-06 0.500E-01 0.209E-06 -0.894E-07 0.500E-01 0.100 0.500E-01 0.300E-01 0.300E-01 0.300E-01 0.300E-01 0.300E-01 0.300E-01 0.500E-01 0.300E-01 0.500E-01 0.500E-01 0.500E-01 0.300E-01 0.300E-01 0.300E-01 0.300E-01 0.300E-01 0.298E-07 0.500E-01 0.500E-01 0.209E-06 0.209E-06 0.500E-01 0.298E-07 -0.149E-07 0.300E-01 0.300E-01 0.300E-01 0.209E-06 0.300E-01 0.300E-01 0.300E-01 0.300E-01 0.300E-01 0.596E-06 0.500E-01 -0.924E-06
0.500E-01 0.500E-01 0.596E-07 0.298E-07 0.300E-01 -0.298E-07 0.298E-07 0.596E-07 0.209E-06 0.298E-07 0.500E-01 0.500E-01 0.100 0.100 0.300E-01 0.300E-01 0.209E-06 0.209E-06 -0.224E-06 0.596E-07 0.164E-06 0.500E-01 0.209E-06 0.300E-01 0.298E-07 0.300E-01 0.300E-01 0.500E-01 0.500E-01 0.500E-01 0.500E-01 0.100 0.500E-01 0.500E-01 0.209E-06 0.500E-01 0.596E-07 0. -0.224E-06 -0.224E-06 0.100 0.500E-01 0.209E-06 -0.224E-06 -0.224E-06 -0.224E-06 0.164E-06 0.209E-06 0.298E-07 -0.224E-06 -0.119E-06 0.300E-01 0.300E-01 0.300E-01 0.300E-01 0.209E-06 0.500E-01 0.500E-01 0.500E-01 0.300E-01 0.300E-01 0.671E-06
0.500E-01 0.300E-01 0.500E-01 0.500E-01 0.500E-01 0.500E-01 0.500E-01 0.209E-06 0.298E-07 -0.894E-07 0.500E-01 0.500E-01 0.500E-01 0.500E-01 0.500E-01 0.536E-06 0.300E-01 0.149E-06 0.209E-06 0.500E-01 0.209E-06 0.500E-01 0.209E-06 0.209E-06 -0.894E-07 0.209E-06 0.300E-01 0.300E-01 0.500E-01 0.500E-01 0.100 0.500E-01 0.500E-01 0.300E-01 0.209E-06 0.300E-01 0.298E-07 0.500E-01 0.500E-01 0.100 0.100 0.500E-01 0.209E-06 0.149E-06 0.179E-06 0.164E-06 0.209E-06 0.209E-06 0.209E-06 0.300E-01 0.596E-07 0.300E-01 0.300E-01 0.300E-01 -0.179E-06 0.596E-07 0.500E-01 0.500E-01 0.596E-07 0.300E-01 0.300E-01 0.300E-01
0.300E-01 -0.224E-06 0.500E-01 0.500E-01 0.300E-01 0.500E-01 0.500E-01 0.298E-07 0.209E-06 0.500E-01 0.209E-06 0.209E-06 0.209E-06 0.209E-06 0.298E-07 0.500E-01 0.500E-01 0.268E-06 -0.104E-06 0.500E-01 0.500E-01 0. 0.500E-01 0.500E-01 0.500E-01 0.500E-01 0.300E-01 0.209E-06 0.500E-01 0.500E-01 0.500E-01 0.298E-07 0.300E-01 0.300E-01 0.300E-01 0.300E-01 0.300E-01 -0.224E-06 0.500E-01 0.100 0.100 0.500E-01 0.209E-06 0.164E-06 0.209E-06 -0.224E-06 0.298E-07 0.164E-06 0.596E-07 0.596E-07 0.300E-01 0.300E-01 0.104E-06 0.300E-01 0.209E-06 -0.134E-06 0.300E-01 0.209E-06 0.298E-07 0.209E-06 0.209E-06 0.500E-01
0.300E-01 0.500E-01 0.298E-07 0.596E-07 0. 0.500E-01 0.500E-01 0.209E-06 0.209E-06 0.300E-01 0.209E-06 0.209E-06 0.209E-06 -0.894E-07 0.500E-01 0.500E-01 0.500E-01 0.209E-06 0.100 0.500E-01 0.500E-01 0.500E-01 0.500E-01 0.500E-01 0.500E-01 0.100 0.209E-06 0.500E-01 0.500E-01 0.298E-07 0.209E-06 0.298E-07 0.300E-01 0.209E-06 0.300E-01 0.300E-01 0.300E-01 0.500E-01 0.100 0.100 0.500E-01 0.209E-06 -0.894E-07 0.209E-06 -0.224E-06 0.209E-06 0.298E-07 0.238E-06 0.179E-06 0.596E-07 0.300E-01 0.596E-07 -0.224E-06 0.500E-01 0.298E-07 0.209E-06 0.300E-01 0.209E-06 -0.447E-07 0.500E-01 0.500E-01 0.209E-06
0.596E-07 0.300E-01 0.298E-07 0.500E-01 0.500E-01 0.298E-07 0.209E-06 0.298E-07 0.298E-07 0.298E-07 0.298E-07 0.298E-07 0.298E-07 0.298E-07 0.298E-07 0.500E-01 0.100 0.500E-01 0.100 -0.224E-06 0.500E-01 0.298E-07 0.298E-07 0.209E-06 -0.164E-06 0.500E-01 0.100 0.100 0.100 0.298E-07 0.298E-07 0.209E-06 0.300E-01 -0.164E-06 0.300E-01 0.300E-01 -0.224E-06 0.500E-01 0.100 0.100 0.500E-01 0.500E-01 0.300E-01 0.298E-07 0.209E-06 0.298E-07 0.300E-01 0.209E-06 0.209E-06 -0.447E-07 0.300E-01 0.300E-01 -0.194E-06 0.894E-07 0.298E-07 0.500E-01 0.209E-06 0.300E-01 0.500E-01 0.500E-01 0.209E-06 0.209E-06
-0.119E-06 -0.894E-07 0.500E-01 0.298E-07 0.500E-01 0.298E-07 0.745E-07 -0.894E-07 0.500E-01 0.209E-06 0.224E-06 0.224E-06 0.298E-07 0.298E-07 0.500E-01 0.100 0.100 0.500E-01 0.500E-01 0.500E-01 0.500E-01 0.298E-07 0.500E-01 0.447E-07 0.500E-01 0.100 0.500E-01 0.100 0.100 0.500E-01 -0.894E-07 0.209E-06 0.300E-01 0.894E-07 0.300E-01 -0.596E-07 -0.224E-06 0.500E-01 0.500E-01 0.100 0.100 0.300E-01 0.209E-06 0.209E-06 0.298E-07 0.298E-07 0.300E-01 0.209E-06 0.209E-06 0.209E-06 0.300E-01 0.300E-01 0.596E-07 0.596E-07 0.209E-06 0.209E-06 0.209E-06 0.300E-01 0.300E-01 0.300E-01 0.209E-06 0.209E-06
-0.209E-06 0.298E-07 0.209E-06 0.298E-07 0.298E-07 0.500E-01 0.500E-01 0.500E-01 0.500E-01 0.300E-01 0.300E-01 0.500E-01 0.300E-01 0.298E-07 0.100 0.100 0.500E-01 -0.224E-06 0.209E-06 -0.224E-06 -0.224E-06 0.500E-01 0.300E-01 0.500E-01 0.500E-01 0.300E-01 0.300E-01 0.500E-01 0.500E-01 0.300E-01 0.500E-01 0.300E-01 0.500E-01 -0.224E-06 0.300E-01 0.300E-01 0.300E-01 0.300E-01 0.300E-01 0.500E-01 0.300E-01 0.300E-01 0.300E-01 0.100 0.100 0.100 0.209E-06 0.209E-06 0.209E-06 0.209E-06 0.500E-01 0.500E-01 0.300E-01 0.300E-01 0.300E-01 0.209E-06 0.209E-06 0.209E-06 0.209E-06 -0.447E-07 0.209E-06 0.596E-07
-0.179E-06 0.500E-01 0.298E-07 0.298E-07 0.300E-01 -0.224E-06 0.209E-06 -0.224E-06 -0.224E-06 0.500E-01 0.100 0.100 0.100 0.500E-01 0.100 0.100 0.149E-06 -0.224E-06 -0.224E-06 -0.224E-06 0.149E-06 0.500E-01 0.300E-01 0.500E-01 0.209E-06 0.300E-01 0.300E-01 0.500E-01 0.300E-01 0.300E-01 0.300E-01 0.300E-01 0.300E-01 0.209E-06 0.300E-01 0.300E-01 0.300E-01 0.300E-01 0.300E-01 0.300E-01 0.500E-01 0.100 0.500E-01 0.500E-01 0.500E-01 0.100 0.164E-06 -0.224E-06 0.500E-01 0.500E-01 0.500E-01 0.596E-07 0.300E-01 0.209E-06 0.209E-06 0.298E-07 0.209E-06 0.298E-07 0.298E-07 0.500E-01 0.500E-01 0.500E-01
0.209E-06 0.500E-01 0.209E-06 0.134E-06 0.596E-07 0.298E-07 -0.224E-06 -0.119E-06 0.209E-06 0.209E-06 0.100 0.100 0.100 0.100 0.100 0.100 -0.224E-06 -0.224E-06 -0.224E-06 0.500E-01 0.100 0.100 0.500E-01 0.209E-06 0.209E-06 0.300E-01 0.500E-01 0.100 0.300E-01 0.500E-01 0.500E-01 0.300E-01 0.300E-01 0.209E-06 0.300E-01 0.300E-01 0.300E-01 0.300E-01 0.300E-01 0.300E-01 0.300E-01 0.100 0.500E-01 0.596E-07 0.500E-01 0.100 0.100 0.100 0.100 0.209E-06 0.298E-07 -0.224E-06 0.209E-06 0.298E-07 0.209E-06 0.209E-06 0.209E-06 0.300E-01 0.300E-01 0.300E-01 0.500E-01 0.596E-07
0.238E-06 0.300E-01 0.300E-01 0.300E-01 0.596E-07 0.596E-07 0.298E-07 0.209E-06 -0.149E-07 0.500E-01 0.100 0.100 0.100 0.500E-01 0.300E-01 0.300E-01 0.500E-01 0.500E-01 0.100 0.100 0.100 0.500E-01 0.500E-01 0.500E-01 0.500E-01 0.500E-01 0.500E-01 0.500E-01 0.500E-01 0.500E-01 0.500E-01 0.500E-01 0.209E-06 0.300E-01 0.300E-01 0.500E-01 0.300E-01 0.300E-01 0.209E-06 0.300E-01 0.300E-01 0.500E-01 0.596E-07 0.596E-07 0.100 0.500E-01 0.500E-01 0.500E-01 0.500E-01 0.500E-01 0.298E-07 0.209E-06 -0.104E-06 -0.238E-06 -0.134E-06 0.300E-01 0.300E-01 0.300E-01 0.100 0.300E-01 0.300E-01 0.209E-06
-0.224E-06 0.300E-01 0.300E-01 0.300E-01 0.300E-01 0.298E-07 0.209E-06 0.209E-06 0.100 0.100 0.100 0.100 0.100 0.300E-01 0.300E-01 0.300E-01 0.298E-07 0.500E-01 0.100 0.100 0.100 0.209E-06 -0.447E-07 -0.224E-06 0.300E-01 0.300E-01 0.209E-06 0.100 0.300E-01 0.500E-01 0.500E-01 0.209E-06 0.209E-06 0.209E-06 0.100 0.100 0.500E-01 0.300E-01 0.300E-01 0.300E-01 0.298E-07 0.300E-01 0.596E-07 0.500E-01 0.100 0.500E-01 0.596E-07 0.596E-07 0.209E-06 0.209E-06 0.298E-07 -0.894E-07 0.164E-06 -0.224E-06 0.209E-06 0.209E-06 0.209E-06 0.209E-06 0.209E-06 0.209E-06 0.500E-01 -0.387E-06
0.298E-07 0.500E-01 0.300E-01 0.300E-01 0.300E-01 0.298E-07 0.209E-06 0.149E-06 0.100 0.100 0.100 0.500E-01 0.500E-01 0.500E-01 0.500E-01 0.500E-01 0.500E-01 0.100 0.100 0.100 0.100 0.300E-01 0.209E-06 0.300E-01 0.300E-01 0.298E-07 0.134E-06 0.100 0.300E-01 0.500E-01 0.500E-01 0.209E-06 0.300E-01 -0.447E-07 0.100 0.100 0.300E-01 0.300E-01 0.300E-01 0.300E-01 0.209E-06 0.209E-06 0.300E-01 0.500E-01 0.500E-01 0.500E-01 0.596E-07 0.300E-01 0.300E-01 0.500E-01 0.596E-07 0.298E-07 0.500E-01 0.500E-01 0.500E-01 0.500E-01 0.500E-01 0.209E-06 0.209E-06 0.209E-06 0.209E-06 0.209E-06
-0.209E-06 0.300E-01 0.300E-01 -0.224E-06 0.596E-07 0.300E-01 0.300E-01 0.298E-07 0.149E-06 0.500E-01 0.500E-01 0.500E-01 0.500E-01 0.298E-07 0.298E-07 0.500E-01 0.209E-06 0.100 0.100 0.100 0.100 0.100 0.300E-01 -0.224E-06 0.300E-01 0.300E-01 0.100 0.100 0.300E-01 0.298E-07 0.209E-06 0.209E-06 0.596E-07 -0.119E-06 0.100 0.100 0.500E-01 0.300E-01 0.300E-01 0.300E-01 0.209E-06 0.209E-06 0.596E-07 -0.224E-06 -0.224E-06 0.300E-01 0.119E-06 0.500E-01 0.500E-01 0.500E-01 0.596E-07 -0.224E-06 0.500E-01 0.300E-01 0.300E-01 0.500E-01 0.300E-01 0.300E-01 0.300E-01 0.209E-06 0.209E-06 0.300E-01
0.500E-01 0.300E-01 0.300E-01 -0.224E-06 0.500E-01 0.300E-01 0.300E-01 0.298E-07 0.298E-07 0.500E-01 0.500E-01 0.500E-01 0.298E-07 0.104E-06 0.500E-01 0.500E-01 0.500E-01 0.500E-01 0.500E-01 0.500E-01 0.500E-01 0.500E-01 0.300E-01 -0.224E-06 0.300E-01 0.300E-01 0.100 0.100 0.596E-07 0.300E-01 0.500E-01 0.500E-01 0.596E-07 0.104E-06 0.500E-01 0.500E-01 0.300E-01 -0.596E-07 0.209E-06 0.209E-06 0.209E-06 0.209E-06 0.300E-01 0.300E-01 0.300E-01 0.300E-01 0.298E-07 0.500E-01 0.500E-01 0.500E-01 0.500E-01 0.500E-01 0.300E-01 0.300E-01 0.300E-01 0.500E-01 0.500E-01 0.300E-01 -0.224E-06 0.209E-06 0.300E-01 0.253E-06
0.300E-01 0.298E-07 0.298E-07 0.596E-07 0.300E-01 0.300E-01 0.209E-06 0.209E-06 0.209E-06 0.298E-07 0.209E-06 0.300E-01 0.500E-01 0.500E-01 0.300E-01 0.500E-01 0.300E-01 0.500E-01 0.500E-01 0.300E-01 0.104E-06 0.500E-01 0.300E-01 -0.224E-06 0.300E-01 0.500E-01 0.500E-01 0.134E-06 0.300E-01 0.300E-01 0.300E-01 0.298E-07 -0.149E-06 0.209E-06 0.300E-01 0.300E-01 0.300E-01 0.209E-06 0.300E-01 0.300E-01 0.300E-01 0.300E-01 0.300E-01 0.300E-01 0.300E-01 0.500E-01 0.100 0.100 0.209E-06 0.209E-06 0.209E-06 0.500E-01 0.300E-01 0.500E-01 0.500E-01 0.209E-06 0.209E-06 0.209E-06 0.300E-01 0.300E-01 0.209E-06 0.209E-06
0.209E-06 0.298E-07 0.500E-01 0.596E-07 0.300E-01 0.300E-01 0.209E-06 0.209E-06 0.209E-06 0.500E-01 0.209E-06 0.596E-07 0.596E-07 -0.164E-06 0.500E-01 0.500E-01 0.500E-01 0.500E-01 0.500E-01 0.500E-01 0.300E-01 0.500E-01 0.500E-01 -0.224E-06 0.300E-01 0.500E-01 0.500E-01 0.500E-01 0.300E-01 0.300E-01 0.298E-07 -0.447E-07 0.209E-06 0.209E-06 0.209E-06 0.209E-06 0.300E-01 0.300E-01 0.300E-01 0.298E-07 0.596E-07 0.300E-01 0.209E-06 0.209E-06 0.596E-07 0.500E-01 0.300E-01 0.300E-01 0.500E-01 0.500E-01 0.300E-01 0.300E-01 0.300E-01 0.300E-01 0.209E-06 -0.894E-07 0.300E-01 0.300E-01 0.300E-01 0.300E-01 0.300E-01 -0.745E-07
