share/VS_Project/swb/x64/Debug/MASS_BALANCE_05_23_1990.asc
NCOLS        340
NROWS        316
XLLCORNER     528502.530
YLLCORNER     274871.653
CELLSIZE        100.000
NODATA_VALUE    -9999.000
[rows 108 to 134 of 316, columns 186 to 247 of 340]
0.100 0.100 0.100 0.100 0.298E-07 0.100 0.500E-01 0.298E-07 0.300E-01 0.300E-01 0.500E-01 0.100 0.100 0.100 0.100 0.500E-01 0.298E-07 0.298E-07 0.298E-07 0.100 0.100 0.100 0.500E-01 0.298E-07 0.298E-07 0.298E-07 0.500E-01 0.298E-07 0.298E-07 0.298E-07 0.298E-07 0.298E-07 0.100 0.300E-01 0.300E-01 0.300E-01 0.500E-01 0.100 0.100 0.100 0.500E-01 0.500E-01 0.500E-01 0.298E-07 0.298E-07 0.298E-07 0.298E-07 0.298E-07 0.298E-07 0.300E-01 0.500E-01 0.500E-01 0.100 0.100 0.500E-01 0.298E-07 0.298E-07 0.298E-07 0.298E-07 0.298E-07 0.100 0.100
0.100 0.100 0.100 0.100 0.300E-01 0.298E-07 0.298E-07 0.298E-07 0.300E-01 0.300E-01 0.500E-01 0.298E-07 0.100 0.100 0.500E-01 0.500E-01 0.298E-07 0.298E-07 0.298E-07 0.500E-01 0.500E-01 0.100 0.500E-01 0.298E-07 0.298E-07 0.298E-07 0.500E-01 0.298E-07 0.298E-07 0.300E-01 0.300E-01 0.500E-01 0.500E-01 0.300E-01 0.300E-01 0.300E-01 0.100 0.100 0.100 0.100 0.500E-01 0.298E-07 0.298E-07 0.298E-07 0.298E-07 0.298E-07 0.298E-07 0.298E-07 0.300E-01 0.500E-01 0.100 0.100 0.500E-01 0.298E-07 0.298E-07 0.298E-07 0.298E-07 0.298E-07 0.298E-07 0.298E-07 0.100 0.100
0.100 0.100 0.100 0.100 0.500E-01 0.300E-01 0.300E-01 0.300E-01 0.300E-01 0.300E-01 0.500E-01 0.100 0.100 0.100 0.500E-01 0.500E-01 0.500E-01 0.500E-01 0.298E-07 0.500E-01 0.298E-07 0.298E-07 0.500E-01 0.298E-07 0.298E-07 0.298E-07 0.500E-01 0.298E-07 0.298E-07 0.300E-01 0.300E-01 0.298E-07 0.500E-01 0.300E-01 0.300E-01 0.500E-01 0.100 0.100 0.100 0.500E-01 0.300E-01 0.298E-07 0.300E-01 0.298E-07 0.300E-01 0.298E-07 0.298E-07 0.500E-01 0.500E-01 0.100 0.100 0.100 0.298E-07 0.298E-07 0.298E-07 0.298E-07 0.298E-07 0.298E-07 0.298E-07 0.298E-07 0.100 0.100
0.100 0.100 0.100 0.100 0.500E-01 0.500E-01 0.298E-07 0.300E-01 0.298E-07 0.500E-01 0.100 0.100 0.500E-01 0.500E-01 0.298E-07 0.298E-07 0.298E-07 0.298E-07 0.298E-07 0.298E-07 0.298E-07 0.298E-07 0.298E-07 0.298E-07 0.298E-07 0.298E-07 0.298E-07 0.298E-07 0.298E-07 0.500E-01 0.298E-07 0.298E-07 0.300E-01 0.300E-01 0.300E-01 0.500E-01 0.100 0.100 0.100 0.500E-01 0.298E-07 0.298E-07 0.298E-07 0.300E-01 0.298E-07 0.300E-01 0.500E-01 0.500E-01 0.500E-01 0.500E-01 0.500E-01 0.500E-01 0.298E-07 0.298E-07 0.298E-07 0.298E-07 0.298E-07 0.298E-07 0.298E-07 0.149E-07 0.298E-07 0.298E-07
0.500E-01 0.100 0.100 0.500E-01 0.298E-07 0.298E-07 0.298E-07 0.300E-01 0.300E-01 0.500E-01 0.100 0.100 0.500E-01 0.298E-07 0.298E-07 0.500E-01 0.500E-01 0.298E-07 0.298E-07 0.298E-07 0.298E-07 0.298E-07 0.298E-07 0.500E-01 0.500E-01 0.298E-07 0.298E-07 0.298E-07 0.298E-07 0.298E-07 0.298E-07 0.298E-07 0.300E-01 0.300E-01 0.298E-07 0.500E-01 0.100 0.500E-01 0.500E-01 0.300E-01 0.298E-07 0.298E-07 0.298E-07 0.298E-07 0.298E-07 0.500E-01 0.500E-01 0.500E-01 0.298E-07 0.298E-07 0.298E-07 0.298E-07 0.298E-07 0.298E-07 0.298E-07 0.298E-07 0.298E-07 0.298E-07 0.298E-07 0.298E-07 0.156E-06 -0.745E-08
0.300E-01 0.100 0.500E-01 0.500E-01 0.298E-07 0.298E-07 0.300E-01 0.298E-07 0.300E-01 0.500E-01 0.500E-01 0.500E-01 0.100 0.100 0.100 0.100 0.100 0.100 0.100 0.500E-01 0.500E-01 0.500E-01 0.298E-07 0.500E-01 0.300E-01 0.300E-01 0.298E-07 0.298E-07 0.298E-07 0.298E-07 0.298E-07 0.298E-07 0.300E-01 0.300E-01 0.298E-07 0.500E-01 0.100 0.500E-01 0.300E-01 0.300E-01 0.298E-07 0.298E-07 0.298E-07 0.298E-07 0.300E-01 0.298E-07 0.298E-07 0.298E-07 0.298E-07 0.500E-01 0.298E-07 0.500E-01 0.298E-07 0.500E-01 0.100 0.500E-01 0.500E-01 0.500E-01 0.298E-07 0.298E-07 0.298E-07 0.298E-07
0.300E-01 0.100 0.500E-01 0.298E-07 0.298E-07 0.300E-01 0.300E-01 0.300E-01 0.298E-07 0.298E-07 0.500E-01 0.298E-07 0.298E-07 0.500E-01 0.100 0.100 0.100 0.100 0.100 0.500E-01 0.500E-01 0.500E-01 0.300E-01 0.300E-01 0.300E-01 0.300E-01 0.298E-07 0.298E-07 0.298E-07 0.500E-01 0.500E-01 0.300E-01 0.300E-01 0.300E-01 0.500E-01 0.500E-01 0.298E-07 0.298E-07 0.300E-01 0.300E-01 0.300E-01 0.300E-01 0.298E-07 0.300E-01 0.298E-07 0.298E-07 0.298E-07 0.298E-07 0.298E-07 0.298E-07 0.298E-07 0.298E-07 0.100 0.500E-01 0.500E-01 0.800E-01 0.298E-07 0.298E-07 0.298E-07 0.500E-01 0.298E-07 0.298E-07
0.298E-07 0.100 0.500E-01 0.298E-07 0.300E-01 0.300E-01 0.300E-01 0.500E-01 0.100 0.500E-01 0.500E-01 0.100 0.500E-01 0.500E-01 0.100 0.100 0.100 0.100 0.100 0.500E-01 0.500E-01 0.500E-01 0.298E-07 0.298E-07 0.500E-01 0.298E-07 0.298E-07 0.298E-07 0.298E-07 0.500E-01 0.500E-01 0.298E-07 0.298E-07 0.298E-07 0.500E-01 0.500E-01 0.238E-06 -0.179E-06 0.300E-01 0.298E-07 0.300E-01 0.298E-07 0.500E-01 0.500E-01 0.500E-01 0.500E-01 0.500E-01 0.298E-07 0.298E-07 0.500E-01 0.500E-01 0.800E-01 0.100 0.100 0.100 0.500E-01 0.298E-07 0.298E-07 0.298E-07 0.300E-01 0.300E-01 0.298E-07
0.300E-01 0.100 0.500E-01 0.298E-07 0.300E-01 0.300E-01 0.298E-07 0.500E-01 0.100 0.100 0.100 0.100 0.500E-01 0.298E-07 0.298E-07 0.298E-07 0.500E-01 0.500E-01 0.298E-07 0.298E-07 0.298E-07 0.298E-07 0.300E-01 0.298E-07 0.500E-01 0.298E-07 0.500E-01 0.500E-01 0.298E-07 0.298E-07 0.300E-01 0.298E-07 0.298E-07 0.298E-07 0.298E-07 0.298E-07 0.300E-01 0.300E-01 0.300E-01 0.300E-01 0.300E-01 0.500E-01 0.500E-01 0.298E-07 0.298E-07 0.298E-07 0.298E-07 0.100 0.100 0.300E-01 0.100 0.100 0.500E-01 0.500E-01 0.298E-07 0.298E-07 0.298E-07 0.298E-07 0.298E-07 0.298E-07 0.298E-07 0.298E-07
0.298E-07 0.100 0.500E-01 0.400E-01 0.298E-07 0.298E-07 0.300E-01 0.298E-07 0.298E-07 0.500E-01 0.100 0.100 0.100 0.500E-01 0.298E-07 0.298E-07 0.298E-07 0.298E-07 0.298E-07 0.298E-07 0.298E-07 0.298E-07 0.300E-01 0.298E-07 0.100 0.298E-07 0.500E-01 0.298E-07 0.300E-01 0.300E-01 0.300E-01 0.298E-07 0.298E-07 0.298E-07 0.300E-01 0.300E-01 0.300E-01 0.300E-01 0.298E-07 0.500E-01 0.298E-07 0.300E-01 0.500E-01 0.500E-01 0.298E-07 0.298E-07 0.298E-07 0.298E-07 0.500E-01 0.298E-07 0.500E-01 0.100 0.298E-07 0.298E-07 0.298E-07 0.298E-07 0.298E-07 0.298E-07 0.298E-07 0.298E-07 0.298E-07 0.298E-07
0.298E-07 0.500E-01 0.500E-01 0.298E-07 0.298E-07 0.298E-07 0.300E-01 0.500E-01 0.500E-01 0.100 0.100 0.100 0.100 0.100 0.500E-01 0.500E-01 0.298E-07 0.298E-07 0.298E-07 0.298E-07 0.298E-07 0.298E-07 0.298E-07 0.500E-01 0.500E-01 0.500E-01 0.298E-07 0.298E-07 0.300E-01 0.300E-01 0.300E-01 0.300E-01 0.300E-01 0.300E-01 0.300E-01 0.300E-01 0.300E-01 0.298E-07 0.298E-07 0.298E-07 0.298E-07 0.300E-01 0.298E-07 0.298E-07 0.500E-01 0.298E-07 0.298E-07 0.298E-07 0.298E-07 0.298E-07 0.500E-01 0.100 0.298E-07 0.298E-07 0.298E-07 0.298E-07 0.298E-07 0.298E-07 0.500E-01 0.500E-01 0.298E-07 0.298E-07
0.298E-07 0.500E-01 0.298E-07 0.400E-01 0.298E-07 0.500E-01 0.500E-01 0.100 0.100 0.100 0.100 0.100 0.100 0.100 0.100 0.100 0.298E-07 0.298E-07 0.298E-07 0.298E-07 0.298E-07 0.298E-07 0.298E-07 0.298E-07 0.298E-07 0.298E-07 0.300E-01 0.300E-01 0.300E-01 0.298E-07 0.298E-07 0.300E-01 0.300E-01 0.300E-01 0.300E-01 0.300E-01 0.300E-01 0.298E-07 0.298E-07 0.500E-01 0.298E-07 0.298E-07 0.298E-07 0.298E-07 0.298E-07 0.298E-07 0.298E-07 0.298E-07 0.500E-01 0.298E-07 0.298E-07 0.298E-07 0.298E-07 0.298E-07 0.298E-07 0.298E-07 0.500E-01 0.298E-07 0.500E-01 0.500E-01 0.500E-01 0.500E-01
0.298E-07 0.500E-01 0.298E-07 0.298E-07 0.300E-01 0.500E-01 0.500E-01 0.100 0.100 0.500E-01 0.500E-01 0.500E-01 0.500E-01 0.100 0.100 0.100 0.298E-07 0.298E-07 0.298E-07 0.298E-07 0.298E-07 0.298E-07 0.298E-07 0.298E-07 0.298E-07 0.300E-01 0.300E-01 0.300E-01 0.300E-01 0.298E-07 0.298E-07 0.298E-07 0.298E-07 0.298E-07 0.298E-07 0.298E-07 0.300E-01 0.298E-07 0.500E-01 0.100 0.298E-07 0.298E-07 0.298E-07 0.500E-01 0.500E-01 0.298E-07 0.298E-07 0.298E-07 0.500E-01 0.298E-07 0.298E-07 0.298E-07 0.298E-07 0.298E-07 0.298E-07 0.298E-07 0.500E-01 0.298E-07 0.298E-07 0.298E-07 0.298E-07 0.298E-07
0.298E-07 0.298E-07 0.298E-07 0.298E-07 0.300E-01 0.500E-01 0.100 0.100 0.100 0.500E-01 0.300E-01 0.300E-01 0.500E-01 0.100 0.100 0.500E-01 0.298E-07 0.298E-07 0.298E-07 0.298E-07 0.298E-07 0.298E-07 0.298E-07 0.298E-07 0.300E-01 0.300E-01 0.300E-01 0.300E-01 0.300E-01 0.298E-07 0.298E-07 0.298E-07 0.298E-07 0.298E-07 0.298E-07 0.298E-07 0.300E-01 0.298E-07 0.500E-01 0.100 0.298E-07 0.298E-07 0.298E-07 0.500E-01 0.298E-07 0.298E-07 0.298E-07 0.298E-07 0.500E-01 0.298E-07 0.298E-07 0.298E-07 0.298E-07 0.298E-07 0.298E-07 0.298E-07 0.298E-07 0.298E-07 0.298E-07 0.298E-07 0.298E-07 0.298E-07
0.298E-07 0.298E-07 0.400E-01 0.298E-07 0.298E-07 0.300E-01 0.300E-01 0.100 0.100 0.100 0.100 0.100 0.500E-01 0.500E-01 0.500E-01 0.500E-01 0.100 0.100 0.298E-07 0.500E-01 0.500E-01 0.500E-01 0.500E-01 0.298E-07 0.300E-01 0.300E-01 0.300E-01 0.300E-01 0.300E-01 0.298E-07 0.300E-01 0.298E-07 0.298E-07 0.300E-01 0.300E-01 0.300E-01 0.300E-01 0.500E-01 0.100 0.100 0.298E-07 0.298E-07 0.298E-07 0.298E-07 0.298E-07 0.500E-01 0.298E-07 0.298E-07 0.298E-07 0.298E-07 0.500E-01 0.298E-07 0.298E-07 0.298E-07 0.298E-07 0.298E-07 0.500E-01 0.300E-01 0.298E-07 0.298E-07 0.500E-01 0.300E-01
0.298E-07 0.298E-07 0.298E-07 0.300E-01 0.500E-01 0.500E-01 0.500E-01 0.500E-01 0.100 0.100 0.100 0.100 0.500E-01 0.298E-07 0.500E-01 0.100 0.100 0.100 0.100 0.500E-01 0.100 0.500E-01 0.298E-07 0.298E-07 0.298E-07 0.300E-01 0.300E-01 0.300E-01 0.298E-07 0.300E-01 0.300E-01 0.300E-01 0.298E-07 0.298E-07 0.298E-07 0.298E-07 0.500E-01 0.100 0.100 0.100 0.298E-07 0.298E-07 0.298E-07 0.298E-07 0.298E-07 0.298E-07 0.298E-07 0.298E-07 0.298E-07 0.298E-07 0.500E-01 0.298E-07 0.298E-07 0.298E-07 0.298E-07 0.298E-07 0.298E-07 0.298E-07 0.298E-07 0.300E-01 0.300E-01 0.300E-01
0.298E-07 0.298E-07 0.298E-07 0.500E-01 0.500E-01 0.100 0.100 0.100 0.100 0.100 0.100 0.100 0.500E-01 0.100 0.100 0.100 0.100 0.100 0.100 0.100 0.100 0.100 0.298E-07 0.298E-07 0.500E-01 0.300E-01 0.300E-01 0.300E-01 0.298E-07 0.298E-07 0.298E-07 0.298E-07 0.298E-07 0.298E-07 0.298E-07 0.298E-07 0.100 0.298E-07 0.500E-01 0.500E-01 0.298E-07 0.298E-07 0.298E-07 0.298E-07 0.298E-07 0.298E-07 0.298E-07 0.298E-07 0.500E-01 0.500E-01 0.500E-01 0.298E-07 0.298E-07 0.298E-07 0.300E-01 0.298E-07 0.298E-07 0.298E-07 0.298E-07 0.298E-07 0.500E-01 0.500E-01
0.500E-01 0.298E-07 0.500E-01 0.500E-01 0.100 0.100 0.100 0.100 0.100 0.100 0.100 0.100 0.100 0.100 0.100 0.100 0.100 0.298E-07 0.500E-01 0.100 0.100 0.100 0.298E-07 0.298E-07 0.500E-01 0.298E-07 0.298E-07 0.298E-07 0.298E-07 0.298E-07 0.298E-07 0.298E-07 0.298E-07 0.298E-07 0.298E-07 0.298E-07 0.100 0.100 0.500E-01 0.298E-07 0.298E-07 0.298E-07 0.500E-01 0.298E-07 0.500E-01 0.298E-07 0.500E-01 0.298E-07 0.500E-01 0.500E-01 0.298E-07 0.298E-07 0.298E-07 0.298E-07 0.298E-07 0.298E-07 0.298E-07 0.298E-07 0.500E-01 0.500E-01 0.500E-01 0.100
0.500E-01 0.500E-01 0.500E-01 0.500E-01 0.500E-01 0.100 0.100 0.100 0.100 0.298E-07 0.500E-01 0.100 0.100 0.500E-01 0.100 0.100 0.500E-01 0.300E-01 0.500E-01 0.100 0.100 0.100 0.298E-07 -0.298E-07 0.298E-07 0.298E-07 0.298E-07 0.298E-07 0.298E-07 0.298E-07 0.298E-07 -0.298E-07 0.298E-07 0.298E-07 0.298E-07 0.298E-07 0.298E-07 0.500E-01 0.500E-01 0.500E-01 0.500E-01 0.500E-01 0.100 0.100 0.100 0.100 0.500E-01 0.298E-07 0.100 0.298E-07 0.298E-07 0.298E-07 0.298E-07 0.298E-07 0.298E-07 0.298E-07 0.298E-07 0.298E-07 0.500E-01 0.500E-01 0.500E-01 0.500E-01
0.500E-01 0.500E-01 0.500E-01 0.800E-01 0.500E-01 0.500E-01 0.500E-01 0.100 0.298E-07 0.298E-07 0.500E-01 0.100 0.100 0.500E-01 0.500E-01 0.100 0.298E-07 0.300E-01 0.100 0.100 0.500E-01 0.500E-01 0.298E-07 -0.596E-07 0.298E-07 0.298E-07 0.298E-07 0.298E-07 0.500E-01 0.298E-07 0.298E-07 0.894E-07 0.298E-07 0.298E-07 0.298E-07 0.298E-07 0.298E-07 0.298E-07 0.298E-07 0.298E-07 0.500E-01 0.298E-07 0.300E-01 0.298E-07 0.500E-01 0.500E-01 0.500E-01 0.500E-01 0.298E-07 0.298E-07 0.298E-07 0.300E-01 0.298E-07 0.298E-07 0.300E-01 0.300E-01 0.298E-07 0.298E-07 0.500E-01 0.500E-01 0.298E-07 0.500E-01
0.500E-01 0.500E-01 0.300E-01 0.300E-01 0.500E-01 0.298E-07 0.298E-07 0.298E-07 0.298E-07 0.298E-07 0.100 0.298E-07 0.298E-07 0.298E-07 0.298E-07 0.300E-01 0.300E-01 0.300E-01 0.500E-01 0.298E-07 0.298E-07 0.298E-07 0.298E-07 0.112E-06 0.298E-07 0.298E-07 0.298E-07 0.298E-07 0.298E-07 0.298E-07 0.298E-07 0.298E-07 0.298E-07 0.298E-07 0.298E-07 0.298E-07 0.298E-07 0.298E-07 0.298E-07 0.298E-07 0.500E-01 0.300E-01 0.300E-01 0.300E-01 0.300E-01 0.300E-01 0.300E-01 0.300E-01 0.298E-07 0.298E-07 0.298E-07 0.300E-01 0.298E-07 0.300E-01 0.300E-01 0.300E-01 0.298E-07 0.298E-07 0.500E-01 0.500E-01 0.500E-01 0.500E-01
0.500E-01 0.500E-01 0.300E-01 0.300E-01 0.500E-01 0.298E-07 0.298E-07 0.298E-07 0.298E-07 0.298E-07 0.298E-07 0.298E-07 0.298E-07 0.298E-07 0.298E-07 0.298E-07 0.300E-01 0.300E-01 0.300E-01 0.500E-01 0.298E-07 0.298E-07 0.298E-07 -0.171E-06 0.298E-07 0.298E-07 0.298E-07 0.298E-07 0.298E-07 0.298E-07 0.298E-07 0.298E-07 0.298E-07 0.298E-07 0.298E-07 0.298E-07 0.298E-07 0.300E-01 0.300E-01 0.300E-01 0.300E-01 0.300E-01 0.300E-01 0.300E-01 0.298E-07 0.298E-07 0.298E-07 0.298E-07 0.298E-07 0.298E-07 0.298E-07 0.300E-01 0.298E-07 0.298E-07 0.300E-01 0.298E-07 0.298E-07 0.298E-07 0.298E-07 0.298E-07 0.500E-01 0.500E-01
0.300E-01 0.300E-01 0.298E-07 0.300E-01 0. 0.298E-07 0.298E-07 0.298E-07 0.298E-07 0.298E-07 0.298E-07 0.298E-07 0.298E-07 0.298E-07 0.298E-07 0.298E-07 0.300E-01 0.300E-01 0.300E-01 0.298E-07 0.298E-07 0.298E-07 -0.596E-07 0.298E-07 0.298E-07 0.298E-07 0.298E-07 0.298E-07 0.298E-07 0.298E-07 0.298E-07 0.298E-07 0.298E-07 0.298E-07 0.298E-07 0.298E-07 0.300E-01 0.300E-01 0.300E-01 0.500E-01 0.298E-07 0.298E-07 0.298E-07 0.298E-07 0.500E-01 0.500E-01 0.500E-01 0.300E-01 0.298E-07 0.298E-07 0.298E-07 0.298E-07 0.298E-07 0.298E-07 0.298E-07 0.298E-07 0.500E-01 0.500E-01 0.500E-01 0.500E-01 0.100 0.500E-01
0.300E-01 0.300E-01 0.300E-01 0.300E-01 0.300E-01 0.134E-06 0.298E-07 -0.298E-07 -0.298E-07 0.156E-06 0.298E-07 -0.298E-07 0.298E-07 0.298E-07 0.298E-07 0.298E-07 0.298E-07 0.298E-07 0.298E-07 0.298E-07 -0.119E-06 -0.149E-06 0.298E-07 0.298E-07 0.298E-07 0.298E-07 0.298E-07 0.298E-07 0.298E-07 0.300E-01 0.300E-01 0.300E-01 0.298E-07 0.300E-01 0.298E-07 0.500E-01 0.100 0.100 0.100 0.100 0.100 0.100 0.100 0.100 0.100 0.100 0.500E-01 0.500E-01 0.300E-01 0.300E-01 0.300E-01 0.300E-01 0.298E-07 0.298E-07 0.298E-07 0.298E-07 0.300E-01 0.300E-01 0.298E-07 0.298E-07 0.100 0.500E-01
0.298E-07 0.298E-07 0.298E-07 0.298E-07 0.298E-07 -0.149E-06 0.231E-06 0.298E-07 0.216E-06 -0.298E-07 -0.671E-07 0.894E-07 0.500E-01 0.500E-01 0.373E-07 0.224E-06 -0.186E-06 0.298E-07 0.298E-07 -0.142E-06 -0.820E-07 0.298E-07 0.298E-07 0.298E-07 0.298E-07 0.298E-07 0.298E-07 0.500E-01 0.298E-07 0.300E-01 0.300E-01 0.300E-01 0.298E-07 0.298E-07 0.298E-07 0.298E-07 0.500E-01 0.100 0.100 0.100 0.500E-01 0.500E-01 0.100 0.500E-01 0.100 0.500E-01 0.500E-01 0.500E-01 0.500E-01 0.298E-07 0.298E-07 0.298E-07 0.500E-01 0.298E-07 0.298E-07 0.298E-07 0.300E-01 0.300E-01 0.500E-01 0.500E-01 0.100 0.500E-01
0.298E-07 0.298E-07 0.298E-07 0.298E-07 0.298E-07 0.298E-07 0.298E-07 0.298E-07 -0.298E-07 0.298E-07 0.298E-07 0.298E-07 0.298E-07 0.298E-07 0.298E-07 0.298E-07 0.447E-07 0.224E-07 0.298E-07 0.127E-06 0.298E-07 0.298E-07 0.298E-07 0.298E-07 0.298E-07 0.298E-07 0.500E-01 0.500E-01 0.500E-01 0.298E-07 0.298E-07 0.300E-01 0.300E-01 0.300E-01 0.300E-01 0.300E-01 0.100 0.100 0.100 0.500E-01 0.298E-07 0.298E-07 0.298E-07 0.298E-07 0.100 0.500E-01 0.500E-01 0.500E-01 0.298E-07 0.298E-07 0.298E-07 0.298E-07 0.298E-07 0.800E-01 0.298E-07 0.298E-07 0.300E-01 0.298E-07 0.298E-07 0.298E-07 0.500E-01 0.500E-01
0.298E-07 0.500E-01 0.500E-01 0.298E-07 0.298E-07 0.500E-01 0.500E-01 0.500E-01 0.500E-01 0.298E-07 0.298E-07 0.298E-07 0.298E-07 0.298E-07 0.500E-01 0.500E-01 0.500E-01 0.500E-01 0.500E-01 0.373E-06 0.298E-07 0.298E-07 0.298E-07 -0.298E-07 0.500E-01 0.500E-01 0.500E-01 0.500E-01 0.100 0.500E-01 0.500E-01 0.500E-01 0.298E-07 0.298E-07 0.298E-07 0.100 0.100 0.100 0.100 0.100 0.500E-01 0.500E-01 0.500E-01 0.500E-01 0.500E-01 0.500E-01 0.500E-01 0.100 0.500E-01 0.500E-01 0.500E-01 0.500E-01 0.298E-07 0.298E-07 0.298E-07 0.500E-01 0.298E-07 0.298E-07 0.500E-01 0.500E-01 0.500E-01 0.500E-01
