share/VS_Project/swb/x64/Debug/MASS_BALANCE_09_01_1989.asc
NCOLS        340
NROWS        316
XLLCORNER     528502.530
YLLCORNER     274871.653
CELLSIZE        100.000
NODATA_VALUE    -9999.000
[rows 84 to 111 of 316, columns 126 to 188 of 340]
0.500E-01 -0.209E-06 0.149E-06 -0.179E-06 0.300E-01 0.209E-06 0.149E-06 0.298E-07 0.209E-06 -0.134E-06 0.800E-01 0.800E-01 0. 0.500E-01 0.500E-01 0.500E-01 0.100 0.500E-01 -0.224E-06 0.447E-07 0.500E-01 0.500E-01 0.500E-01 0.500E-01 0. 0.500E-01 0.100 0.500E-01 0.209E-06 0.179E-06 -0.447E-07 0.300E-01 0.300E-01 0.300E-01 0.500E-01 0.500E-01 0.500E-01 0.298E-07 0.500E-01 -0.209E-06 0.209E-06 0.209E-06 0.300E-01 0.300E-01 -0.209E-06 -0.209E-06 -0.298E-07 0.596E-07 -0.164E-06 0.119E-06 0. 0. 0.300E-01 0.500E-01 -0.164E-06 0.298E-07 -0.164E-06 -0.164E-06 0.209E-06 0.300E-01 -0.209E-06 -0.209E-06 -0.209E-06
0.500E-01 -0.209E-06 -0.298E-07 -0.596E-07 0. 0.119E-06 -0.209E-06 0.500E-01 0.500E-01 0.500E-01 0.800E-01 0.149E-07 -0.596E-07 0.500E-01 0.500E-01 0.500E-01 0.500E-01 0.500E-01 0.298E-07 -0.149E-06 -0.224E-06 0.656E-06 0.149E-07 0.581E-06 0.492E-06 0.500E-01 0.500E-01 0.500E-01 -0.745E-07 0.300E-01 0.500E-01 0.300E-01 0.500E-01 0.500E-01 0.500E-01 0.100 0.100 0.100 0.100 0.500E-01 0.500E-01 0.209E-06 0.238E-06 0.238E-06 -0.209E-06 -0.209E-06 -0.209E-06 -0.209E-06 -0.209E-06 0. 0. -0.104E-06 0.300E-01 0.300E-01 0.194E-06 -0.164E-06 0.209E-06 0. 0. 0.300E-01 -0.209E-06 -0.209E-06 -0.209E-06
-0.209E-06 0. 0. 0. -0.596E-07 0. 0.500E-01 0.500E-01 0.209E-06 0.100 0.500E-01 -0.343E-06 0.500E-01 0.100 0.100 0.500E-01 0.500E-01 0.100 0.300E-01 -0.745E-07 0.300E-01 0.298E-07 0.969E-06 -0.224E-06 0.909E-06 -0.447E-06 -0.253E-06 0.224E-06 0.500E-01 0.500E-01 0.500E-01 0.100 0.100 0.100 0.100 0.500E-01 0.500E-01 0.500E-01 -0.104E-06 0.500E-01 0.100 0.500E-01 0.300E-01 0.300E-01 0.300E-01 -0.209E-06 0.209E-06 0.209E-06 -0.209E-06 -0.209E-06 0. 0.500E-01 0.387E-06 0.300E-01 0.500E-01 0.500E-01 -0.119E-06 -0.596E-07 0.298E-07 0.500E-01 0.300E-01 0.119E-06 0.149E-06
0.119E-06 0.500E-01 0.500E-01 0.500E-01 -0.209E-06 0.209E-06 0.500E-01 0.500E-01 -0.209E-06 0.300E-01 0.300E-01 -0.283E-06 -0.164E-06 0.100 0.100 0.500E-01 0.209E-06 0.100 0.100 0.100 0.300E-01 0.300E-01 -0.134E-06 0.432E-06 0.500E-01 0.566E-06 -0.745E-06 0.298E-07 0.500E-01 0.100 0.100 0.100 0.100 0.100 0.100 0.500E-01 0.500E-01 0.500E-01 0.209E-06 0.149E-06 0.100 0.298E-07 0.300E-01 0.300E-01 0.300E-01 -0.209E-06 -0.298E-07 0. 0.149E-07 -0.194E-06 -0.149E-07 -0.447E-06 0.500E-01 0.300E-01 0.300E-01 0.500E-01 0.500E-01 0.500E-01 0.100 0.500E-01 0.500E-01 0.300E-01 0.300E-01
0.209E-06 0.500E-01 0.500E-01 0.100 0.500E-01 0.500E-01 0.500E-01 -0.209E-06 0.238E-06 0.500E-01 0.300E-01 0.500E-01 -0.894E-07 0.100 0.100 0.100 0.500E-01 0.100 0.100 0.100 0.300E-01 0.500E-01 0.500E-01 0.500E-01 0.500E-01 0.298E-07 0.283E-06 0.500E-01 0.100 0.100 0.100 0.100 0.100 0.100 0.100 0.500E-01 -0.209E-06 0.500E-01 0.500E-01 0.149E-06 0.100 0.500E-01 -0.209E-06 0.300E-01 0.300E-01 -0.209E-06 -0.209E-06 0.209E-06 -0.209E-06 -0.209E-06 0.500E-01 0.300E-01 0.500E-01 0.500E-01 0.300E-01 0.500E-01 0.100 0.100 0.500E-01 0.298E-07 0.298E-07 0.300E-01 0.300E-01
0.300E-01 0.500E-01 0.500E-01 -0.209E-06 0.298E-07 -0.209E-06 0.209E-06 0.209E-06 0.500E-01 0.100 0.500E-01 0.500E-01 0.100 0.100 0.100 0.100 0.100 0.100 0.100 0.500E-01 -0.209E-06 0.800E-01 0.100 0.100 0.100 0.298E-07 -0.194E-06 0.300E-01 0.100 0.100 0.100 0.100 0.500E-01 0.500E-01 0.500E-01 0.500E-01 -0.894E-07 0.300E-01 0.500E-01 -0.209E-06 0.500E-01 0.500E-01 0.238E-06 0.300E-01 0.300E-01 0.149E-06 -0.209E-06 0.209E-06 -0.119E-06 -0.209E-06 -0.209E-06 -0.328E-06 0.500E-01 0.149E-06 0.209E-06 0.500E-01 0.500E-01 0.500E-01 0.100 0.500E-01 0.500E-01 0.500E-01 0.179E-06
0. 0.500E-01 0.100 0.500E-01 0.500E-01 0.209E-06 0.209E-06 -0.209E-06 0.100 0.100 0.100 0.100 0.100 0.100 0.100 0.100 0.100 0.100 0.100 -0.209E-06 0.300E-01 0.100 0.100 0.100 0.500E-01 0.500E-01 0.745E-07 0.432E-06 0.100 0.100 0.100 0.500E-01 0.500E-01 -0.209E-06 -0.209E-06 -0.209E-06 -0.209E-06 0.300E-01 0.209E-06 0.596E-07 0. 0. 0.894E-07 0.300E-01 0.300E-01 0.300E-01 0.119E-06 0.500E-01 0.500E-01 0.500E-01 0.500E-01 0.417E-06 0.500E-01 0.300E-01 -0.209E-06 0.300E-01 -0.238E-06 0.100 0.100 0.100 0.100 0.500E-01 0.300E-01
0.209E-06 0.500E-01 -0.596E-07 0.500E-01 0.500E-01 0.179E-06 -0.238E-06 0.500E-01 0.100 0.100 0.100 0.100 0.100 0.100 0.100 0.100 0.100 0.100 0.100 0.500E-01 0.500E-01 0.500E-01 0.100 0.100 0.100 0.500E-01 0.100 -0.164E-06 0.300E-01 0.100 0.100 0.100 0.500E-01 0.149E-06 -0.104E-06 -0.209E-06 0.149E-06 -0.209E-06 -0.209E-06 0.149E-06 0. 0.179E-06 0.300E-01 0.300E-01 0.300E-01 0.300E-01 -0.209E-06 -0.209E-06 -0.209E-06 -0.209E-06 0.358E-06 0.298E-07 0.447E-07 0.300E-01 -0.209E-06 0.500E-01 0.500E-01 0.500E-01 0.500E-01 0.100 0.100 0.100 0.500E-01
0.209E-06 0. -0.209E-06 -0.894E-07 0. 0. 0.500E-01 0.500E-01 0.100 0.100 0.100 0.100 0.100 0.100 0.100 0.100 0.100 0.100 0.100 0.500E-01 0.100 0.300E-01 0. 0.100 0.100 0.500E-01 0.100 0.100 0.300E-01 0.300E-01 0.100 0.100 0.100 0.500E-01 0.209E-06 -0.238E-06 0.209E-06 -0.209E-06 0.500E-01 -0.209E-06 -0.209E-06 -0.298E-07 -0.209E-06 0.500E-01 0.300E-01 -0.209E-06 0.149E-06 0.894E-07 0.417E-06 0.500E-01 0.500E-01 0.500E-01 0.300E-01 0.300E-01 0.300E-01 0.500E-01 0.500E-01 0.500E-01 -0.238E-06 0.500E-01 0.500E-01 0.596E-07 0.298E-07
0.209E-06 0.300E-01 0.300E-01 0.300E-01 0.300E-01 -0.238E-06 0.164E-06 0.500E-01 0.100 0.100 0.100 0.100 0.100 0.300E-01 0.300E-01 0.300E-01 0.100 0.100 0.100 0.100 0.100 0.300E-01 -0.164E-06 0.100 0.100 0.500E-01 0.100 0.100 0.500E-01 0.500E-01 0.300E-01 0.500E-01 0.500E-01 0.209E-06 0.500E-01 0.209E-06 0.500E-01 0.149E-06 0.298E-07 -0.209E-06 -0.209E-06 -0.209E-06 -0.209E-06 -0.209E-06 0.149E-06 0.298E-07 -0.149E-06 -0.209E-06 0.149E-06 0.500E-01 0.500E-01 0.500E-01 0.500E-01 0. -0.164E-06 0.209E-06 0.500E-01 0.500E-01 0.164E-06 0.500E-01 0.500E-01 0.596E-07 0.596E-07
0.300E-01 0.300E-01 0.300E-01 0.300E-01 0.300E-01 -0.298E-07 0.500E-01 0.149E-06 0.100 0.100 0.100 0.100 0.300E-01 0. 0. 0.500E-01 0.100 0.100 0.100 0.100 0.100 0.300E-01 0.500E-01 0.100 0.100 0.100 0.100 0.100 0.100 0.100 0.500E-01 0.100 0.100 0.500E-01 -0.209E-06 0.209E-06 -0.209E-06 -0.194E-06 -0.224E-06 -0.209E-06 0.500E-01 -0.209E-06 -0.209E-06 -0.209E-06 0.300E-01 0.300E-01 0.300E-01 0.500E-01 -0.209E-06 0.500E-01 0. 0.500E-01 0.500E-01 0.298E-07 -0.894E-07 -0.164E-06 0.500E-01 0.500E-01 0.500E-01 0.500E-01 -0.238E-06 -0.238E-06 -0.238E-06
0.300E-01 0.300E-01 0. 0. 0.500E-01 -0.164E-06 -0.164E-06 0.500E-01 0.100 0.500E-01 0.500E-01 0.500E-01 0.500E-01 0.300E-01 0.100 0.100 0.100 0.100 0.100 0.100 0.500E-01 0.300E-01 0.500E-01 0.100 0.100 0.100 0.100 0.500E-01 -0.209E-06 0.500E-01 0.500E-01 0.100 0.100 0.100 0.298E-07 0.149E-06 -0.149E-07 -0.164E-06 0.149E-06 -0.209E-06 -0.209E-06 -0.209E-06 0.300E-01 0.300E-01 0.300E-01 0.300E-01 0.300E-01 -0.209E-06 -0.209E-06 -0.134E-06 0.100 0.500E-01 0.119E-06 -0.894E-07 -0.134E-06 0. -0.894E-07 0. 0.500E-01 -0.238E-06 -0.238E-06 -0.238E-06 -0.298E-07
0.300E-01 0.500E-01 0.500E-01 0.500E-01 -0.164E-06 -0.164E-06 0.500E-01 0.300E-01 0. 0.300E-01 0.300E-01 0.300E-01 0.300E-01 0.500E-01 0.100 0.100 0.100 0.100 0.100 0.100 0.100 0.300E-01 0.500E-01 0.100 0.100 0.100 0.100 0.500E-01 0.500E-01 0.298E-07 0.298E-07 0.100 0.100 0.100 0.100 0.100 0.500E-01 0.149E-06 -0.209E-06 0.194E-06 0.149E-06 -0.209E-06 0.596E-07 0.149E-06 -0.134E-06 0.300E-01 0.300E-01 -0.209E-06 0.149E-06 0.100 0.500E-01 0.500E-01 0.500E-01 0.500E-01 0.500E-01 0.500E-01 0.500E-01 0.500E-01 0.500E-01 -0.179E-06 -0.209E-06 0.894E-07 0.500E-01
0.300E-01 0.500E-01 0.500E-01 0.500E-01 0.298E-07 0.300E-01 -0.209E-06 0.300E-01 0.300E-01 0.300E-01 0.300E-01 0.500E-01 0.500E-01 0.100 0.100 0.100 0.100 0.500E-01 0.500E-01 0.500E-01 0.500E-01 0.300E-01 0.500E-01 0.500E-01 0.500E-01 0.100 0.100 0.500E-01 0.500E-01 -0.209E-06 -0.119E-06 0.500E-01 0.100 0.100 0.500E-01 0.500E-01 0.500E-01 0. -0.164E-06 -0.298E-07 0.298E-07 0.298E-07 -0.894E-07 -0.149E-07 0.300E-01 0.300E-01 0.300E-01 0.149E-06 -0.209E-06 0. 0. 0.500E-01 0.500E-01 0.500E-01 0.500E-01 0.100 0.100 0.100 0.500E-01 0.500E-01 0.300E-01 0.500E-01 0.500E-01
0.119E-06 -0.134E-06 0.500E-01 0.298E-07 0.300E-01 0.300E-01 0.300E-01 0.300E-01 0.300E-01 0.500E-01 0.500E-01 0.100 0.100 0.100 0.100 0.100 0.100 0.100 0.298E-07 0.500E-01 0.500E-01 0.298E-07 0.298E-07 -0.209E-06 0.209E-06 0.500E-01 0.500E-01 0.500E-01 -0.209E-06 -0.209E-06 -0.209E-06 0.298E-07 -0.194E-06 0.100 0.100 0.500E-01 0.500E-01 -0.298E-07 -0.149E-06 0.500E-01 0.298E-07 0.209E-06 0.164E-06 -0.179E-06 -0.298E-07 0.149E-06 0.149E-06 0.298E-07 0.149E-06 -0.209E-06 0.298E-07 0.500E-01 0.300E-01 0.300E-01 0.500E-01 0.596E-07 -0.238E-06 0. -0.328E-06 0.596E-07 0.596E-07 0. 0.
0.194E-06 -0.894E-07 0.500E-01 -0.209E-06 0.300E-01 0.300E-01 0.300E-01 0.300E-01 0.500E-01 0.300E-01 0.596E-07 0.100 0.500E-01 0.500E-01 0.500E-01 0.500E-01 0.100 0.500E-01 0.500E-01 0.149E-06 0.298E-07 0.100 0.100 0.500E-01 0.209E-06 0.298E-07 0.298E-07 -0.209E-06 -0.209E-06 0.298E-07 0.194E-06 0. -0.164E-06 -0.164E-06 -0.164E-06 0.149E-06 0.149E-06 0.149E-06 0.149E-06 0.149E-06 0.500E-01 0.238E-06 0.300E-01 0.300E-01 0.300E-01 0.300E-01 0.300E-01 0.300E-01 -0.596E-07 0.596E-07 -0.298E-07 0.149E-06 0.500E-01 0.298E-07 -0.149E-06 0. 0.298E-07 0.209E-06 0.596E-07 0.500E-01 0.596E-07 0. 0.149E-06
0.447E-07 -0.179E-06 -0.238E-06 -0.209E-06 0.300E-01 0.300E-01 0.119E-06 0.500E-01 0.500E-01 0.298E-07 0.149E-06 0.500E-01 0.596E-07 -0.164E-06 0.100 0.100 0.500E-01 0.298E-07 -0.894E-07 0.500E-01 0.100 0.100 0.100 0.300E-01 0.209E-06 0.298E-07 0.298E-07 -0.119E-06 -0.209E-06 0.500E-01 0.500E-01 -0.164E-06 0. 0. 0. 0.209E-06 -0.209E-06 0.209E-06 0.300E-01 0.209E-06 0.209E-06 -0.209E-06 0.300E-01 0.300E-01 -0.209E-06 -0.209E-06 0.300E-01 0.300E-01 0.298E-07 -0.238E-06 0. -0.179E-06 -0.164E-06 0.500E-01 -0.164E-06 0.596E-07 -0.179E-06 0. 0. 0.500E-01 -0.164E-06 0. 0.
0.300E-01 0.298E-07 -0.209E-06 0.500E-01 0.300E-01 0.298E-07 0.447E-07 0.300E-01 0.500E-01 0. 0.500E-01 0.500E-01 0.500E-01 0.300E-01 0.500E-01 0.500E-01 0.100 0.100 0.100 0.100 0.100 0.100 0.100 0.500E-01 -0.209E-06 0.298E-07 0.134E-06 -0.745E-07 0.500E-01 0.500E-01 0.500E-01 0.298E-07 -0.104E-06 0.298E-07 0.500E-01 0.500E-01 0. -0.119E-06 0.209E-06 0.119E-06 0.500E-01 0.298E-07 0.209E-06 -0.209E-06 0.149E-06 -0.209E-06 0.298E-07 -0.209E-06 0.300E-01 0.300E-01 0.179E-06 0.894E-07 0. -0.164E-06 0. 0.238E-06 0.209E-06 -0.119E-06 -0.298E-07 0.596E-07 0.596E-07 0.596E-07 0.
-0.894E-07 0.300E-01 -0.149E-06 -0.149E-06 0.745E-07 -0.149E-06 0.300E-01 0.300E-01 0.300E-01 0.500E-01 -0.238E-06 0.500E-01 0.500E-01 0.300E-01 0.500E-01 0.100 0.100 0.100 0.100 0.100 0.500E-01 0.100 0.100 0.500E-01 0.298E-07 -0.104E-06 0.298E-07 0.500E-01 0.298E-07 0.500E-01 0.500E-01 0.134E-06 -0.447E-07 0.149E-06 -0.596E-07 -0.447E-07 -0.164E-06 0.238E-06 -0.164E-06 -0.447E-07 0.298E-07 0.298E-07 -0.134E-06 0.149E-06 -0.209E-06 0.179E-06 0.596E-07 -0.209E-06 0.300E-01 0.298E-07 0.500E-01 0.149E-06 0.596E-07 0.149E-06 0. -0.164E-06 0. -0.149E-06 0.500E-01 0. 0. -0.328E-06 0.596E-07
0.300E-01 0.300E-01 0.300E-01 0.596E-07 -0.179E-06 0.300E-01 0.300E-01 0.300E-01 0.300E-01 0.800E-01 0.800E-01 -0.134E-06 0.119E-06 0.500E-01 0.500E-01 0.100 0.100 0.500E-01 0.100 -0.209E-06 0.500E-01 0.100 0.100 0.500E-01 0.298E-07 0.500E-01 0.500E-01 0.100 0.298E-07 0.179E-06 0.164E-06 -0.209E-06 0.500E-01 0.298E-07 -0.149E-06 -0.104E-06 -0.164E-06 0.179E-06 0.149E-06 0.100 0.500E-01 0.100 0.500E-01 -0.149E-06 0.300E-01 0.300E-01 0.300E-01 0.300E-01 0.300E-01 0.298E-07 0.119E-06 0.500E-01 -0.596E-07 -0.164E-06 -0.164E-06 0.500E-01 0.500E-01 0. 0.500E-01 0.596E-07 0. 0.500E-01 -0.209E-06
0.224E-06 0.500E-01 0.300E-01 0.300E-01 0.300E-01 0.300E-01 0.300E-01 0.300E-01 0.500E-01 0.800E-01 0.500E-01 0.300E-01 0.300E-01 0.500E-01 0.100 0.500E-01 -0.209E-06 0.300E-01 0.300E-01 0.500E-01 0.100 0.100 0.100 0.500E-01 0.500E-01 0.500E-01 0.500E-01 0.500E-01 0.298E-07 0.179E-06 0.596E-07 0.300E-01 0.500E-01 0.298E-07 0.300E-01 0.300E-01 0.298E-07 0.238E-06 0.300E-01 0.500E-01 0.500E-01 0.500E-01 0.500E-01 0.300E-01 0.300E-01 0.300E-01 0.300E-01 0.300E-01 0.300E-01 0.119E-06 0.300E-01 0.300E-01 0.500E-01 0.100 0.500E-01 0.500E-01 0.500E-01 0.179E-06 0.100 0.596E-07 0. 0.500E-01 0.
-0.447E-07 0.894E-07 0.298E-07 0.300E-01 0.300E-01 0.300E-01 0.300E-01 0.500E-01 0.500E-01 0.800E-01 0.800E-01 0.300E-01 0.300E-01 0.800E-01 0.500E-01 -0.179E-06 0.300E-01 0.300E-01 0.500E-01 0.500E-01 0.500E-01 0.500E-01 0.100 0.500E-01 0.500E-01 0.894E-07 0.500E-01 -0.209E-06 0.298E-07 0.179E-06 -0.149E-06 -0.164E-06 -0.164E-06 0.134E-06 0.300E-01 0.300E-01 0.300E-01 0.300E-01 0.500E-01 0.500E-01 0.298E-07 0.298E-07 -0.209E-06 -0.209E-06 -0.209E-06 -0.209E-06 -0.209E-06 0.596E-07 0.149E-06 0.300E-01 0.300E-01 0.300E-01 0.500E-01 0.100 0.100 0.500E-01 0.500E-01 0.500E-01 0.500E-01 0.596E-07 0. 0.500E-01 0.100
-0.149E-07 -0.104E-06 0.300E-01 0.209E-06 0.300E-01 -0.149E-06 0.300E-01 0.500E-01 0.800E-01 0.100 0.800E-01 0. 0.300E-01 -0.164E-06 -0.894E-07 0.300E-01 0.300E-01 0.500E-01 0.500E-01 0.298E-07 0.298E-07 0.500E-01 0.100 0.500E-01 0.500E-01 0.300E-01 0.500E-01 0.298E-07 0.298E-07 -0.209E-06 -0.238E-06 0.300E-01 0.300E-01 0.300E-01 0.300E-01 0.300E-01 0.300E-01 0.300E-01 -0.179E-06 0.500E-01 0.500E-01 0.500E-01 -0.149E-06 -0.447E-07 0. 0.300E-01 -0.209E-06 0.300E-01 -0.209E-06 -0.209E-06 0.298E-07 -0.209E-06 0.179E-06 0.500E-01 0.500E-01 0.100 0.500E-01 0.300E-01 0.100 0.500E-01 0.500E-01 0.100 0.100
0.447E-07 0.149E-06 0.300E-01 0.268E-06 0.300E-01 0.300E-01 -0.894E-07 0.298E-07 0.522E-07 0.298E-07 -0.298E-07 0.417E-06 0.300E-01 0.209E-06 0.300E-01 0.300E-01 0.800E-01 0.500E-01 0.500E-01 0.149E-06 0.100 0.100 0.100 0.100 0.100 0.300E-01 0.300E-01 -0.164E-06 -0.209E-06 0.300E-01 0.300E-01 0.300E-01 0.300E-01 0.300E-01 0.300E-01 -0.164E-06 0.500E-01 0.500E-01 0.500E-01 0.500E-01 0.500E-01 0.300E-01 -0.119E-06 0.209E-06 0.300E-01 0.300E-01 0.300E-01 0.300E-01 0.522E-07 0.224E-06 0.298E-07 -0.209E-06 0.209E-06 -0.164E-06 -0.209E-06 -0.164E-06 0.100 0.500E-01 0.300E-01 0.100 0.100 0.100 0.100
0.194E-06 0.149E-06 0.300E-01 0.596E-07 0.500E-01 0.300E-01 0.300E-01 0.300E-01 0.300E-01 0.300E-01 -0.581E-06 0.209E-06 0. 0.300E-01 0.300E-01 0.300E-01 0.800E-01 0.800E-01 0.298E-07 0.100 0.100 0.100 0.100 0.100 0.100 0.300E-01 0.300E-01 0.300E-01 0.300E-01 0.300E-01 0.300E-01 0.300E-01 0.500E-01 0.500E-01 0.500E-01 0.500E-01 0.500E-01 0.500E-01 0.500E-01 0.500E-01 -0.134E-06 -0.209E-06 -0.209E-06 0.300E-01 0.500E-01 -0.209E-06 0.447E-07 -0.209E-06 0.298E-07 0.179E-06 -0.194E-06 -0.209E-06 0.149E-06 0.149E-06 -0.119E-06 0.100 0.100 0.500E-01 0.300E-01 0.500E-01 0.100 0.100 0.100
0.119E-06 -0.164E-06 0.300E-01 0.300E-01 0.300E-01 0.300E-01 0.300E-01 0.300E-01 0.149E-06 0.149E-07 -0.224E-06 0.500E-01 0. 0.894E-07 0.300E-01 0.300E-01 0. 0.500E-01 0.500E-01 -0.134E-06 0.100 0.100 0.500E-01 0.500E-01 0.500E-01 0.300E-01 0.300E-01 0.300E-01 0.300E-01 0.164E-06 -0.179E-06 0.500E-01 0.500E-01 0.500E-01 0.500E-01 0.500E-01 0.300E-01 0.300E-01 0.209E-06 0.149E-06 0.300E-01 0.300E-01 0.300E-01 0.300E-01 0.298E-07 0.298E-07 0.447E-07 -0.164E-06 -0.209E-06 0.298E-07 0.745E-07 -0.209E-06 0.209E-06 -0.894E-07 -0.209E-06 0.100 0.500E-01 0.500E-01 0.300E-01 0.500E-01 0.100 0.100 0.100
-0.149E-06 0.209E-06 0.300E-01 0.300E-01 0.300E-01 0.300E-01 0.300E-01 0.894E-07 -0.209E-06 0.298E-07 0.149E-06 -0.298E-07 0.500E-01 0.300E-01 -0.209E-06 -0.298E-07 0.500E-01 0.800E-01 0.800E-01 0.500E-01 0.100 0.100 0.300E-01 0.300E-01 0.300E-01 0.300E-01 0.300E-01 0.300E-01 -0.298E-07 0.500E-01 0.500E-01 0.500E-01 0.500E-01 -0.209E-06 0.298E-07 0.149E-06 0.209E-06 0.209E-06 0.209E-06 0.149E-06 -0.209E-06 0.500E-01 0.298E-07 0.596E-07 0.298E-07 0.134E-06 0.500E-01 0.149E-07 0.300E-01 0.298E-07 0.100 0.100 0.100 0.100 0.100 0.100 0.100 0.500E-01 0.300E-01 0.500E-01 0.100 0.100 0.100
0. 0.209E-06 0.300E-01 0.300E-01 0.300E-01 0.149E-06 -0.596E-07 0.209E-06 0.596E-07 -0.179E-06 -0.149E-06 0.894E-07 0.300E-01 0.300E-01 0.300E-01 0.300E-01 0.300E-01 0.800E-01 0.300E-01 0.500E-01 0.100 0.500E-01 0.300E-01 0.300E-01 0.300E-01 -0.209E-06 -0.209E-06 0.500E-01 0.500E-01 0. 0. -0.209E-06 0.298E-07 -0.447E-07 0.500E-01 0.500E-01 0.149E-06 -0.596E-07 0.300E-01 0.300E-01 0.100 0.500E-01 0.134E-06 0.500E-01 0.298E-07 0.500E-01 0.500E-01 0.500E-01 0.300E-01 0.298E-07 0.500E-01 0.100 0.100 0.100 0.100 0.100 0.100 0.500E-01 0.300E-01 0. 0.100 0.100 0.100
