share/VS_Project/swb/x64/Debug/MASS_BALANCE_08_19_1990.asc
NCOLS        340
NROWS        316
XLLCORNER     528502.530
YLLCORNER     274871.653
CELLSIZE        100.000
NODATA_VALUE    -9999.000
[rows 224 to 251 of 316, columns 0 to 62 of 340]
0.500E-01 0.100 0.300E-01 -0.238E-06 0.119E-06 -0.119E-06 0.238E-06 -0.238E-06 -0.238E-06 0.238E-06 -0.320E-06 -0.820E-07 0.500E-01 -0.320E-06 -0.238E-06 -0.238E-06 -0.820E-07 0.500E-01 0.100 0.500E-01 0.500E-01 0.100 0.100 0.100 0.100 0.100 0.100 0.100 0.100 0.100 0.100 0.100 0.100 0.100 0.100 0.100 0.500E-01 0.100 0.100 0.100 0.100 0.500E-01 0.500E-01 0.500E-01 0.100 0.164E-06 0.500E-01 0.500E-01 0.100 0.100 0.373E-07 0.100 0.500E-01 0.100 0.100 0.100 0.100 0.100 0.522E-06 0.522E-06 -0.194E-06 0.500E-01 0.500E-01
0.500E-01 -0.238E-06 -0.238E-06 -0.238E-06 -0.238E-06 0.500E-01 0.500E-01 -0.238E-06 -0.238E-06 0.238E-06 0.238E-06 -0.358E-06 -0.238E-06 0.477E-06 -0.238E-06 -0.238E-06 -0.820E-07 0.500E-01 0.100 0. 0.373E-07 0.100 0.100 0.100 0.100 0.100 0.100 0.100 0.100 0.100 0.100 0.100 0.100 0.100 0.373E-07 -0.238E-06 -0.238E-06 0.500E-01 0.500E-01 0.100 0.100 0.283E-06 0.447E-07 0.500E-01 0.100 -0.745E-07 0.500E-01 0.283E-06 0.500E-01 0.100 0.100 0.500E-01 0.500E-01 0.100 0.100 0.100 0.100 0.100 0.500E-01 0.522E-06 0.500E-01 0.447E-07 0.164E-06
0.500E-01 0.238E-06 -0.238E-06 -0.238E-06 0.500E-01 0.500E-01 0.238E-06 -0.238E-06 -0.238E-06 -0.238E-06 -0.238E-06 0.119E-06 -0.238E-06 -0.238E-06 0.300E-01 -0.238E-06 -0.238E-06 -0.440E-06 0.500E-01 0.358E-06 -0.820E-07 0.500E-01 0.100 0.100 0.100 0.100 0.100 0.100 0.100 0.100 0.100 0.100 0.100 0.500E-01 0.500E-01 0.500E-01 0.500E-01 0.100 0.100 0.100 0.100 0.500E-01 0.500E-01 0.100 0.100 0.164E-06 0.522E-06 0.522E-06 0.522E-06 0.500E-01 0.100 0.100 0.100 0.100 0.100 0.100 0.100 0.164E-06 0.500E-01 0.522E-06 0.500E-01 0.447E-07 0.283E-06
0.500E-01 -0.238E-06 -0.238E-06 -0.238E-06 0.500E-01 0.100 0.238E-06 -0.238E-06 -0.238E-06 -0.238E-06 -0.238E-06 -0.238E-06 -0.238E-06 -0.238E-06 0. 0. -0.238E-06 0.500E-01 0.500E-01 -0.238E-06 0.373E-07 0.500E-01 0.100 0.100 0.100 0.100 0.100 0.100 0.100 0.100 0.100 0.100 0.100 0.100 0.100 0.100 0.100 0.100 0.100 0.100 0.100 0.100 0.500E-01 0.100 0.100 0.164E-06 0.522E-06 0.447E-07 0.522E-06 0.500E-01 0.500E-01 0.100 0.100 0.100 0.100 0.164E-06 0.500E-01 0.500E-01 0.500E-01 -0.313E-06 0.100 0.283E-06 0.522E-06
-0.238E-06 -0.238E-06 -0.238E-06 0.119E-06 0.500E-01 0.100 0.238E-06 -0.238E-06 0.119E-06 0.119E-06 -0.238E-06 0. -0.238E-06 0.238E-06 0.358E-06 -0.358E-06 -0.238E-06 0.500E-01 0.300E-01 0. 0.373E-07 0.500E-01 0.100 0.100 -0.820E-07 0.100 0.100 0.100 0.100 0.100 0.100 0.100 0.100 0.100 0.100 0.100 0.100 0.100 0.100 0.100 0.100 0.100 0.500E-01 0.100 0.100 -0.432E-06 0.522E-06 0.522E-06 0.447E-07 0.522E-06 0.522E-06 0.522E-06 0.100 0.100 0.100 0.500E-01 0.522E-06 0.500E-01 0.500E-01 -0.745E-07 0.500E-01 0.522E-06 0.522E-06
-0.238E-06 -0.238E-06 -0.238E-06 0.500E-01 0.500E-01 0.500E-01 -0.238E-06 -0.238E-06 0.119E-06 -0.820E-07 0.156E-06 0. -0.238E-06 -0.320E-06 -0.820E-07 -0.119E-06 0.358E-06 0.358E-06 0.358E-06 0.500E-01 0.500E-01 0.500E-01 0.100 0.100 -0.820E-07 0.500E-01 0.100 0.100 0.100 0.100 0.100 0.100 0.100 0.100 0.100 0.100 0.100 0.100 0.100 0.100 0.100 0.100 0.100 0.500E-01 0.100 0.500E-01 0.500E-01 0.500E-01 0.522E-06 0.522E-06 0.522E-06 0.522E-06 0.500E-01 0.100 0.100 0.500E-01 0.522E-06 0.283E-06 0.283E-06 0.283E-06 0.522E-06 0.522E-06 0.522E-06
-0.820E-07 0.500E-01 0.500E-01 0.500E-01 0.500E-01 0.300E-01 0. -0.238E-06 -0.238E-06 0.373E-07 -0.559E-06 0.522E-06 -0.238E-06 0.395E-06 -0.358E-06 -0.596E-06 0.238E-06 -0.358E-06 0.477E-06 0. -0.238E-06 0. 0. 0.500E-01 0.100 0.100 0.100 0.100 0.100 0.100 0.100 0.100 0.100 0.100 0.100 0.100 0.100 0.100 0.100 0.300E-01 0.500E-01 -0.820E-07 0.100 0.100 0.100 0.100 0.100 0.500E-01 0.522E-06 0.447E-07 -0.432E-06 0.500E-01 0.500E-01 0.164E-06 0.500E-01 0.522E-06 0.283E-06 0.522E-06 0.522E-06 0.522E-06 0.522E-06 0.522E-06 0.300E-01
0.119E-06 0.500E-01 -0.820E-07 0.500E-01 0.500E-01 0.500E-01 0.500E-01 -0.238E-06 -0.596E-06 0.373E-07 -0.107E-05 0.522E-06 0. 0.373E-07 -0.119E-06 0.358E-06 -0.238E-06 0.500E-01 0.358E-06 0.477E-06 0. -0.358E-06 0.477E-06 0.500E-01 0.100 0.100 0.100 0.100 0.100 0.100 0.100 0.100 0.100 0.100 0.100 0.100 0.100 0.100 0.100 0.100 0.100 0.100 0.100 0.100 0.100 0.100 0.100 0.100 0.522E-06 0.447E-07 0.500E-01 0.522E-06 0.164E-06 0.164E-06 0.500E-01 0.500E-01 0.283E-06 0.522E-06 0.522E-06 0.522E-06 0.522E-06 0.522E-06 -0.432E-06
0.395E-06 -0.820E-07 0.500E-01 0.500E-01 -0.820E-07 0.500E-01 -0.238E-06 -0.238E-06 -0.238E-06 -0.358E-06 0.834E-06 -0.820E-07 0.522E-06 0.156E-06 0.834E-06 0. 0.119E-06 -0.238E-06 0.358E-06 0. 0. -0.820E-07 -0.238E-06 0.500E-01 0.100 0.100 0.100 0.100 0.100 0.100 0.100 0.100 0.100 0.100 0.100 0.100 0.100 0.100 0.100 0.100 0.100 0.100 0.100 0.100 0.100 0.100 0.100 0.522E-06 0.522E-06 0.522E-06 0.500E-01 0.358E-06 0.522E-06 0.522E-06 0.164E-06 0.522E-06 0.283E-06 0.522E-06 0.283E-06 0.447E-07 0.522E-06 0.522E-06 0.500E-01
-0.559E-06 -0.151E-05 0. -0.820E-07 0.500E-01 0.500E-01 -0.238E-06 0. -0.238E-06 -0.238E-06 0.834E-06 -0.820E-07 0. 0. 0.834E-06 -0.119E-06 0.119E-06 0. -0.477E-06 -0.358E-06 0. -0.320E-06 -0.477E-06 0.500E-01 0.100 0.100 0.100 0.100 0.100 0.100 0.100 0.100 0.100 0.100 0.100 0.100 0.100 0.100 0.100 0.100 0.100 0.100 0.100 0.500E-01 0.500E-01 0. -0.194E-06 0.395E-06 0.373E-07 0.447E-07 -0.671E-06 0.402E-06 0.500E-01 0.500E-01 0.522E-06 0.522E-06 0.522E-06 -0.194E-06 0.283E-06 0.447E-07 0.447E-07 0.500E-01 0.500E-01
0.500E-01 0. 0. 0. 0.514E-06 0.300E-01 -0.238E-06 0.119E-06 -0.119E-06 0.358E-06 0.135E-05 -0.477E-06 0.522E-06 0. 0.834E-06 0. 0.300E-01 -0.119E-06 -0.320E-06 0. 0. -0.559E-06 -0.119E-06 0.500E-01 0.100 0.100 0.100 0.100 0.100 0.100 0.100 0.100 0.100 0.100 0.100 0.100 0.100 0.100 0.100 0.500E-01 0.100 0.100 0.100 -0.440E-06 -0.477E-06 0. 0.119E-06 -0.820E-07 -0.820E-07 -0.559E-06 -0.671E-06 0.298E-07 0.500E-01 0.447E-07 -0.432E-06 0.447E-07 0.164E-06 0.500E-01 0.522E-06 -0.194E-06 0.300E-01 0.500E-01 0.500E-01
0.500E-01 -0.820E-07 -0.358E-06 -0.820E-07 0.358E-06 0.300E-01 -0.149E-06 -0.238E-06 -0.238E-06 -0.820E-07 0.238E-06 0.834E-06 -0.238E-06 -0.820E-07 0.834E-06 0.477E-06 0.300E-01 0.500E-01 0.300E-01 0. -0.820E-07 -0.119E-06 -0.358E-06 0.500E-01 0.100 0.100 0.100 0.100 0.100 0.100 0.100 0.100 0.100 0.100 0.100 0.100 0.100 0.100 0.500E-01 0. 0.500E-01 0.500E-01 -0.201E-06 -0.320E-06 0. 0. 0.596E-06 -0.820E-07 0.373E-07 0.298E-07 0.135E-05 0.358E-06 0.522E-06 -0.432E-06 0.522E-06 0.164E-06 -0.432E-06 0.500E-01 0.522E-06 0.500E-01 -0.107E-05 0.500E-01 0.300E-01
0.119E-06 0.477E-06 -0.820E-07 -0.820E-07 -0.149E-06 -0.149E-06 -0.149E-06 -0.238E-06 0. 0. 0. 0.300E-01 -0.298E-05 0.300E-01 0.500E-01 0.500E-01 0.500E-01 0.500E-01 0. 0.500E-01 -0.820E-07 -0.107E-05 0. -0.238E-06 0.500E-01 0.500E-01 0.373E-07 0.500E-01 0.100 0.100 0.100 0.100 0.100 0.100 0.100 0.100 0.100 0.100 0.100 0.500E-01 0. 0. 0.373E-07 0. -0.119E-06 -0.119E-06 -0.119E-06 0.373E-07 0.373E-07 0.298E-07 0.834E-06 0.507E-06 0.283E-06 -0.149E-06 -0.894E-07 0.500E-01 0.500E-01 0.500E-01 0.500E-01 0.164E-06 0.164E-06 0.300E-01 0.300E-01
0.156E-06 0.300E-01 0.300E-01 0.298E-07 0.298E-07 -0.559E-06 -0.149E-06 -0.238E-06 -0.119E-06 0. 0. 0. 0.300E-01 -0.298E-05 0.500E-01 0.500E-01 0.500E-01 0.300E-01 -0.820E-07 -0.820E-07 0.156E-06 -0.151E-05 0.395E-06 0.358E-06 -0.238E-06 -0.238E-06 -0.596E-06 0.500E-01 0.100 0.100 0.100 0.100 0.100 0.100 0.100 0.100 0.100 0.100 0.500E-01 0. -0.358E-06 0. -0.238E-06 0. -0.238E-06 -0.596E-06 0.834E-06 0.156E-06 0.373E-07 0.298E-07 0.516E-05 0.298E-07 0.298E-07 0.149E-06 0.500E-01 0.500E-01 0.500E-01 0.522E-06 0.164E-06 0.164E-06 0.447E-07 0.164E-06 -0.432E-06
0.298E-07 0.298E-07 0.298E-07 0.373E-07 -0.820E-07 -0.358E-06 0.373E-07 0.156E-06 0.500E-01 -0.820E-07 0.395E-06 -0.238E-06 0. 0.834E-06 -0.820E-07 0. -0.477E-06 0.276E-06 0.395E-06 0.156E-06 0.834E-06 0.500E-01 -0.238E-06 0.500E-01 -0.238E-06 -0.119E-06 0.358E-06 0.500E-01 0.500E-01 0.100 0.500E-01 0.100 0.100 0.100 0.500E-01 0.500E-01 0.500E-01 0.500E-01 0.500E-01 0.500E-01 0. -0.596E-06 0. 0.119E-06 -0.820E-07 -0.238E-06 0.834E-06 -0.320E-06 0.373E-07 0.298E-07 0.834E-06 0.276E-06 0.298E-07 0.149E-06 0.834E-06 0.149E-06 0.283E-06 0.402E-06 0.164E-06 -0.432E-06 0.358E-06 0.164E-06 -0.432E-06
0.298E-07 0.298E-07 0.298E-07 0.298E-07 -0.559E-06 0.358E-06 0.395E-06 -0.320E-06 0.500E-01 0.300E-01 0.500E-01 0.276E-06 0.395E-06 -0.298E-05 -0.820E-07 0.514E-06 0.156E-06 -0.119E-06 0.358E-06 0.834E-06 -0.320E-06 0.500E-01 0.238E-06 -0.238E-06 0.358E-06 -0.238E-06 -0.559E-06 0.500E-01 0.500E-01 0.500E-01 -0.238E-06 0.500E-01 0.500E-01 0.500E-01 0. 0.500E-01 0.500E-01 0.300E-01 0.358E-06 -0.238E-06 -0.238E-06 -0.238E-06 -0.596E-06 -0.119E-06 -0.238E-06 -0.238E-06 0.119E-06 0.135E-05 0.373E-07 0.373E-07 0.135E-05 -0.820E-07 0.283E-06 0.834E-06 -0.201E-06 0.298E-07 0.149E-06 0.447E-07 0.164E-06 -0.194E-06 -0.194E-06 -0.432E-06 -0.194E-06
0.298E-07 0.298E-07 0.298E-07 0.298E-07 -0.107E-05 -0.596E-06 -0.820E-07 0.500E-01 0.300E-01 0.500E-01 0.300E-01 -0.820E-07 0.395E-06 0.834E-06 0.500E-01 0.119E-06 -0.820E-07 -0.820E-07 0.300E-01 -0.820E-07 0.500E-01 0.358E-06 -0.238E-06 0.358E-06 0.358E-06 0.358E-06 0.358E-06 0.300E-01 0.358E-06 0.358E-06 0.395E-06 0.156E-06 0.119E-06 -0.119E-06 0. 0. 0.300E-01 -0.238E-06 -0.119E-06 0.119E-06 -0.238E-06 0.373E-07 -0.596E-06 -0.107E-05 0.300E-01 0.373E-07 0.300E-01 0.834E-06 0.373E-07 0.373E-07 0.834E-06 0.373E-07 0.373E-07 -0.820E-07 -0.820E-07 -0.820E-07 -0.194E-06 -0.194E-06 0.500E-01 0.119E-06 0.164E-06 0.283E-06 -0.432E-06
0.298E-07 0.298E-07 0.298E-07 0.298E-07 0.149E-06 0.834E-06 -0.820E-07 0.500E-01 0.500E-01 0.500E-01 0.300E-01 -0.320E-06 0.834E-06 0.500E-01 0.500E-01 0. 0. 0. 0.119E-06 0.358E-06 -0.238E-06 -0.238E-06 -0.238E-06 0.358E-06 0.156E-06 -0.151E-05 0.156E-06 0. -0.238E-06 -0.238E-06 -0.238E-06 0.395E-06 0.500E-01 0.500E-01 -0.358E-06 0. 0.300E-01 0.358E-06 -0.107E-05 -0.358E-06 -0.238E-06 -0.820E-07 -0.238E-06 -0.107E-05 0.500E-01 -0.238E-06 0.300E-01 -0.107E-05 0.373E-07 -0.238E-06 -0.298E-05 -0.820E-07 -0.820E-07 0.238E-06 -0.820E-07 -0.820E-07 -0.107E-05 -0.820E-07 0.156E-06 -0.596E-06 0.373E-07 0.283E-06 0.500E-01
0.298E-07 0.298E-07 0.373E-07 0.298E-07 0.149E-06 0.834E-06 0.500E-01 -0.820E-07 -0.820E-07 -0.238E-06 0.500E-01 0.500E-01 0.516E-05 -0.358E-06 0. 0. 0. 0.358E-06 0.358E-06 -0.820E-07 -0.238E-06 0. -0.238E-06 -0.238E-06 0.156E-06 -0.119E-06 0. 0. 0.358E-06 -0.238E-06 -0.238E-06 -0.559E-06 -0.820E-07 -0.119E-06 0.238E-06 0. 0.373E-07 -0.596E-06 -0.238E-06 -0.107E-05 0. -0.238E-06 0.373E-07 -0.596E-06 0.500E-01 -0.238E-06 0.500E-01 -0.477E-06 -0.247E-05 -0.238E-06 -0.298E-05 0.395E-06 -0.820E-07 -0.820E-07 -0.820E-07 -0.820E-07 -0.107E-05 -0.820E-07 -0.119E-06 0.500E-01 0.156E-06 0.373E-07 0.500E-01
0.298E-07 0.500E-01 0.300E-01 0.298E-07 -0.149E-06 0.834E-06 0.119E-06 -0.820E-07 -0.119E-06 0.500E-01 0. -0.358E-06 0.477E-06 0.834E-06 0. 0.500E-01 0.500E-01 -0.313E-06 0. 0. 0.238E-06 0.119E-06 -0.238E-06 -0.238E-06 0.500E-01 -0.820E-07 -0.238E-06 0.300E-01 -0.820E-07 -0.238E-06 -0.238E-06 -0.820E-07 -0.151E-05 0.373E-07 -0.820E-07 -0.820E-07 0.373E-07 -0.238E-06 -0.820E-07 -0.119E-06 0.834E-06 0.119E-06 0.373E-07 0.300E-01 0.300E-01 -0.238E-06 -0.238E-06 0.119E-06 -0.298E-05 -0.247E-05 0. -0.820E-07 -0.820E-07 -0.820E-07 -0.820E-07 0.156E-06 -0.107E-05 -0.151E-05 -0.820E-07 0.500E-01 0.373E-07 -0.559E-06 0.500E-01
0. 0.500E-01 0.500E-01 -0.149E-06 -0.238E-06 -0.119E-06 0.500E-01 0.300E-01 0.500E-01 -0.820E-07 0. -0.358E-06 0.522E-06 0.156E-06 0.834E-06 -0.238E-06 0.500E-01 0. 0. 0.514E-06 -0.559E-06 -0.820E-07 0.373E-07 0.373E-07 0.834E-06 -0.238E-06 0.358E-06 0.300E-01 0.300E-01 0.300E-01 -0.238E-06 0.834E-06 -0.820E-07 -0.201E-06 -0.820E-07 -0.820E-07 0.300E-01 0.300E-01 -0.238E-06 0.300E-01 -0.358E-06 0.834E-06 -0.238E-06 -0.820E-07 0.373E-07 0.135E-05 -0.238E-06 -0.820E-07 -0.298E-05 -0.298E-05 0.500E-01 -0.820E-07 -0.820E-07 -0.820E-07 0.156E-06 0.834E-06 -0.320E-06 -0.201E-06 0.300E-01 0.373E-07 0.156E-06 0.156E-06 0.500E-01
-0.149E-06 0.298E-07 0.298E-07 -0.107E-05 -0.238E-06 -0.247E-05 -0.358E-06 -0.820E-07 0.300E-01 0.373E-07 -0.119E-06 0. -0.358E-06 0.522E-06 0.834E-06 -0.119E-06 -0.119E-06 -0.119E-06 -0.119E-06 -0.559E-06 -0.820E-07 -0.820E-07 0.373E-07 0.156E-06 0.834E-06 0.395E-06 -0.477E-06 0. -0.238E-06 -0.238E-06 -0.820E-07 0.834E-06 0.500E-01 -0.201E-06 -0.820E-07 0. 0.300E-01 0.300E-01 0.300E-01 -0.238E-06 -0.238E-06 0.238E-06 0.834E-06 0.300E-01 0.300E-01 0.135E-05 -0.119E-06 -0.820E-07 0.834E-06 -0.119E-06 -0.820E-07 -0.820E-07 0.300E-01 -0.238E-06 0.834E-06 -0.820E-07 -0.820E-07 -0.820E-07 -0.820E-07 -0.358E-06 0.300E-01 0.300E-01 -0.298E-05
-0.149E-06 -0.149E-06 -0.149E-06 0. -0.107E-05 -0.298E-05 0.300E-01 0.238E-06 -0.238E-06 -0.596E-06 0. 0.358E-06 0.522E-06 0.164E-06 0.834E-06 0.500E-01 -0.820E-07 -0.820E-07 0.500E-01 0.373E-07 -0.820E-07 0. 0.119E-06 0.834E-06 -0.820E-07 -0.238E-06 -0.119E-06 -0.119E-06 -0.119E-06 -0.119E-06 0.326E-05 0.156E-06 -0.119E-06 -0.119E-06 -0.119E-06 -0.119E-06 0.238E-06 -0.107E-05 -0.358E-06 -0.238E-06 -0.238E-06 -0.238E-06 -0.238E-06 0.834E-06 -0.247E-05 0. -0.238E-06 0.834E-06 -0.477E-06 0.500E-01 -0.820E-07 -0.820E-07 -0.596E-06 0.834E-06 0.238E-06 0.156E-06 0.156E-06 -0.820E-07 0.373E-07 0.373E-07 0.373E-07 0.156E-06 -0.247E-05
0.395E-06 -0.149E-06 0.298E-07 0. 0. 0.135E-05 0.156E-06 0.300E-01 -0.119E-06 0.373E-07 -0.119E-06 0. 0. -0.820E-07 0.834E-06 0.358E-06 -0.820E-07 -0.119E-06 -0.119E-06 -0.119E-06 -0.238E-06 0.119E-06 -0.107E-05 0.238E-06 0. 0.238E-06 -0.238E-06 0. -0.820E-07 -0.820E-07 0.834E-06 -0.358E-06 0.500E-01 -0.238E-06 -0.238E-06 0. 0. -0.358E-06 -0.119E-06 0. -0.238E-06 0.358E-06 0.358E-06 0.358E-06 0.300E-01 0.300E-01 0.516E-05 0.358E-06 -0.820E-07 -0.820E-07 -0.596E-06 0.119E-06 0.834E-06 0.500E-01 -0.320E-06 -0.320E-06 -0.820E-07 -0.820E-07 0.373E-07 0.119E-06 -0.559E-06 0.373E-07 0.500E-01
-0.820E-07 0. 0.298E-07 0.300E-01 0. -0.247E-05 0.500E-01 0.300E-01 0. 0. -0.358E-06 -0.119E-06 0.522E-06 0.834E-06 0.300E-01 0.500E-01 0.500E-01 0.500E-01 0.500E-01 0.500E-01 0.276E-06 0.500E-01 0.300E-01 -0.238E-06 -0.238E-06 0.358E-06 -0.238E-06 0.358E-06 0.514E-06 -0.107E-05 0.500E-01 0. 0. 0. -0.358E-06 -0.358E-06 0. 0. -0.119E-06 0. 0.358E-06 0.358E-06 0.358E-06 0. -0.320E-06 0.300E-01 0.300E-01 -0.820E-07 0.156E-06 -0.596E-06 0.500E-01 0.500E-01 0.500E-01 0.300E-01 0.373E-07 0.358E-06 0.373E-07 -0.238E-06 0.395E-06 0.373E-07 0.156E-06 -0.119E-06 -0.298E-05
-0.119E-06 0. 0. 0.119E-06 0.300E-01 0.516E-05 -0.820E-07 0.500E-01 0. 0. 0. 0. -0.559E-06 0.834E-06 -0.820E-07 0. 0. 0. 0. 0.500E-01 0.633E-06 -0.820E-07 0.119E-06 0.276E-06 0.119E-06 -0.238E-06 0.300E-01 0.119E-06 -0.440E-06 -0.298E-05 -0.820E-07 0. 0. 0. 0. -0.119E-06 0. 0. -0.119E-06 0. -0.596E-06 0.358E-06 0.358E-06 -0.238E-06 -0.201E-06 0.300E-01 0.300E-01 0.300E-01 0.358E-06 -0.201E-06 0.500E-01 0.500E-01 -0.477E-06 -0.820E-07 -0.820E-07 -0.820E-07 0.373E-07 0.373E-07 -0.596E-06 0.300E-01 0.373E-07 -0.820E-07 0.
0.358E-06 -0.119E-06 -0.358E-06 0.119E-06 0. 0.516E-05 -0.320E-06 -0.238E-06 0. 0. -0.358E-06 -0.358E-06 0.300E-01 0.500E-01 0.500E-01 -0.820E-07 -0.358E-06 0.395E-06 -0.820E-07 -0.820E-07 0.373E-07 -0.238E-06 0.238E-06 0.358E-06 -0.238E-06 -0.358E-06 0.300E-01 0.238E-06 0. -0.298E-05 0.156E-06 0.477E-06 -0.358E-06 0. 0. -0.596E-06 -0.358E-06 0. 0.373E-07 0.135E-05 -0.820E-07 0.358E-06 -0.238E-06 -0.820E-07 -0.820E-07 0.846E-05 -0.358E-06 -0.820E-07 -0.820E-07 -0.820E-07 -0.820E-07 -0.820E-07 -0.820E-07 -0.820E-07 -0.820E-07 -0.820E-07 0.156E-06 0.373E-07 0.373E-07 0.373E-07 -0.119E-06 -0.151E-05 -0.151E-05
0. -0.320E-06 -0.119E-06 0.500E-01 0.135E-05 0.834E-06 -0.820E-07 0. 0. 0. -0.358E-06 0.300E-01 0.300E-01 0.500E-01 0.500E-01 0.500E-01 0.358E-06 -0.320E-06 0.119E-06 0.358E-06 -0.820E-07 0.373E-07 -0.238E-06 -0.238E-06 0. 0. 0.300E-01 0.238E-06 0.358E-06 -0.298E-05 -0.358E-06 0. 0. 0. 0.119E-06 -0.596E-06 -0.151E-05 0. -0.820E-07 0.300E-01 0.300E-01 0. 0.300E-01 0.300E-01 0.156E-06 -0.247E-05 0.500E-01 0.500E-01 -0.820E-07 -0.820E-07 0.156E-06 0.373E-07 -0.820E-07 -0.820E-07 0.373E-07 0.156E-06 0.358E-06 0.373E-07 -0.820E-07 0.156E-06 0.373E-07 0.300E-01 -0.820E-07
