share/VS_Project/swb/x64/Debug/MASS_BALANCE_08_28_1989.asc
NCOLS        340
NROWS        316
XLLCORNER     528502.530
YLLCORNER     274871.653
CELLSIZE        100.000
NODATA_VALUE    -9999.000
[rows 280 to 307 of 316, columns 124 to 185 of 340]
0.238E-06 0.500E-01 0.500E-01 0.500E-01 -0.160E-04 0.300E-01 -0.358E-06 -0.358E-06 -0.238E-06 -0.127E-06 -0.127E-06 -0.238E-06 0.238E-06 0.119E-06 0.300E-01 0.238E-06 0.500E-01 0.100 0.100 0. -0.238E-06 0.238E-06 0.300E-01 0.238E-06 0.238E-06 -0.358E-06 0.500E-01 0.500E-01 0.500E-01 0.100 0.238E-06 -0.358E-06 -0.358E-06 0.500E-01 0.167E-05 0.119E-06 0.500E-01 0.500E-01 0.238E-06 0.238E-06 -0.127E-06 0.238E-06 -0.358E-06 0.119E-06 0.119E-06 0.119E-06 0.500E-01 0.119E-06 0.119E-06 0.119E-06 0.119E-06 0.119E-06 0.238E-06 0.500E-01 0.500E-01 -0.358E-05 0.358E-06 0.119E-06 -0.358E-06 0.238E-06 0.238E-06 -0.477E-06
-0.358E-06 0.119E-06 0.238E-06 0.500E-01 0.358E-05 -0.358E-06 0.500E-01 0.500E-01 0.500E-01 -0.127E-06 -0.358E-06 0.300E-01 0.500E-01 0.119E-06 0.238E-06 0.500E-01 0.100 0.500E-01 0.500E-01 -0.358E-06 0.500E-01 -0.358E-06 -0.358E-06 0.238E-06 -0.358E-06 -0.238E-06 0.238E-06 -0.358E-06 -0.358E-06 0.238E-06 -0.238E-06 -0.238E-06 0.500E-01 0.500E-01 -0.131E-04 -0.238E-06 0.500E-01 0.477E-06 0.238E-06 0.238E-06 0.500E-01 0.500E-01 0.300E-01 0.238E-06 0.300E-01 0.119E-06 0.119E-06 0. 0.238E-06 0.500E-01 0.500E-01 0.358E-06 0. 0.119E-06 0.119E-06 0.300E-01 0.500E-01 0.500E-01 -0.358E-06 0.500E-01 0.500E-01 0.500E-01
0.238E-06 0.238E-06 0.238E-06 0.500E-01 0.500E-01 0.500E-01 0.500E-01 0.500E-01 -0.358E-06 0.477E-06 0.500E-01 0. 0.500E-01 0.500E-01 0.300E-01 0.119E-06 0.100 0.500E-01 0.238E-06 -0.358E-06 -0.358E-06 -0.358E-06 -0.358E-06 0.238E-06 0. -0.358E-06 -0.238E-06 0.238E-06 -0.358E-06 0. -0.358E-06 -0.358E-06 -0.358E-06 0.500E-01 0.500E-01 -0.405E-05 -0.477E-06 0.500E-01 0.238E-06 0.500E-01 0.100 0.300E-01 -0.358E-06 0.119E-06 0.477E-06 0.500E-01 0. 0.119E-06 0. 0.500E-01 0.500E-01 0.477E-06 0.238E-06 -0.477E-06 -0.715E-06 0.300E-01 -0.127E-06 0.119E-06 -0.477E-06 0.500E-01 0.500E-01 0.238E-06
0.238E-06 0.119E-06 0.119E-06 0.300E-01 0.500E-01 0.500E-01 0.500E-01 0.500E-01 0.500E-01 0.500E-01 -0.358E-06 -0.358E-06 0.500E-01 0.500E-01 0.300E-01 0.100 0.100 0.100 0.100 0.100 0.500E-01 0.100 0.500E-01 0.238E-06 0. 0.238E-06 0.500E-01 0.300E-01 0.300E-01 -0.358E-06 -0.358E-06 0.238E-06 0.500E-01 0.500E-01 0.500E-01 0.500E-01 0.119E-06 0.500E-01 0.100 0.100 0.100 0.238E-06 0.119E-06 0. 0. 0.238E-06 -0.127E-06 0.119E-06 -0.238E-06 0.300E-01 0.500E-01 0.500E-01 0.500E-01 -0.358E-06 0.238E-06 0.300E-01 0. 0.477E-06 -0.358E-06 0.500E-01 0.500E-01 0.238E-06
0.238E-06 0. 0.119E-06 0.300E-01 0.238E-06 0.300E-01 0.500E-01 0.500E-01 0.500E-01 0.500E-01 -0.127E-06 -0.358E-06 0.500E-01 0.100 0.100 0.100 0.100 0.100 0.100 0.100 0.100 0.500E-01 0.500E-01 0.238E-06 0.238E-06 -0.238E-06 0.715E-06 -0.715E-06 0.300E-01 0.238E-06 -0.358E-06 0. 0.500E-01 0.100 0.100 0.500E-01 0.500E-01 0.500E-01 0.500E-01 0.100 -0.358E-06 0.238E-06 0.238E-06 0.500E-01 0.500E-01 -0.127E-06 -0.127E-06 0.119E-06 0.500E-01 0.300E-01 0.300E-01 0.500E-01 -0.358E-06 0.715E-06 0.238E-06 0.300E-01 0.500E-01 0.500E-01 0.100 0.238E-06 0.238E-06 0.238E-06
0.238E-06 -0.358E-06 0.300E-01 -0.358E-06 0.238E-06 0.119E-06 0.500E-01 0.500E-01 0.500E-01 0.238E-06 -0.127E-06 -0.358E-06 0.238E-06 0.500E-01 0.100 0.100 0.100 0.100 0.100 0.100 0.100 0.500E-01 0.238E-06 0.238E-06 0.238E-06 0.238E-06 0.119E-06 0.715E-06 0.300E-01 0.238E-06 0.238E-06 0.238E-06 -0.358E-06 0.238E-06 0.238E-06 0.500E-01 0.500E-01 -0.358E-06 0.500E-01 -0.358E-06 0.238E-06 0.119E-06 -0.358E-06 -0.127E-06 -0.127E-06 0.119E-06 -0.127E-06 0.119E-06 0.119E-06 0.300E-01 0.300E-01 0.500E-01 0.238E-06 0.500E-01 0.238E-06 0.500E-01 -0.179E-04 0.500E-01 0.100 0.477E-06 0.238E-06 0.238E-06
0.119E-05 0.238E-06 0.310E-05 0.548E-05 -0.238E-06 0.238E-06 0.500E-01 0.500E-01 0.500E-01 0.500E-01 -0.127E-06 -0.358E-06 -0.358E-06 0.500E-01 0.500E-01 0.100 0.100 0.500E-01 0.500E-01 0.500E-01 0.500E-01 0.500E-01 0.300E-01 -0.358E-06 -0.715E-06 -0.119E-05 -0.238E-06 0.715E-06 0.300E-01 0.167E-05 0.500E-01 0.500E-01 0.500E-01 0.238E-06 0.500E-01 0.500E-01 0.500E-01 0.300E-01 0. -0.238E-06 0.238E-06 0.119E-06 -0.358E-06 0.500E-01 -0.127E-06 0. 0.119E-06 0. 0.300E-01 -0.127E-06 0.300E-01 0.500E-01 0.500E-01 0.500E-01 0.300E-01 0.500E-01 -0.169E-04 0.500E-01 0.500E-01 0.238E-06 0.238E-06 0.238E-06
0.500E-01 0.500E-01 0.500E-01 0.500E-01 0.500E-01 0.500E-01 0.500E-01 0.500E-01 0.500E-01 0.500E-01 -0.358E-06 -0.358E-06 0.500E-01 0.500E-01 0.500E-01 0.500E-01 0.500E-01 -0.358E-06 -0.358E-06 0.477E-06 0.238E-06 -0.127E-06 0.238E-06 0.238E-06 -0.127E-06 -0.358E-06 0.238E-06 0.500E-01 0.500E-01 0.100 0.100 0.100 0.100 0.500E-01 0.500E-01 -0.358E-06 0.500E-01 -0.174E-04 -0.715E-06 -0.238E-06 0.500E-01 -0.127E-06 0.500E-01 0.500E-01 0.119E-06 0.477E-06 -0.119E-06 0.358E-06 0.119E-06 -0.127E-06 0.300E-01 0.119E-06 0.119E-06 0.119E-06 0.500E-01 0.500E-01 0.500E-01 0.500E-01 0.500E-01 -0.358E-06 -0.358E-06 0.134E-06
0.300E-01 0.238E-06 0.300E-01 0.477E-06 0.238E-06 0.477E-06 0.500E-01 0.500E-01 0.500E-01 0.500E-01 -0.127E-06 -0.358E-06 0.500E-01 0.500E-01 0.500E-01 -0.358E-06 -0.358E-06 -0.358E-06 0. 0.238E-06 0.238E-06 -0.358E-06 0.500E-01 0. 0.238E-06 0.119E-06 0.238E-06 0.300E-01 0.300E-01 0.500E-01 -0.119E-06 0.500E-01 0.500E-01 0.500E-01 0.500E-01 0.715E-06 0.238E-06 -0.358E-06 0.453E-05 -0.127E-06 0.500E-01 0. 0.500E-01 0.300E-01 0.500E-01 -0.715E-06 0.238E-06 0.119E-06 0.119E-06 0. -0.119E-06 0.477E-06 0.500E-01 0.100 0.500E-01 0.300E-01 -0.179E-04 -0.603E-06 0.500E-01 0.149E-07 0.611E-06 0.500E-01
0.300E-01 -0.238E-06 0.300E-01 0.238E-06 0.238E-06 0.238E-06 -0.358E-06 0.500E-01 0.500E-01 0.500E-01 0.500E-01 -0.358E-06 0.500E-01 0.500E-01 0.500E-01 0.500E-01 -0.358E-06 0.500E-01 -0.238E-06 0.238E-06 0.238E-06 -0.358E-06 -0.358E-06 0.238E-06 0.119E-06 0.238E-06 0.119E-06 0.300E-01 0. 0.500E-01 0.300E-01 0.238E-06 0.238E-06 0.500E-01 0.500E-01 0.500E-01 0.500E-01 0.238E-06 -0.715E-06 0.238E-06 0.500E-01 0.500E-01 0.500E-01 0.100 0.100 0.500E-01 0.119E-06 0.238E-06 0.300E-01 0.300E-01 0.358E-06 0.300E-01 0.500E-01 0.100 0.100 0.119E-06 -0.150E-04 -0.603E-06 0.500E-01 0.500E-01 0.500E-01 0.500E-01
0.300E-01 0.500E-01 0.300E-01 0.300E-01 0. 0.477E-06 0.500E-01 0.500E-01 0.500E-01 0.300E-01 0.500E-01 -0.358E-06 0.500E-01 0.477E-06 0.500E-01 0.238E-06 0.715E-06 0.119E-06 -0.358E-06 0.238E-06 0.238E-06 -0.358E-06 0.300E-01 0.238E-06 -0.238E-06 0.238E-06 0.119E-06 0.238E-06 0.500E-01 0.500E-01 0.238E-06 0.300E-01 0.300E-01 0.500E-01 0.100 -0.358E-06 -0.358E-06 0.500E-01 0.500E-01 0.300E-01 0.500E-01 0.100 0.100 0.100 0.100 0.500E-01 0.119E-06 0.238E-06 0.500E-01 0.300E-01 0.119E-06 0.300E-01 0.119E-06 0.119E-06 0.100 0.500E-01 0.300E-01 -0.122E-04 -0.715E-06 0.238E-06 -0.127E-06 0.500E-01
0.300E-01 -0.127E-06 -0.358E-06 0.500E-01 -0.358E-06 0.300E-01 0.500E-01 0.500E-01 0.500E-01 0.500E-01 0.300E-01 -0.358E-06 -0.167E-05 0.500E-01 0.119E-06 -0.358E-06 -0.358E-06 -0.358E-06 -0.358E-06 -0.477E-06 -0.358E-06 -0.358E-06 0.300E-01 0.715E-06 -0.238E-06 -0.358E-06 -0.238E-06 0.238E-06 0.238E-06 0.500E-01 0.358E-06 0.238E-06 -0.238E-06 0.500E-01 0.238E-06 0.500E-01 -0.358E-06 -0.358E-06 0.238E-06 -0.262E-05 0.119E-06 -0.119E-06 0.500E-01 0.100 0.500E-01 0.119E-06 0.238E-06 -0.238E-06 0.300E-01 0.300E-01 0.119E-06 0.500E-01 0.500E-01 0.100 0.100 0.500E-01 0.300E-01 0.500E-01 0.715E-06 0.500E-01 -0.127E-06 -0.127E-06
0.500E-01 0.500E-01 0.238E-06 0.238E-06 -0.715E-06 0.500E-01 0.500E-01 0.500E-01 0.500E-01 0.500E-01 0.300E-01 -0.238E-06 0.500E-01 0.500E-01 -0.358E-06 -0.358E-06 -0.358E-06 -0.358E-06 -0.358E-06 -0.715E-06 -0.358E-06 -0.358E-06 0.300E-01 0.238E-06 0.238E-06 -0.358E-06 -0.238E-06 0.477E-06 0.300E-01 0.238E-06 0.238E-06 0.238E-06 0.300E-01 0.238E-06 -0.358E-06 -0.358E-06 0.477E-06 0.238E-06 0.238E-06 -0.165E-04 0. 0.500E-01 -0.358E-06 0.500E-01 0.500E-01 0.238E-06 0.238E-06 -0.238E-06 0. 0.358E-06 0. 0.500E-01 0.100 0.100 0.100 0.500E-01 0.300E-01 0.395E-05 0.358E-06 0.500E-01 -0.358E-06 -0.127E-06
0.500E-01 0.500E-01 0.500E-01 0.500E-01 0.238E-06 0.500E-01 0.100 0.500E-01 0.300E-01 0.500E-01 0.500E-01 -0.358E-06 0.500E-01 0.238E-06 -0.127E-06 -0.358E-06 -0.238E-06 0.238E-06 -0.358E-06 0.500E-01 0.500E-01 -0.358E-06 0.300E-01 0.238E-06 0.238E-06 -0.715E-06 -0.358E-06 0.238E-06 0.500E-01 0.119E-06 0.238E-06 0.238E-06 0.238E-06 0.238E-06 0. -0.715E-06 0.500E-01 -0.358E-06 0.500E-01 -0.103E-04 -0.358E-06 0.300E-01 0.300E-01 0.238E-06 0.119E-06 0.238E-06 -0.238E-06 0.500E-01 0.238E-06 0.596E-06 0.300E-01 0.500E-01 0.100 0.100 0.100 0.500E-01 0.300E-01 0.300E-01 0.300E-01 0.300E-01 0.500E-01 0.500E-01
-0.358E-06 -0.358E-06 -0.358E-06 0.238E-06 0.358E-06 0.500E-01 0.500E-01 0.500E-01 0.238E-06 0.500E-01 0.500E-01 0.787E-05 0.500E-01 -0.358E-06 -0.358E-06 0.238E-06 0.500E-01 0.500E-01 -0.358E-06 0.500E-01 0.500E-01 -0.358E-06 0.500E-01 0.500E-01 -0.715E-06 -0.238E-06 -0.119E-06 0.500E-01 0.238E-06 0.119E-06 0. 0.238E-06 0.238E-06 -0.238E-06 0.477E-06 0.238E-06 0.238E-06 0.477E-06 0.500E-01 0.238E-06 -0.165E-04 0. 0.300E-01 -0.119E-06 0.238E-06 0.238E-06 -0.238E-06 0.500E-01 -0.238E-06 -0.127E-06 0.300E-01 0.119E-06 0.500E-01 0.100 0.100 0.500E-01 -0.238E-06 -0.405E-05 -0.477E-06 0.300E-01 -0.127E-06 0.500E-01
0. -0.119E-06 0.238E-06 0.238E-06 -0.358E-06 0.238E-06 -0.358E-06 0.238E-06 0.238E-06 0.238E-06 0.500E-01 0.117E-04 -0.603E-06 -0.358E-06 0.500E-01 -0.715E-06 0.500E-01 -0.358E-06 -0.358E-06 0.238E-06 0.300E-01 -0.715E-06 0.238E-06 -0.358E-06 -0.238E-06 0.500E-01 0.500E-01 0.500E-01 0.238E-06 0.238E-06 0.300E-01 0.238E-06 0.238E-06 0.238E-06 0.238E-06 0.300E-01 -0.238E-06 0.500E-01 0.238E-06 0.500E-01 0.500E-01 0.500E-01 0.500E-01 0.500E-01 0.500E-01 0.238E-06 0.500E-01 0.500E-01 0.500E-01 0.500E-01 0.500E-01 0.100 0.100 0.100 0.100 0.500E-01 0.300E-01 0.300E-01 0.300E-01 0.300E-01 -0.127E-06 -0.119E-06
0.477E-06 0.238E-06 0.300E-01 0.238E-06 0.500E-01 0.500E-01 0.500E-01 -0.238E-06 0.238E-06 0.238E-06 0.238E-06 0.217E-04 0.350E-06 0.500E-01 0.238E-06 -0.358E-06 -0.358E-06 -0.358E-06 -0.358E-06 0.238E-06 -0.358E-06 -0.358E-06 -0.715E-06 0.238E-06 -0.167E-05 0.238E-06 0.238E-06 0.500E-01 0.238E-06 0. -0.238E-06 0.500E-01 0.500E-01 0.238E-06 0.238E-06 0.238E-06 0.238E-06 0.238E-06 0.119E-06 0.100 0.119E-06 -0.179E-04 0.500E-01 -0.358E-06 0.500E-01 0.500E-01 0.500E-01 -0.127E-06 0.119E-05 0.500E-01 0.100 0.100 0.100 0.100 0.100 0.149E-07 0.300E-01 0.300E-01 0.300E-01 0.300E-01 0.300E-01 0.238E-06
0.238E-06 0.238E-06 0.238E-06 0.238E-06 0.238E-06 0.500E-01 0.500E-01 0.500E-01 0.500E-01 0.100 0.100 0.500E-01 0.501E-05 0.500E-01 0.500E-01 -0.358E-06 -0.358E-06 -0.477E-06 -0.358E-06 -0.358E-06 0.238E-06 0.238E-06 0.119E-06 0.715E-06 -0.119E-05 0.500E-01 0.500E-01 0.500E-01 0.300E-01 0.300E-01 0.238E-06 0.500E-01 0.500E-01 0.238E-06 -0.477E-06 0.238E-06 0.238E-06 0.238E-06 0.238E-06 0. 0.119E-06 -0.103E-04 0. -0.358E-06 0.500E-01 0.500E-01 0.238E-06 0.500E-01 0.715E-06 0.500E-01 0.500E-01 0.500E-01 0.500E-01 0.500E-01 0.100 0.119E-06 0.300E-01 0.300E-01 0.300E-01 0.300E-01 -0.127E-06 -0.820E-06
0.500E-01 -0.358E-06 0.119E-06 0.238E-06 0.238E-06 0.500E-01 -0.119E-06 0.100 0.100 0.500E-01 0.500E-01 0.500E-01 0.500E-01 0.978E-05 0. 0.500E-01 0.500E-01 -0.358E-06 -0.358E-06 0.238E-06 -0.358E-06 -0.358E-06 -0.358E-06 0.238E-06 0.119E-05 0.500E-01 0.100 0.300E-01 -0.358E-06 0.300E-01 0.715E-06 0.300E-01 0.500E-01 0.238E-06 0.500E-01 0.238E-06 -0.238E-06 0.500E-01 0.500E-01 -0.358E-06 0.500E-01 0.300E-01 0.358E-06 0.119E-06 0.149E-07 0.477E-06 0.238E-06 0.119E-06 0.119E-06 -0.119E-05 0.119E-06 0.119E-06 -0.238E-06 -0.119E-06 0.119E-06 0.500E-01 0.500E-01 0.300E-01 0.300E-01 0.300E-01 -0.820E-06 0.500E-01
-0.358E-06 0.300E-01 0.300E-01 -0.238E-06 0.238E-06 0.238E-06 0.238E-06 0.238E-06 0.238E-06 0.238E-06 0.238E-06 0.100 0.500E-01 0.238E-06 0.241E-04 -0.477E-06 0.100 0.100 0.500E-01 0.477E-06 0.238E-06 0.119E-06 0. -0.477E-06 0.119E-05 0.300E-01 0.300E-01 0.300E-01 -0.358E-06 0.238E-06 -0.238E-06 0.238E-06 0.238E-06 -0.238E-06 -0.238E-06 0.100 0.500E-01 0.100 0.100 0.500E-01 0.300E-01 0.300E-01 0.300E-01 0.300E-01 0.300E-01 0.300E-01 0.300E-01 -0.954E-06 -0.820E-06 0.358E-06 0.358E-06 0.300E-01 0.477E-06 0.500E-01 0.119E-06 0.238E-06 0.134E-06 0.300E-01 0.300E-01 0.300E-01 0.500E-01 0.350E-06
-0.358E-06 -0.358E-06 0. 0.300E-01 0.238E-06 0.238E-06 -0.358E-06 0. -0.238E-06 -0.715E-06 -0.238E-06 0.100 0.500E-01 0.300E-01 0.155E-04 -0.127E-06 0.500E-01 0.500E-01 0.500E-01 0.238E-06 -0.358E-06 0.119E-06 0.500E-01 -0.119E-06 0. 0.167E-05 0.300E-01 0.300E-01 0.238E-06 -0.238E-06 0.477E-06 0.238E-06 0.238E-06 0.238E-06 0.238E-06 0.500E-01 0.100 0.100 0.100 0.500E-01 0.300E-01 0.300E-01 0.300E-01 -0.119E-06 0.119E-06 0.300E-01 0.300E-01 0.149E-07 0.134E-06 -0.104E-06 -0.224E-06 0.119E-06 -0.238E-06 0.119E-06 0.300E-01 0. 0.300E-01 -0.131E-04 0.134E-06 0.500E-01 -0.127E-06 -0.127E-06
0.300E-01 0.238E-06 -0.715E-06 0.300E-01 0.300E-01 0.300E-01 -0.358E-06 0.112E-06 0.112E-06 0.500E-01 0.500E-01 0.238E-06 0.500E-01 0.300E-01 0.288E-04 -0.238E-06 0.358E-06 0.500E-01 -0.358E-06 0.238E-06 -0.238E-06 0.238E-06 0.119E-06 0.238E-06 0.238E-06 0.477E-06 0.300E-01 0.300E-01 0.300E-01 -0.715E-06 0.238E-06 0.238E-06 -0.238E-06 0.238E-06 -0.238E-06 0.500E-01 0.100 0.500E-01 0.500E-01 0.500E-01 0.500E-01 -0.238E-06 0.300E-01 0.300E-01 0.300E-01 0.300E-01 0.300E-01 0.149E-07 0.238E-06 0.500E-01 -0.343E-06 0.358E-06 0. 0. 0.119E-06 0.119E-06 0.119E-06 -0.174E-04 -0.119E-06 0.500E-01 0.500E-01 -0.127E-06
0.500E-01 0.100 0.500E-01 0.300E-01 0.300E-01 0.300E-01 0.300E-01 0.238E-06 0.238E-06 0.238E-06 0.238E-06 0.238E-06 0.238E-06 0.500E-01 0.596E-05 -0.238E-06 -0.358E-06 0.238E-06 0.238E-06 0.100 0.100 0.500E-01 -0.358E-06 0.119E-06 0. -0.119E-06 0.149E-07 0.300E-01 -0.238E-06 0.238E-06 0.238E-06 -0.238E-06 0.238E-06 0.238E-06 0.300E-01 0.238E-06 0.100 0.100 0.100 0.100 0.358E-06 0.112E-06 0.500E-01 -0.212E-04 0.300E-01 0.300E-01 0.300E-01 -0.358E-06 -0.238E-06 0.238E-06 -0.238E-06 0.300E-01 0.300E-01 0.300E-01 0.300E-01 0.119E-06 0.119E-06 0.500E-01 0.109E-05 0.477E-06 -0.127E-06 0.
0.500E-01 0.500E-01 0.300E-01 0.300E-01 -0.238E-06 0.300E-01 0.300E-01 0.500E-01 -0.954E-06 -0.238E-06 0.238E-06 0.238E-06 0.238E-06 0.500E-01 0.308E-04 0.238E-06 0. 0.238E-06 0.500E-01 0.500E-01 0.500E-01 0.119E-06 0.500E-01 0.119E-06 0.238E-06 0.300E-01 0.119E-06 0.238E-06 0.500E-01 0.300E-01 0.500E-01 -0.238E-06 -0.238E-06 -0.358E-06 0.238E-06 0.238E-06 0.300E-01 0.500E-01 0.100 0.100 0.500E-01 0.500E-01 0.119E-06 0.500E-01 0.500E-01 0.500E-01 0.500E-01 0.500E-01 0.500E-01 0.500E-01 0.500E-01 0.300E-01 0.300E-01 0.300E-01 0.300E-01 0.300E-01 0.119E-06 0.119E-06 -0.117E-04 -0.104E-06 0.500E-01 -0.127E-06
0.500E-01 0.238E-06 0.300E-01 0.300E-01 0.300E-01 0.300E-01 0.300E-01 0.238E-06 0.238E-06 -0.238E-06 0.500E-01 0.238E-06 0.238E-06 0.500E-01 0.500E-01 0.149E-07 -0.119E-06 0.238E-06 -0.238E-06 -0.119E-06 0.238E-06 0.238E-06 0.500E-01 0.238E-06 0.119E-06 0.238E-06 0.119E-06 0.300E-01 0.300E-01 0.300E-01 0.500E-01 -0.238E-06 -0.358E-06 -0.358E-06 -0.238E-06 0.477E-06 0.500E-01 0.238E-06 0.238E-06 0.500E-01 0.100 0.500E-01 0.500E-01 0.500E-01 0.100 0.100 0.100 0.100 0.100 0.238E-06 0.500E-01 0.300E-01 0.300E-01 0.300E-01 0.131E-04 0.204E-05 -0.247E-04 0.119E-06 -0.174E-04 0.134E-06 0.500E-01 0.119E-06
0.477E-06 0.500E-01 0.500E-01 0.500E-01 0.500E-01 0.300E-01 0.238E-06 0.477E-06 0.300E-01 0.238E-06 0.500E-01 0.238E-06 0.238E-06 0.238E-06 0.203E-04 0.149E-07 0.119E-06 -0.127E-06 0.500E-01 0.238E-06 0.238E-06 0.500E-01 0.500E-01 0.238E-06 0.238E-06 0.238E-06 0.238E-06 0.500E-01 0.500E-01 0.300E-01 0.134E-06 -0.358E-06 0.238E-06 0.238E-06 -0.238E-06 0.119E-06 -0.358E-06 0.500E-01 0.500E-01 0.500E-01 0.500E-01 0.300E-01 0.500E-01 0.500E-01 0.500E-01 0.500E-01 0.500E-01 0.500E-01 0.500E-01 0. 0. 0.119E-06 0.500E-01 0.100 0.100 0.100 0.500E-01 0.310E-05 0.131E-04 0.119E-06 0.358E-06 0.119E-06
-0.358E-06 -0.358E-06 0.238E-06 0.500E-01 0.500E-01 0.300E-01 0.238E-06 0.500E-01 0.300E-01 0.238E-06 0.500E-01 0.500E-01 0.300E-01 0.300E-01 0.500E-01 -0.238E-06 -0.119E-06 0.119E-06 -0.127E-06 0.238E-06 0.238E-06 0.477E-06 0.500E-01 0.238E-06 0.300E-01 -0.238E-06 0.715E-06 0.500E-01 0.500E-01 0.500E-01 -0.559E-05 0.611E-06 -0.358E-06 0.500E-01 -0.238E-06 -0.358E-06 0.238E-06 0.500E-01 0.119E-06 -0.119E-06 -0.358E-06 0.300E-01 0.300E-01 0.500E-01 0.500E-01 0.500E-01 0.100 0.100 0.238E-06 -0.358E-06 0.238E-06 -0.238E-06 0.500E-01 0.500E-01 0.100 0.100 0.100 0.100 0.500E-01 0.301E-01 0. 0.358E-06
0.119E-05 -0.238E-06 -0.119E-06 0.500E-01 0.300E-01 0.300E-01 0.300E-01 0.238E-06 0.500E-01 0.238E-06 -0.358E-06 0.500E-01 0.500E-01 0.500E-01 0.300E-01 0.160E-04 0.715E-06 0.119E-06 -0.127E-06 -0.238E-06 0.477E-06 -0.343E-06 -0.224E-06 0.500E-01 0.238E-06 0.238E-06 0.238E-06 0.500E-01 0.238E-06 0.500E-01 0.300E-01 0.300E-01 0.300E-01 0.300E-01 -0.358E-06 -0.358E-06 0.238E-06 0.500E-01 0.500E-01 -0.127E-06 -0.127E-06 0.500E-01 0.500E-01 0.238E-06 0.500E-01 -0.358E-06 0.238E-06 0.500E-01 0.238E-06 0. 0.238E-06 0.500E-01 0.596E-06 0. 0.500E-01 0.100 0.100 0.100 0.100 0.500E-01 0.300E-01 0.500E-01
