share/VS_Project/swb/x64/Debug/MASS_BALANCE_05_23_1990.asc
NCOLS        340
NROWS        316
XLLCORNER     528502.530
YLLCORNER     274871.653
CELLSIZE        100.000
NODATA_VALUE    -9999.000
[rows 270 to 296 of 316, columns 248 to 309 of 340]
0.298E-07 0.298E-07 0.300E-01 0.300E-01 0.300E-01 0.500E-01 0.500E-01 0.500E-01 0.500E-01 0.500E-01 0.500E-01 0.300E-01 0.298E-07 0.298E-07 0.298E-07 0.298E-07 -0.596E-07 0.298E-07 0.298E-07 0.298E-07 0.300E-01 0.298E-07 0.298E-07 0.298E-07 0.298E-07 0.298E-07 0.298E-07 0.298E-07 0.300E-01 0.300E-01 0.300E-01 0.298E-07 0.298E-07 0.335E-06 0.298E-07 0.298E-07 0.298E-07 0.298E-07 0.298E-07 0.298E-07 0.298E-07 0.298E-07 0.298E-07 0.298E-07 0.298E-07 0.298E-07 0.298E-07 0.298E-07 0.373E-07 0.373E-07 0.201E-06 0.119E-06 0.373E-07 0.298E-07 0.298E-07 0.298E-07 0.298E-07 0.298E-07 0.224E-06 0.300E-01 0.300E-01 0.300E-01
0.298E-07 0.298E-07 0.300E-01 0.500E-01 0.298E-07 0.500E-01 0.300E-01 0.300E-01 0.500E-01 0.500E-01 0.500E-01 0.500E-01 0.500E-01 0.298E-07 0.298E-07 0.298E-07 0.298E-07 0.298E-07 0.300E-01 0.300E-01 0.298E-07 0.500E-01 0.298E-07 0.298E-07 0.298E-07 0.298E-07 0.142E-06 0.298E-07 0.300E-01 0.300E-01 0.300E-01 0.298E-07 0.298E-07 0.231E-06 0.500E-01 0.298E-07 0.298E-07 0.298E-07 0.298E-07 -0.298E-07 0.298E-07 0.298E-07 0.298E-07 0.298E-07 0.298E-07 0.298E-07 0.298E-07 -0.298E-07 0.298E-07 0.298E-07 0.298E-07 0.298E-07 0.298E-07 0.298E-07 0.298E-07 0.298E-07 0.298E-07 0.298E-07 -0.194E-06 0.298E-07 0.300E-01 0.300E-01
0.298E-07 0.298E-07 0.298E-07 0.298E-07 0.298E-07 0.298E-07 0.298E-07 0.298E-07 0.298E-07 0.298E-07 0.298E-07 0.298E-07 0.298E-07 0.298E-07 0.298E-07 0.298E-07 0.298E-07 0.500E-01 0.298E-07 0.500E-01 0.298E-07 0.500E-01 0.298E-07 0.298E-07 0.298E-07 0.298E-07 0.298E-07 -0.745E-08 0.300E-01 0.300E-01 -0.745E-08 -0.745E-08 -0.335E-06 0.298E-07 -0.671E-07 0.298E-07 0.298E-07 0.298E-07 -0.596E-07 0.298E-07 0.298E-07 0.298E-07 0.298E-07 0.298E-07 0.298E-07 0.298E-07 0.894E-07 0.298E-07 0.298E-07 0.298E-07 0.298E-07 0.298E-07 0.298E-07 0.298E-07 0.298E-07 0.298E-07 0.298E-07 0.300E-01 -0.149E-07 0.500E-01 0.300E-01 0.300E-01
0.300E-01 0.300E-01 0.300E-01 0.300E-01 0.300E-01 0.298E-07 0.298E-07 0.300E-01 0.300E-01 0.300E-01 0.300E-01 0.298E-07 0.298E-07 0.298E-07 0.298E-07 0.298E-07 0.298E-07 0.298E-07 -0.596E-07 0.298E-07 0.298E-07 0.300E-01 0.298E-07 0.298E-07 0.298E-07 0.298E-07 0.300E-01 0.300E-01 0.300E-01 0.500E-01 0.500E-01 0.298E-07 0.298E-07 0.298E-07 0.127E-06 0.298E-07 0.298E-07 0.298E-07 -0.238E-06 -0.298E-07 0.298E-07 0.298E-07 0.298E-07 0.298E-07 0.298E-07 -0.298E-07 0.298E-07 0.298E-07 0.298E-07 0.298E-07 0.298E-07 0.298E-07 0.298E-07 0.298E-07 0.298E-07 0.298E-07 -0.231E-06 0.300E-01 0.298E-07 0.298E-07 0.300E-01 0.298E-07
0.300E-01 0.300E-01 0.300E-01 0.300E-01 0.300E-01 0.300E-01 0.298E-07 0.298E-07 0.300E-01 0.300E-01 0.300E-01 0.300E-01 0.298E-07 0.300E-01 0.300E-01 0.298E-07 0.298E-07 0.500E-01 -0.827E-06 0.298E-07 0.500E-01 0.500E-01 0.500E-01 0.298E-07 0.300E-01 0.300E-01 0.300E-01 0.300E-01 0.300E-01 0.300E-01 0.300E-01 0.298E-07 0.298E-07 0.298E-07 0.298E-07 0.298E-07 0.298E-07 0.164E-06 0.298E-07 0.298E-07 0.298E-07 0.298E-07 0.298E-07 0.298E-07 0.298E-07 0.298E-07 0.500E-01 0.298E-07 0.298E-07 0.298E-07 0.298E-07 0.298E-07 0.298E-07 0.298E-07 0.149E-07 -0.231E-06 -0.142E-06 0.298E-07 0.298E-07 0.298E-07 0.300E-01 0.298E-07
0.300E-01 0.300E-01 0.300E-01 0.300E-01 0.300E-01 0.300E-01 0.300E-01 0.300E-01 0.300E-01 0.300E-01 0.298E-07 0.298E-07 0.298E-07 0.298E-07 0.300E-01 0.298E-07 0.298E-07 0.500E-01 -0.112E-06 0.500E-01 0.500E-01 0.100 0.298E-07 0.298E-07 0.298E-07 0.300E-01 0.298E-07 0.300E-01 0.298E-07 0.298E-07 0.298E-07 0.298E-07 0.298E-07 0.500E-01 0.500E-01 0.298E-07 -0.104E-06 0.298E-07 0.298E-07 0.298E-07 0.298E-07 -0.298E-07 0.298E-07 0.298E-07 0.298E-07 0.500E-01 0.298E-07 0.298E-07 0.500E-01 0.298E-07 0.298E-07 0.298E-07 0.500E-01 0.500E-01 0.500E-01 0.100 0.100 0.298E-07 0.298E-07 0.298E-07 0.300E-01 0.300E-01
0.298E-07 0.300E-01 0.300E-01 0.300E-01 0.300E-01 0.300E-01 0.300E-01 0.300E-01 0.298E-07 0.300E-01 0.300E-01 0.298E-07 0.298E-07 0.298E-07 0.300E-01 0.298E-07 0.500E-01 -0.402E-06 0.500E-01 0.500E-01 0.500E-01 0.500E-01 0.500E-01 0.298E-07 0.298E-07 0.300E-01 0.300E-01 0.300E-01 0.298E-07 0.298E-07 0.298E-07 0.298E-07 0.298E-07 0.298E-07 0.300E-01 0.298E-07 0.298E-07 0.298E-07 0.298E-07 0.298E-07 0.298E-07 0.894E-07 0.298E-07 0.298E-07 0.298E-07 0.500E-01 0.298E-07 0.298E-07 0.298E-07 0.298E-07 0.298E-07 0.298E-07 0.100 0.100 0.100 0.100 0.500E-01 0.298E-07 0.298E-07 0.298E-07 0.300E-01 0.298E-07
0.300E-01 0.300E-01 0.298E-07 0.300E-01 0.298E-07 0.298E-07 0.298E-07 -0.671E-07 0.298E-07 0.298E-07 0.298E-07 0.298E-07 0.300E-01 0.300E-01 0.300E-01 0.500E-01 0.500E-01 0.298E-07 0.500E-01 0.298E-07 0.500E-01 0.500E-01 0.500E-01 0.298E-07 0.298E-07 0.300E-01 0.300E-01 0.300E-01 0.298E-07 0.298E-07 0.298E-07 0.298E-07 0.298E-07 0.298E-07 0.300E-01 0.298E-07 0.298E-07 0.298E-07 0.298E-07 0.298E-07 0.500E-01 0.500E-01 0.500E-01 0.298E-07 0.298E-07 0.298E-07 0.298E-07 0.298E-07 0.298E-07 0.298E-07 0.298E-07 0.500E-01 0.500E-01 0.500E-01 0.100 0.500E-01 0.298E-07 0.298E-07 0.298E-07 0.298E-07 0.298E-07 0.300E-01
0.298E-07 0.298E-07 0.298E-07 0.300E-01 0.300E-01 0.298E-07 0.298E-07 0.127E-06 0.298E-07 0.298E-07 0.300E-01 0.298E-07 0.298E-07 0.300E-01 0.500E-01 0.298E-07 0.300E-01 0.300E-01 0.298E-07 0.298E-07 0.298E-07 0.298E-07 0.298E-07 0.298E-07 0.500E-01 0.300E-01 0.300E-01 0.300E-01 0.298E-07 0.298E-07 0.298E-07 0.298E-07 0.298E-07 0.500E-01 0.500E-01 0.298E-07 -0.298E-07 0.298E-07 0.298E-07 0.298E-07 -0.745E-08 0.500E-01 0.500E-01 0.298E-07 0.298E-07 0.298E-07 0.298E-07 0.298E-07 0.500E-01 0.500E-01 0.298E-07 0.500E-01 0.298E-07 0.298E-07 0.298E-07 0.298E-07 0.298E-07 0.298E-07 0.298E-07 0.298E-07 0.300E-01 0.300E-01
0.298E-07 0.298E-07 0.298E-07 0.298E-07 0.298E-07 0.298E-07 0.298E-07 0.298E-07 0.298E-07 0.298E-07 0.298E-07 0.300E-01 0.300E-01 0.298E-07 0.500E-01 0.298E-07 0.300E-01 0.300E-01 0.300E-01 0.300E-01 0.298E-07 0.500E-01 0.500E-01 0.298E-07 0.500E-01 0.300E-01 0.300E-01 0.300E-01 0.300E-01 0.300E-01 0.300E-01 0.300E-01 0.500E-01 0.298E-07 0.298E-07 0.298E-07 0.298E-07 0.156E-06 0.298E-07 -0.745E-08 -0.745E-08 -0.745E-08 0.298E-07 0.298E-07 0.298E-07 0.298E-07 0.298E-07 0.298E-07 0.298E-07 0.298E-07 0.500E-01 0.100 0.298E-07 0.298E-07 0.298E-07 0.298E-07 0.298E-07 0.298E-07 0.298E-07 0.298E-07 0.300E-01 0.300E-01
0.300E-01 0.298E-07 0.298E-07 0.298E-07 0.298E-07 0.298E-07 0.298E-07 0.298E-07 0.298E-07 0.298E-07 0.298E-07 0.298E-07 0.298E-07 0.500E-01 0.500E-01 0.300E-01 0.298E-07 0.300E-01 0.300E-01 0.300E-01 0.298E-07 0.300E-01 0.300E-01 0.300E-01 0.500E-01 0.300E-01 0.300E-01 0.300E-01 0.300E-01 0.300E-01 0.300E-01 0.298E-07 0.500E-01 0.298E-07 0.298E-07 0.298E-07 0.298E-07 0.186E-06 0.142E-06 -0.745E-08 0.298E-07 0.298E-07 -0.745E-08 -0.745E-08 -0.745E-08 0.298E-07 0.298E-07 0.298E-07 0.500E-01 0.298E-07 0.800E-01 0.100 0.500E-01 0.298E-07 0.298E-07 0.298E-07 0.298E-07 0.298E-07 0.298E-07 0.298E-07 0.300E-01 0.300E-01
0.298E-07 0.298E-07 0.300E-01 0.298E-07 0.298E-07 0.298E-07 0.298E-07 0.300E-01 0.300E-01 0.300E-01 0.300E-01 0.300E-01 0.298E-07 0.500E-01 0.298E-07 0.298E-07 0.300E-01 0.300E-01 0.300E-01 0.300E-01 0.300E-01 0.300E-01 0.300E-01 0.300E-01 0.300E-01 0.300E-01 0.300E-01 0.300E-01 0.300E-01 0.300E-01 0.300E-01 0.300E-01 0.500E-01 0.300E-01 0.500E-01 0.300E-01 0.300E-01 0.300E-01 0.142E-06 0.298E-07 0.298E-07 0.500E-01 -0.969E-07 -0.745E-08 0.142E-06 0.298E-07 0.298E-07 0.298E-07 0.298E-07 0.500E-01 0.298E-07 0.100 0.298E-07 0.298E-07 0.298E-07 0.298E-07 0.298E-07 0.298E-07 0.298E-07 0.298E-07 0.300E-01 0.300E-01
0.298E-07 0.300E-01 0.300E-01 -0.469E-06 0.298E-07 0.298E-07 0.300E-01 0.300E-01 0.298E-07 0.298E-07 0.300E-01 0.298E-07 0.298E-07 0.500E-01 0.298E-07 0.298E-07 0.298E-07 0.300E-01 0.300E-01 0.300E-01 0.300E-01 0.300E-01 0.300E-01 0.300E-01 0.300E-01 0.300E-01 0.300E-01 0.300E-01 0.300E-01 0.300E-01 0.300E-01 0.500E-01 0.100 0.100 0.100 0.100 0.300E-01 0.300E-01 0.300E-01 0.300E-01 0.298E-07 0.298E-07 0.298E-07 0.298E-07 -0.335E-06 0.298E-07 0.298E-07 0.298E-07 0.298E-07 -0.969E-07 0.298E-07 0.298E-07 0.298E-07 0.298E-07 0.298E-07 0.298E-07 0.298E-07 0.298E-07 0.298E-07 0.298E-07 0.298E-07 0.298E-07
0.300E-01 0.300E-01 0.300E-01 0.300E-01 0.300E-01 0.500E-01 0.298E-07 0.300E-01 0.298E-07 0.298E-07 0.300E-01 0.298E-07 0.298E-07 0.300E-01 0.500E-01 0.500E-01 0.298E-07 0.298E-07 0.300E-01 0.300E-01 0.300E-01 0.300E-01 0.300E-01 0.300E-01 0.300E-01 0.300E-01 0.300E-01 0.300E-01 0.300E-01 0.300E-01 0.300E-01 0.298E-07 0.100 0.100 0.100 0.300E-01 0.300E-01 0.300E-01 0.300E-01 0.300E-01 0.298E-07 0.298E-07 0.500E-01 0.300E-01 0.300E-01 0.298E-07 0.298E-07 0.500E-01 -0.745E-08 0.500E-01 0.300E-01 0.300E-01 0.298E-07 0.298E-07 0.298E-07 0.298E-07 0.298E-07 0.500E-01 0.298E-07 0.298E-07 0.298E-07 0.298E-07
0.300E-01 0.300E-01 0.300E-01 0.500E-01 0.500E-01 0.500E-01 0.298E-07 0.500E-01 0.298E-07 0.298E-07 0.300E-01 0.300E-01 0.300E-01 0.300E-01 0.300E-01 0.298E-07 0.300E-01 0.298E-07 0.298E-07 0.298E-07 0.300E-01 0.300E-01 0.300E-01 0.300E-01 0.300E-01 0.300E-01 0.300E-01 0.300E-01 0.300E-01 0.500E-01 0.500E-01 0.500E-01 0.500E-01 0.500E-01 0.500E-01 0.300E-01 0.300E-01 0.300E-01 0.300E-01 0.298E-07 0.298E-07 0.298E-07 0.298E-07 0.300E-01 0.300E-01 0.300E-01 0.500E-01 0.500E-01 0.500E-01 -0.745E-08 -0.745E-08 0.298E-07 0.298E-07 0.298E-07 0.298E-07 0.298E-07 0.298E-07 0.298E-07 0.298E-07 0.298E-07 0.298E-07 0.298E-07
0.300E-01 0.500E-01 0.500E-01 0.500E-01 0.298E-07 0.500E-01 0.298E-07 0.298E-07 0.298E-07 0.300E-01 0.300E-01 0.300E-01 0.300E-01 0.300E-01 0.300E-01 0.298E-07 0.298E-07 0.298E-07 0.298E-07 0.298E-07 0.300E-01 0.300E-01 0.300E-01 0.300E-01 0.300E-01 0.300E-01 0.300E-01 0.300E-01 0.300E-01 0.300E-01 0.300E-01 0.300E-01 0.300E-01 0.300E-01 0.298E-07 0.300E-01 0.300E-01 0.300E-01 0.300E-01 0.298E-07 0.298E-07 0.298E-07 0.500E-01 0.300E-01 0.300E-01 0.300E-01 0.298E-07 0.500E-01 0.298E-07 0.298E-07 0.300E-01 0.298E-07 0.298E-07 0.298E-07 0.500E-01 0.298E-07 0.298E-07 0.298E-07 0.298E-07 0.298E-07 0.298E-07 0.298E-07
0.500E-01 0.300E-01 0.300E-01 0.500E-01 0.298E-07 0.298E-07 0.298E-07 0.298E-07 0.300E-01 0.300E-01 0.300E-01 0.300E-01 0.300E-01 0.300E-01 0.298E-07 0.298E-07 0.300E-01 0.300E-01 0.500E-01 0.500E-01 0.500E-01 0.300E-01 0.300E-01 0.300E-01 0.300E-01 0.300E-01 0.300E-01 0.300E-01 0.300E-01 0.300E-01 0.300E-01 0.300E-01 0.300E-01 0.300E-01 0.298E-07 0.300E-01 0.300E-01 0.300E-01 0.300E-01 0.300E-01 0.298E-07 0.300E-01 0.300E-01 0.300E-01 0.300E-01 0.300E-01 0.298E-07 0.500E-01 0.298E-07 0.298E-07 0.300E-01 0.298E-07 0.298E-07 0.500E-01 0.500E-01 0.500E-01 0.298E-07 0.298E-07 0.298E-07 0.300E-01 0.300E-01 0.300E-01
0.298E-07 0.300E-01 0.300E-01 0.500E-01 0.300E-01 0.298E-07 0.300E-01 0.300E-01 0.300E-01 0.300E-01 0.300E-01 0.300E-01 0.300E-01 0.300E-01 0.298E-07 0.298E-07 0.300E-01 0.500E-01 0.298E-07 0.298E-07 0.500E-01 0.300E-01 0.300E-01 0.300E-01 0.300E-01 0.300E-01 0.300E-01 0.300E-01 0.300E-01 0.300E-01 0.300E-01 0.300E-01 0.300E-01 0.300E-01 0.300E-01 0.300E-01 0.300E-01 0.300E-01 0.300E-01 0.298E-07 0.300E-01 0.300E-01 0.500E-01 0.300E-01 0.300E-01 0.300E-01 0.298E-07 0.298E-07 0.298E-07 0.298E-07 0.300E-01 0.298E-07 0.298E-07 0.298E-07 0.298E-07 0.298E-07 0.298E-07 0.298E-07 0.298E-07 0.298E-07 0.300E-01 0.300E-01
0.500E-01 0.298E-07 0.300E-01 0.300E-01 0.500E-01 0.298E-07 0.500E-01 0.300E-01 0.300E-01 0.298E-07 0.298E-07 0.300E-01 0.300E-01 0.298E-07 0.298E-07 0.298E-07 0.298E-07 0.300E-01 0.298E-07 0.298E-07 0.300E-01 0.300E-01 0.300E-01 0.300E-01 0.300E-01 0.300E-01 0.300E-01 0.300E-01 0.300E-01 0.500E-01 0.300E-01 0.300E-01 0.300E-01 0.300E-01 0.300E-01 0.300E-01 0.300E-01 0.300E-01 0.300E-01 0.298E-07 0.298E-07 0.298E-07 0.500E-01 0.300E-01 0.300E-01 0.300E-01 0.500E-01 0.298E-07 0.298E-07 0.298E-07 0.300E-01 0.298E-07 0.298E-07 0.298E-07 0.300E-01 0.298E-07 0.298E-07 0.298E-07 0.298E-07 0.300E-01 0.300E-01 0.300E-01
0.298E-07 0.298E-07 0.300E-01 0.298E-07 0.500E-01 0.100 0.100 0.300E-01 0.300E-01 0.300E-01 0.300E-01 0.300E-01 0.300E-01 0.300E-01 0.298E-07 0.298E-07 0.298E-07 0.298E-07 0.300E-01 0.300E-01 0.298E-07 0.300E-01 0.300E-01 0.300E-01 0.300E-01 0.300E-01 0.300E-01 0.300E-01 0.298E-07 0.298E-07 0.298E-07 0.298E-07 0.300E-01 0.300E-01 0.500E-01 0.298E-07 0.298E-07 0.300E-01 0.300E-01 0.300E-01 0.298E-07 0.298E-07 0.500E-01 0.300E-01 0.300E-01 0.500E-01 0.500E-01 0.500E-01 0.298E-07 0.298E-07 0.300E-01 0.298E-07 0.298E-07 0.300E-01 0.300E-01 0.298E-07 0.298E-07 0.298E-07 0.298E-07 0.300E-01 0.300E-01 0.300E-01
0.100 0.100 0.500E-01 0.500E-01 0.100 0.100 0.100 0.298E-07 0.298E-07 0.300E-01 0.300E-01 0.300E-01 0.300E-01 0.298E-07 0.298E-07 0.298E-07 0.298E-07 0.300E-01 0.298E-07 0.298E-07 0.300E-01 0.300E-01 0.300E-01 0.300E-01 0.300E-01 0.300E-01 0.300E-01 0.300E-01 0.300E-01 0.298E-07 0.298E-07 0.298E-07 0.300E-01 0.300E-01 0.298E-07 0.298E-07 0.298E-07 0.300E-01 0.300E-01 0.300E-01 0.500E-01 0.298E-07 0.298E-07 0.500E-01 0.298E-07 0.298E-07 0.300E-01 0.298E-07 0.298E-07 0.298E-07 0.298E-07 0.298E-07 0.298E-07 0.300E-01 0.298E-07 0.298E-07 0.298E-07 0.500E-01 0.300E-01 0.298E-07 0.298E-07 0.298E-07
0.100 0.500E-01 0.300E-01 0.500E-01 0.100 0.100 0.100 0.500E-01 0.298E-07 0.300E-01 0.300E-01 0.298E-07 0.298E-07 0.298E-07 0.298E-07 0.298E-07 0.298E-07 0.300E-01 0.298E-07 0.300E-01 0.300E-01 0.300E-01 0.300E-01 0.300E-01 0.300E-01 0.300E-01 0.300E-01 0.300E-01 0.300E-01 0.298E-07 0.298E-07 0.298E-07 0.300E-01 0.298E-07 0.298E-07 0.298E-07 0.298E-07 0.300E-01 0.300E-01 0.298E-07 0.298E-07 0.298E-07 0.298E-07 0.298E-07 0.298E-07 0.298E-07 0.500E-01 0.298E-07 0.298E-07 0.298E-07 0.298E-07 0.298E-07 0.300E-01 0.500E-01 0.298E-07 0.298E-07 0.298E-07 0.298E-07 0.500E-01 0.500E-01 0.298E-07 0.500E-01
0.100 0.100 0.300E-01 0.500E-01 0.500E-01 0.100 0.100 0.298E-07 0.300E-01 0.300E-01 0.298E-07 0.298E-07 0.298E-07 0.298E-07 0.298E-07 0.298E-07 0.298E-07 0.300E-01 0.298E-07 0.300E-01 0.300E-01 0.300E-01 0.300E-01 0.300E-01 0.300E-01 0.300E-01 0.300E-01 0.300E-01 0.300E-01 0.298E-07 0.298E-07 0.500E-01 0.298E-07 0.298E-07 0.298E-07 0.298E-07 0.298E-07 0.300E-01 0.298E-07 0.298E-07 0.298E-07 0.298E-07 0.298E-07 0.298E-07 0.298E-07 0.298E-07 0.500E-01 0.500E-01 0.298E-07 0.298E-07 0.298E-07 0.298E-07 0.300E-01 0.300E-01 0.298E-07 0.298E-07 0.500E-01 0.298E-07 0.100 0.100 0.500E-01 0.500E-01
0.100 0.100 0.500E-01 0.500E-01 0.500E-01 0.100 0.100 0.500E-01 0.300E-01 0.300E-01 0.298E-07 0.298E-07 0.298E-07 0.298E-07 0.298E-07 0.298E-07 0.298E-07 0.298E-07 0.298E-07 0.298E-07 0.300E-01 0.300E-01 0.300E-01 0.300E-01 0.300E-01 0.300E-01 0.300E-01 0.300E-01 0.300E-01 0.298E-07 0.300E-01 0.300E-01 0.298E-07 0.300E-01 0.298E-07 0.300E-01 0.298E-07 0.298E-07 0.298E-07 0.500E-01 0.298E-07 0.298E-07 0.298E-07 0.298E-07 0.300E-01 0.300E-01 0.500E-01 0.500E-01 0.298E-07 0.500E-01 0.298E-07 0.300E-01 0.300E-01 0.300E-01 0.298E-07 0.298E-07 0.500E-01 0.500E-01 0.500E-01 0.500E-01 0.100 0.300E-01
0.100 0.100 0.100 0.100 0.100 0.100 0.100 0.300E-01 0.300E-01 0.298E-07 0.300E-01 0.298E-07 0.500E-01 0.500E-01 0.300E-01 0.298E-07 0.298E-07 0.298E-07 0.298E-07 0.298E-07 0.300E-01 0.300E-01 0.300E-01 0.300E-01 0.300E-01 0.300E-01 0.300E-01 0.300E-01 0.300E-01 0.300E-01 0.300E-01 0.298E-07 0.298E-07 0.300E-01 0.298E-07 0.298E-07 0.298E-07 0.298E-07 0.298E-07 0.500E-01 0.298E-07 0.298E-07 0.298E-07 0.298E-07 0.300E-01 0.300E-01 0.298E-07 0.500E-01 0.298E-07 0.500E-01 0.300E-01 0.300E-01 0.298E-07 0.298E-07 0.298E-07 0.298E-07 0.298E-07 0.300E-01 0.300E-01 0.500E-01 0.100 0.100
0.100 0.100 0.100 0.100 0.100 0.100 0.100 0.298E-07 0.500E-01 0.298E-07 0.298E-07 0.298E-07 0.298E-07 0.298E-07 0.300E-01 0.300E-01 0.300E-01 0.300E-01 0.300E-01 0.500E-01 0.298E-07 0.298E-07 0.300E-01 0.300E-01 0.300E-01 0.300E-01 0.300E-01 0.300E-01 0.300E-01 0.300E-01 0.300E-01 0.300E-01 0.298E-07 0.300E-01 0.298E-07 0.300E-01 0.298E-07 0.298E-07 0.298E-07 0.298E-07 0.298E-07 0.298E-07 0.298E-07 0.500E-01 0.300E-01 0.298E-07 0.298E-07 0.500E-01 0.500E-01 0.298E-07 0.298E-07 0.300E-01 0.298E-07 0.298E-07 0.298E-07 0.298E-07 0.298E-07 0.298E-07 0.300E-01 0.500E-01 0.100 0.100
0.100 0.500E-01 0.500E-01 0.500E-01 0.500E-01 0.500E-01 0.500E-01 0.500E-01 0.500E-01 0.298E-07 0.298E-07 0.500E-01 0.500E-01 0.298E-07 0.300E-01 0.298E-07 0.298E-07 0.300E-01 0.300E-01 0.500E-01 0.500E-01 0.298E-07 0.298E-07 0.300E-01 0.300E-01 0.300E-01 0.300E-01 0.300E-01 0.300E-01 0.300E-01 0.300E-01 0.300E-01 0.298E-07 0.300E-01 0.298E-07 0.300E-01 0.298E-07 0.298E-07 0.298E-07 0.298E-07 0.298E-07 0.298E-07 0.298E-07 0.500E-01 0.500E-01 0.298E-07 0.298E-07 0.500E-01 0.298E-07 0.298E-07 0.298E-07 0.300E-01 0.300E-01 0.298E-07 0.298E-07 0.298E-07 0.298E-07 0.298E-07 0.298E-07 0.500E-01 0.100 0.100
