share/VS_Project/swb/x64/Debug/MASS_BALANCE_07_19_1989.asc
NCOLS        340
NROWS        316
XLLCORNER     528502.530
YLLCORNER     274871.653
CELLSIZE        100.000
NODATA_VALUE    -9999.000
[rows 216 to 242 of 316, columns 0 to 61 of 340]
0.156E-06 0.500E-01 0.969E-07 -0.820E-07 0.300E-01 0.969E-07 0.969E-07 0.969E-07 0.969E-07 0.969E-07 0.969E-07 0.500E-01 0.500E-01 0.969E-07 0.969E-07 0.969E-07 0.156E-06 0.500E-01 0.500E-01 0.969E-07 0.500E-01 -0.224E-07 0.100 0.100 0.500E-01 0.500E-01 0.500E-01 0.100 0.100 0.100 0.100 0.100 0.100 0.100 0.100 0.100 0.100 0.100 0.100 0.100 0.100 0.100 0.100 0.100 0.100 0.100 0.100 0.100 0.100 0.100 0.100 0.500E-01 0.500E-01 0.969E-07 0.969E-07 0.156E-06 -0.201E-06 0.500E-01 0.500E-01 0.100 0.100 0.100
0.156E-06 -0.142E-06 0.969E-07 0.969E-07 0.969E-07 0.969E-07 0.969E-07 0.969E-07 0.156E-06 -0.142E-06 0.500E-01 0.500E-01 0.500E-01 0.969E-07 0.969E-07 0.156E-06 0.500E-01 0.500E-01 0.500E-01 0.100 0.100 0.500E-01 0.100 0.100 0.100 0.100 0.100 0.100 0.100 0.100 0.100 0.100 0.100 0.100 0.100 0.100 0.100 0.100 0.100 0.100 0.100 0.100 0.100 0.100 0.100 0.100 0.100 0.100 0.100 0.100 0.100 0.100 0.500E-01 -0.201E-06 0.500E-01 -0.201E-06 -0.142E-06 0.500E-01 0.100 0.100 0.969E-07 0.969E-07
-0.201E-06 0.156E-06 0.969E-07 -0.820E-07 0.969E-07 0.969E-07 0.969E-07 0.969E-07 0.156E-06 0.969E-07 -0.440E-06 -0.440E-06 0.969E-07 0.969E-07 0.969E-07 0.156E-06 0.100 0.500E-01 0.100 0.500E-01 0.100 0.100 0.100 0.100 0.100 0.100 0.100 0.100 0.100 0.100 0.100 0.100 0.100 0.100 0.100 0.100 0.100 0.100 0.100 0.100 0.100 0.100 0.100 0.100 0.100 0.100 0.500E-01 0.100 0.100 0.100 0.100 0.500E-01 0.300E-01 0.500E-01 0.156E-06 0.100 0.100 0.100 0.100 0.100 0.100 0.969E-07
0.969E-07 0.373E-07 -0.820E-07 -0.201E-06 0.156E-06 -0.201E-06 0.969E-07 0.156E-06 -0.201E-06 0.500E-01 0.969E-07 0.156E-06 0.969E-07 -0.201E-06 0.156E-06 -0.745E-07 0.500E-01 -0.201E-06 0.100 0.156E-06 0.100 0.100 0.100 0.100 0.100 0.100 0.100 0.100 0.100 0.100 0.100 0.100 0.100 0.100 0.100 0.100 0.100 0.100 0.100 0.500E-01 0.100 0.100 0.100 0.100 0.100 0.100 0.100 0.100 0.100 0.100 0.100 0.500E-01 -0.201E-06 -0.201E-06 0.156E-06 0.100 0.100 0.100 0.100 0.100 0.100 0.100
0.500E-01 0.156E-06 0.300E-01 0.300E-01 -0.820E-07 0.373E-07 -0.820E-07 0.500E-01 0.500E-01 0.500E-01 0.969E-07 0.969E-07 0.373E-07 0.969E-07 0.100 0.100 0.969E-07 0.100 0.500E-01 0.156E-06 0.100 0.100 0.100 0.100 0.100 0.100 0.100 0.100 0.100 0.100 0.100 0.100 0.100 0.100 0.100 0.100 0.100 0.100 0.100 0.969E-07 0.100 0.100 0.100 0.100 0.100 0.500E-01 0.500E-01 0.100 0.100 0.100 0.100 -0.201E-06 0.216E-06 0.100 0.500E-01 0.100 0.100 0.100 0.100 0.100 0.100 0.100
0.300E-01 0.300E-01 0.969E-07 0.969E-07 0.969E-07 0.969E-07 0.969E-07 0.969E-07 0.969E-07 0.969E-07 0.969E-07 0.969E-07 0.969E-07 0.156E-06 0.100 0.500E-01 0.969E-07 0.100 0.100 0.100 0.100 0.100 0.100 0.100 0.100 0.100 0.100 0.100 0.100 0.100 0.100 0.100 0.100 0.100 0.100 0.100 0.100 0.100 0.100 0.100 0.100 0.100 0.100 0.100 0.100 0.100 0.100 0.100 0.100 0.100 0.500E-01 0.156E-06 0.500E-01 0.100 0.100 0.100 0.100 0.100 0.100 0.100 0.100 0.100
0.300E-01 0.500E-01 0.300E-01 0.969E-07 0.969E-07 0.969E-07 0.969E-07 0.969E-07 0.969E-07 0.969E-07 0.969E-07 -0.201E-06 -0.261E-06 0.500E-01 0.500E-01 0.500E-01 0.300E-01 0.100 0.100 0.100 0.100 0.100 0.100 0.100 0.100 0.100 0.100 0.100 0.100 0.100 0.100 0.100 0.100 0.100 0.100 0.100 0.100 0.100 0.100 0.100 0.100 0.100 0.100 0.100 0.100 0.500E-01 0.100 0.100 0.100 0.100 0.100 0.100 0.100 0.100 0.100 0.100 0.100 0.100 0.100 0.100 0.100 0.100
0.500E-01 0.100 0.300E-01 0.969E-07 0.969E-07 0.969E-07 0.969E-07 0.969E-07 0.969E-07 0.969E-07 0.969E-07 0.969E-07 0.216E-06 0.156E-06 0.500E-01 0.500E-01 -0.201E-06 -0.224E-07 0.100 0.100 0.100 0.100 0.100 0.100 0.100 0.100 0.100 0.100 0.100 0.100 0.100 0.100 0.100 0.100 0.100 0.100 0.100 0.100 0.100 0.100 0.100 0.100 0.100 0.100 0.100 0.500E-01 0.500E-01 0.100 0.100 0.100 0.500E-01 0.100 0.100 0.100 0.100 0.100 0.100 0.100 0.500E-01 -0.440E-06 0.100 0.500E-01
0.500E-01 0.100 0.300E-01 0.969E-07 0.969E-07 0.969E-07 0.969E-07 0.969E-07 0.969E-07 0.969E-07 -0.201E-06 -0.261E-06 0.500E-01 -0.201E-06 0.969E-07 0.969E-07 -0.201E-06 0.500E-01 0.100 0.500E-01 0.500E-01 0.100 0.100 0.100 0.100 0.100 0.100 0.100 0.100 0.100 0.100 0.100 0.100 0.100 0.100 0.100 0.500E-01 0.100 0.100 0.100 0.100 0.500E-01 0.500E-01 0.500E-01 0.100 0.969E-07 0.500E-01 0.500E-01 0.100 0.100 -0.201E-06 0.100 0.500E-01 0.100 0.100 0.100 0.100 0.100 -0.440E-06 -0.440E-06 -0.440E-06 0.500E-01
0.500E-01 0.969E-07 0.969E-07 0.969E-07 0.969E-07 0.500E-01 0.500E-01 0.969E-07 0.969E-07 0.969E-07 0.969E-07 0.969E-07 0.969E-07 -0.820E-07 0.969E-07 0.969E-07 0.156E-06 0.500E-01 0.100 0.969E-07 0.156E-06 0.100 0.100 0.100 0.100 0.100 0.100 0.100 0.100 0.100 0.100 0.100 0.100 0.100 -0.201E-06 0.969E-07 0.969E-07 0.500E-01 0.500E-01 0.100 0.100 0.969E-07 -0.224E-07 0.500E-01 0.100 0.969E-07 0.500E-01 -0.194E-06 0.500E-01 0.100 0.100 0.500E-01 0.500E-01 0.100 0.100 0.100 0.100 0.100 0.500E-01 -0.440E-06 0.500E-01 0.454E-06
0.500E-01 0.969E-07 0.969E-07 0.969E-07 0.500E-01 0.500E-01 0.969E-07 0.969E-07 0.969E-07 0.969E-07 0.969E-07 0.969E-07 0.969E-07 0.969E-07 0.300E-01 0.969E-07 0.969E-07 0.156E-06 0.500E-01 0.373E-07 0.156E-06 0.500E-01 0.100 0.100 0.100 0.100 0.100 0.100 0.100 0.100 0.100 0.100 0.100 0.500E-01 0.500E-01 0.500E-01 0.500E-01 0.100 0.100 0.100 0.100 0.500E-01 0.500E-01 0.100 0.100 0.969E-07 -0.440E-06 -0.440E-06 0.969E-07 0.500E-01 0.100 0.100 0.100 0.100 0.100 0.100 0.100 0.335E-06 0.500E-01 -0.440E-06 0.500E-01 0.969E-07
0.500E-01 0.969E-07 0.969E-07 0.969E-07 0.500E-01 0.100 0.969E-07 0.969E-07 0.969E-07 0.969E-07 0.969E-07 0.969E-07 0.969E-07 0.969E-07 0.969E-07 0.969E-07 0.969E-07 0.500E-01 0.500E-01 0.216E-06 0.156E-06 0.500E-01 0.100 0.100 0.100 0.100 0.100 0.100 0.100 0.100 0.100 0.100 0.100 0.100 0.100 0.100 0.100 0.100 0.100 0.100 0.100 0.100 0.500E-01 0.100 0.100 0.969E-07 -0.440E-06 -0.194E-06 -0.440E-06 0.500E-01 0.500E-01 0.100 0.100 0.100 0.100 0.335E-06 0.500E-01 0.500E-01 0.500E-01 -0.440E-06 0.100 -0.194E-06
0.969E-07 0.969E-07 0.969E-07 0.969E-07 0.500E-01 0.100 0.969E-07 0.969E-07 0.969E-07 0.969E-07 0.969E-07 0.969E-07 0.969E-07 0.969E-07 -0.820E-07 -0.201E-06 0.969E-07 0.500E-01 0.300E-01 0.216E-06 0.156E-06 0.500E-01 0.100 0.100 0.156E-06 0.100 0.100 0.100 0.100 0.100 0.100 0.100 0.100 0.100 0.100 0.100 0.100 0.100 0.100 0.100 0.100 0.100 0.500E-01 0.100 0.100 0.969E-07 -0.440E-06 -0.440E-06 -0.194E-06 -0.440E-06 -0.440E-06 -0.440E-06 0.100 0.100 0.100 0.500E-01 -0.440E-06 0.500E-01 0.500E-01 -0.209E-06 0.500E-01 -0.440E-06
0.969E-07 0.969E-07 0.969E-07 0.500E-01 0.500E-01 0.500E-01 0.969E-07 0.969E-07 0.969E-07 -0.201E-06 -0.201E-06 0.969E-07 0.969E-07 0.156E-06 0.156E-06 0.969E-07 0.969E-07 -0.820E-07 -0.820E-07 0.500E-01 0.500E-01 0.500E-01 0.100 0.100 0.156E-06 0.500E-01 0.100 0.100 0.100 0.100 0.100 0.100 0.100 0.100 0.100 0.100 0.100 0.100 0.100 0.100 0.100 0.100 0.100 0.500E-01 0.100 0.500E-01 0.500E-01 0.500E-01 -0.440E-06 -0.440E-06 -0.440E-06 -0.440E-06 0.500E-01 0.100 0.100 0.500E-01 -0.440E-06 -0.194E-06 -0.194E-06 -0.194E-06 -0.440E-06 -0.440E-06
0.156E-06 0.500E-01 0.500E-01 0.500E-01 0.500E-01 0.300E-01 0.969E-07 0.969E-07 0.969E-07 -0.201E-06 0.216E-06 -0.440E-06 0.969E-07 -0.142E-06 0.373E-07 0.969E-07 -0.201E-06 -0.224E-07 0.969E-07 0.969E-07 0.969E-07 0.969E-07 0.969E-07 0.500E-01 0.100 0.100 0.100 0.100 0.100 0.100 0.100 0.100 0.100 0.100 0.100 0.100 0.100 0.100 0.100 0.300E-01 0.500E-01 0.156E-06 0.100 0.100 0.100 0.100 0.100 0.500E-01 -0.440E-06 -0.194E-06 0.156E-06 0.500E-01 0.500E-01 0.969E-07 0.500E-01 -0.440E-06 -0.194E-06 -0.440E-06 -0.440E-06 -0.440E-06 -0.440E-06 -0.440E-06
0.216E-06 0.500E-01 0.156E-06 0.500E-01 0.500E-01 0.500E-01 0.500E-01 0.969E-07 0.969E-07 -0.201E-06 0.373E-07 -0.440E-06 0.969E-07 -0.201E-06 0.969E-07 0.969E-07 0.969E-07 0.500E-01 -0.820E-07 0.969E-07 0.969E-07 0.969E-07 -0.201E-06 0.500E-01 0.100 0.100 0.100 0.100 0.100 0.100 0.100 0.100 0.100 0.100 0.100 0.100 0.100 0.100 0.100 0.100 0.100 0.100 0.100 0.100 0.100 0.100 0.100 0.100 -0.440E-06 -0.194E-06 0.500E-01 -0.440E-06 0.969E-07 0.969E-07 0.500E-01 0.500E-01 -0.194E-06 -0.440E-06 -0.440E-06 -0.440E-06 -0.440E-06 -0.440E-06
0.156E-06 0.156E-06 0.500E-01 0.500E-01 0.156E-06 0.500E-01 0.969E-07 0.969E-07 0.969E-07 0.969E-07 -0.820E-07 0.156E-06 -0.440E-06 -0.201E-06 0.969E-07 0.969E-07 0.969E-07 0.969E-07 -0.820E-07 0.969E-07 0.969E-07 0.156E-06 -0.201E-06 0.500E-01 0.100 0.100 0.100 0.100 0.100 0.100 0.100 0.100 0.100 0.100 0.100 0.100 0.100 0.100 0.100 0.100 0.100 0.100 0.100 0.100 0.100 0.100 0.100 -0.194E-06 -0.440E-06 -0.440E-06 0.500E-01 0.969E-07 -0.440E-06 -0.440E-06 0.969E-07 -0.440E-06 -0.194E-06 -0.440E-06 -0.298E-07 -0.194E-06 -0.440E-06 -0.440E-06
-0.142E-06 0.969E-07 0.969E-07 0.156E-06 0.500E-01 0.500E-01 0.969E-07 0.969E-07 0.969E-07 0.969E-07 0.969E-07 0.156E-06 0.969E-07 0.969E-07 -0.224E-07 0.969E-07 0.969E-07 -0.201E-06 0.969E-07 0.969E-07 0.969E-07 -0.142E-06 -0.201E-06 0.500E-01 0.100 0.100 0.100 0.100 0.100 0.100 0.100 0.100 0.100 0.100 0.100 0.100 0.100 0.100 0.100 0.100 0.100 0.100 0.100 0.500E-01 0.500E-01 0.969E-07 0.969E-07 -0.201E-06 -0.201E-06 -0.194E-06 -0.440E-06 -0.142E-06 0.500E-01 0.500E-01 -0.440E-06 -0.440E-06 -0.440E-06 0.395E-06 -0.142E-06 -0.194E-06 -0.194E-06 0.500E-01
0.500E-01 0.969E-07 0.969E-07 0.156E-06 -0.201E-06 0.300E-01 0.969E-07 0.373E-07 0.969E-07 0.969E-07 -0.745E-07 0.969E-07 -0.440E-06 0.969E-07 0.969E-07 0.969E-07 0.300E-01 -0.820E-07 -0.201E-06 0.969E-07 0.969E-07 0.216E-06 0.969E-07 0.500E-01 0.100 0.100 0.100 0.100 0.100 0.100 0.100 0.100 0.100 0.100 0.100 0.100 0.100 0.100 0.100 0.500E-01 0.100 0.100 0.100 -0.201E-06 0.969E-07 0.969E-07 0.969E-07 0.969E-07 0.156E-06 -0.820E-07 0.343E-06 -0.224E-07 0.500E-01 -0.194E-06 0.969E-07 -0.194E-06 0.969E-07 0.500E-01 -0.440E-06 -0.440E-06 0.300E-01 0.500E-01
0.500E-01 0.156E-06 0.969E-07 -0.820E-07 -0.820E-07 0.300E-01 0.156E-06 0.969E-07 0.969E-07 0.156E-06 0.969E-07 0.156E-06 0.969E-07 0.156E-06 0.969E-07 -0.224E-07 0.300E-01 0.500E-01 0.300E-01 0.969E-07 0.156E-06 0.156E-06 -0.201E-06 0.500E-01 0.100 0.100 0.100 0.100 0.100 0.100 0.100 0.100 0.100 0.100 0.100 0.100 0.100 0.100 0.500E-01 0.969E-07 0.500E-01 0.500E-01 0.156E-06 -0.201E-06 0.969E-07 0.969E-07 0.969E-07 -0.820E-07 -0.201E-06 -0.224E-07 -0.820E-07 0.156E-06 -0.261E-06 -0.142E-06 -0.261E-06 0.969E-07 0.969E-07 0.500E-01 -0.440E-06 0.500E-01 0.969E-07 0.500E-01
-0.201E-06 0.373E-07 0.156E-06 0.156E-06 0.156E-06 0.156E-06 0.156E-06 0.969E-07 -0.142E-06 0.373E-07 0.373E-07 0.300E-01 0.373E-07 0.300E-01 0.500E-01 0.500E-01 0.500E-01 0.500E-01 0.969E-07 0.500E-01 0.156E-06 -0.142E-06 0.969E-07 0.969E-07 0.500E-01 0.500E-01 -0.201E-06 0.500E-01 0.100 0.100 0.100 0.100 0.100 0.100 0.100 0.100 0.100 0.100 0.100 0.500E-01 0.969E-07 0.969E-07 -0.201E-06 0.969E-07 0.373E-07 0.969E-07 -0.201E-06 -0.201E-06 -0.201E-06 -0.224E-07 0.156E-06 0.373E-07 0.276E-06 0.156E-06 0.373E-07 0.500E-01 0.500E-01 0.500E-01 0.500E-01 0.969E-07 0.969E-07 0.300E-01
-0.745E-07 0.300E-01 0.300E-01 -0.224E-07 -0.224E-07 0.447E-07 0.156E-06 0.969E-07 -0.820E-07 0.373E-07 0.373E-07 0.373E-07 0.300E-01 -0.820E-07 0.500E-01 0.500E-01 0.500E-01 0.300E-01 0.156E-06 0.156E-06 -0.201E-06 0.216E-06 0.156E-06 0.969E-07 0.969E-07 0.969E-07 -0.820E-07 0.500E-01 0.100 0.100 0.100 0.100 0.100 0.100 0.100 0.100 0.100 0.100 0.500E-01 0.969E-07 0.969E-07 0.969E-07 0.969E-07 0.969E-07 0.969E-07 0.969E-07 -0.224E-07 0.216E-06 -0.201E-06 -0.224E-07 -0.201E-06 0.156E-06 -0.224E-07 -0.224E-07 0.500E-01 0.500E-01 0.500E-01 -0.440E-06 0.969E-07 0.969E-07 0.395E-06 0.969E-07
-0.224E-07 -0.224E-07 -0.224E-07 -0.201E-06 0.447E-07 -0.179E-06 -0.201E-06 0.969E-07 0.500E-01 -0.820E-07 0.969E-07 0.969E-07 0.969E-07 -0.261E-06 0.156E-06 0.969E-07 0.969E-07 0.373E-07 -0.820E-07 -0.142E-06 0.373E-07 0.500E-01 0.969E-07 0.500E-01 0.969E-07 -0.820E-07 -0.224E-07 0.500E-01 0.500E-01 0.100 0.500E-01 0.100 0.100 0.100 0.500E-01 0.500E-01 0.500E-01 0.500E-01 0.500E-01 0.500E-01 0.969E-07 -0.820E-07 -0.820E-07 -0.820E-07 0.156E-06 0.969E-07 0.969E-07 0.216E-06 -0.201E-06 -0.224E-07 0.149E-06 -0.745E-07 -0.224E-07 -0.224E-07 -0.201E-06 0.156E-06 0.216E-06 0.335E-06 0.969E-07 0.969E-07 0.969E-07 0.969E-07
-0.224E-07 -0.201E-06 -0.201E-06 -0.224E-07 0.373E-07 -0.820E-07 -0.201E-06 0.156E-06 0.500E-01 0.300E-01 0.500E-01 -0.142E-06 -0.820E-07 0.156E-06 0.156E-06 0.156E-06 0.156E-06 0.373E-07 0.156E-06 0.156E-06 0.156E-06 0.500E-01 0.969E-07 0.969E-07 -0.820E-07 0.969E-07 0.969E-07 0.500E-01 0.500E-01 0.500E-01 0.969E-07 0.500E-01 0.500E-01 0.500E-01 0.969E-07 0.500E-01 0.500E-01 0.300E-01 -0.224E-07 0.969E-07 0.969E-07 0.969E-07 -0.201E-06 -0.142E-06 0.969E-07 0.969E-07 0.969E-07 0.969E-07 -0.201E-06 -0.201E-06 0.164E-06 0.402E-06 -0.134E-06 0.596E-07 -0.194E-06 -0.224E-07 -0.224E-07 0.969E-07 0.335E-06 0.969E-07 0.104E-06 0.969E-07
-0.224E-07 -0.224E-07 -0.201E-06 -0.179E-06 -0.596E-07 0.156E-06 0.156E-06 0.500E-01 0.300E-01 0.500E-01 0.300E-01 0.156E-06 -0.201E-06 0.216E-06 0.500E-01 -0.209E-06 -0.820E-07 0.156E-06 0.300E-01 0.156E-06 0.500E-01 -0.820E-07 0.969E-07 -0.820E-07 -0.820E-07 -0.201E-06 -0.224E-07 0.300E-01 -0.820E-07 -0.820E-07 0.969E-07 -0.201E-06 -0.201E-06 -0.820E-07 0.969E-07 0.969E-07 0.300E-01 0.969E-07 -0.820E-07 0.969E-07 0.969E-07 -0.201E-06 -0.820E-07 0.969E-07 0.300E-01 -0.201E-06 0.300E-01 0.373E-07 -0.201E-06 -0.201E-06 -0.596E-07 -0.201E-06 -0.201E-06 0.156E-06 0.156E-06 0.156E-06 0.343E-06 -0.820E-07 0.500E-01 0.969E-07 0.969E-07 -0.142E-06
-0.201E-06 -0.224E-07 -0.224E-07 -0.224E-07 -0.142E-06 0.298E-07 -0.201E-06 0.500E-01 0.500E-01 0.500E-01 0.300E-01 0.156E-06 -0.201E-06 0.500E-01 0.500E-01 0.969E-07 0.969E-07 0.969E-07 0.969E-07 0.969E-07 0.969E-07 0.969E-07 0.969E-07 -0.820E-07 0.156E-06 0.373E-07 -0.201E-06 0.969E-07 0.969E-07 0.969E-07 0.969E-07 0.373E-07 0.500E-01 0.500E-01 0.969E-07 0.969E-07 0.300E-01 0.156E-06 0.969E-07 0.969E-07 0.969E-07 0.156E-06 0.969E-07 -0.820E-07 0.500E-01 0.969E-07 0.300E-01 -0.820E-07 -0.201E-06 0.969E-07 -0.298E-06 0.447E-07 -0.201E-06 -0.224E-07 0.156E-06 0.156E-06 -0.417E-06 0.156E-06 -0.201E-06 0.969E-07 -0.201E-06 0.104E-06
-0.224E-07 -0.224E-07 -0.201E-06 -0.224E-07 -0.142E-06 0.179E-06 0.500E-01 0.156E-06 0.156E-06 0.969E-07 0.500E-01 0.500E-01 -0.820E-07 0.969E-07 0.969E-07 0.969E-07 0.969E-07 0.969E-07 0.373E-07 0.156E-06 0.969E-07 0.969E-07 0.969E-07 0.969E-07 0.156E-06 -0.142E-06 0.969E-07 0.969E-07 0.969E-07 0.969E-07 0.969E-07 0.156E-06 0.156E-06 0.969E-07 0.373E-07 0.969E-07 -0.201E-06 -0.820E-07 0.969E-07 0.969E-07 0.373E-07 0.969E-07 -0.201E-06 -0.820E-07 0.500E-01 0.969E-07 0.500E-01 0.969E-07 -0.261E-06 0.969E-07 -0.179E-06 -0.201E-06 0.156E-06 0.156E-06 0.156E-06 0.156E-06 0.373E-07 0.156E-06 0.156E-06 0.500E-01 -0.261E-06 -0.201E-06
