share/VS_Project/swb/x64/Debug/MASS_BALANCE_05_15_1990.asc
NCOLS        340
NROWS        316
XLLCORNER     528502.530
YLLCORNER     274871.653
CELLSIZE        100.000
NODATA_VALUE    -9999.000
[rows 203 to 231 of 316, columns 65 to 129 of 340]
0.100 0.100 0.100 0.100 0.100 0.100 0.100 0.100 0.500E-01 -0.179E-06 0.238E-06 -0.291E-06 -0.410E-06 -0.410E-06 0.500E-01 0.500E-01 0.500E-01 0.500E-01 0.100 0.100 0.100 0.100 0.500E-01 0.432E-06 -0.283E-06 -0.462E-06 -0.224E-06 -0.224E-06 0.500E-01 -0.529E-06 -0.291E-06 -0.402E-06 0.500E-01 0.100 0.100 0.500E-01 0.500E-01 0.500E-01 0.500E-01 0.100 0.100 0.500E-01 0.500E-01 0.500E-01 0.500E-01 -0.529E-06 -0.291E-06 0.100 -0.112E-06 0.500E-01 0.500E-01 0.432E-06 0.127E-06 0.671E-07 0.500E-01 0.100 0.100 0.100 0.100 0. -0.291E-06 -0.410E-06 -0.112E-06 -0.291E-06 0.300E-01
0.100 0.500E-01 0.100 0.100 0.100 0.100 0.100 0.100 -0.291E-06 0.500E-01 -0.410E-06 -0.171E-06 0.500E-01 0.500E-01 -0.224E-06 -0.112E-06 0.500E-01 0.100 0.100 0.100 0.100 0.100 0.500E-01 -0.224E-06 -0.447E-07 -0.224E-06 -0.224E-06 -0.224E-06 0.500E-01 -0.529E-06 0.500E-01 0.500E-01 0.500E-01 0.500E-01 0.500E-01 0.500E-01 0.500E-01 0.500E-01 0.500E-01 0.100 0.100 0.100 0.100 0.500E-01 0.745E-08 -0.291E-06 0.500E-01 0.100 0.500E-01 -0.112E-06 0.500E-01 0. 0.500E-01 0.500E-01 0.500E-01 0.500E-01 0.100 0.100 0.100 0.500E-01 0. 0.300E-01 -0.291E-06 -0.410E-06 0.500E-01
0.500E-01 0.100 0.500E-01 0.100 0.500E-01 0.100 0.100 0.100 -0.291E-06 -0.291E-06 0.500E-01 0.500E-01 0.500E-01 0.100 -0.529E-06 0.500E-01 0. 0.500E-01 0.100 0.100 0.100 0.100 0.100 -0.224E-06 0.432E-06 0.432E-06 -0.447E-07 -0.224E-06 -0.447E-07 0.544E-06 0.500E-01 0.500E-01 -0.291E-06 -0.224E-06 -0.283E-06 0.417E-06 0.500E-01 -0.112E-06 0.500E-01 0.500E-01 0.100 0.100 0.500E-01 0.134E-06 0.134E-06 -0.112E-06 0.500E-01 0.100 0.100 0.100 0.500E-01 0.100 0.100 0.100 0.500E-01 0.500E-01 0.100 0.100 0.500E-01 0.500E-01 -0.410E-06 0.300E-01 -0.291E-06 0.300E-01 0.500E-01
0.500E-01 0.100 -0.112E-06 -0.291E-06 -0.291E-06 0.365E-06 0.500E-01 0.500E-01 -0.291E-06 -0.291E-06 -0.291E-06 -0.291E-06 -0.291E-06 0.500E-01 -0.112E-06 -0.112E-06 0.500E-01 0.100 0.500E-01 0.100 0.100 0.100 0.100 0.100 0.100 0.100 -0.529E-06 -0.536E-06 -0.164E-06 -0.298E-06 0.500E-01 -0.171E-06 0.300E-01 0.300E-01 0.313E-06 0.500E-01 0.300E-01 0.300E-01 0.298E-06 0.500E-01 0.500E-01 -0.291E-06 -0.291E-06 -0.291E-06 -0.112E-06 0.500E-01 0.500E-01 0.500E-01 0.500E-01 0.500E-01 0.100 0.100 0.100 0.500E-01 0.500E-01 0.100 0.500E-01 0.100 0.100 0. 0. 0.300E-01 -0.410E-06 0.500E-01 0.500E-01
0.164E-06 0.100 0.100 -0.291E-06 -0.291E-06 -0.231E-06 0.500E-01 -0.291E-06 -0.291E-06 -0.291E-06 0.500E-01 0.500E-01 0.500E-01 0.179E-06 -0.522E-07 0.500E-01 0.500E-01 0.500E-01 0.500E-01 0.100 0.100 0.100 0.100 0.500E-01 0.100 0.100 0. -0.224E-06 0.745E-07 0.500E-01 0.500E-01 0.186E-06 -0.410E-06 0.186E-06 0.500E-01 0.500E-01 0.500E-01 0.100 0.500E-01 0.300E-01 0.100 0.500E-01 0.500E-01 0.500E-01 0.100 0.100 0.500E-01 0.500E-01 0.500E-01 0.500E-01 0.100 0.500E-01 -0.112E-06 -0.112E-06 -0.112E-06 0.100 0.500E-01 0.500E-01 0.100 0.500E-01 0. 0.300E-01 -0.171E-06 0.500E-01 0.500E-01
0.238E-06 0.100 0.100 -0.291E-06 -0.291E-06 0.500E-01 0.500E-01 -0.291E-06 0. -0.291E-06 -0.291E-06 -0.529E-06 0.500E-01 -0.112E-06 0.298E-06 0.179E-06 0.500E-01 0.100 0.100 0.100 0.100 0.100 0.100 0.500E-01 0.100 0.100 0.500E-01 0.500E-01 -0.224E-06 0. 0.500E-01 0.500E-01 -0.224E-06 0.500E-01 0.100 0.100 0.100 0.100 0.100 0.500E-01 0.300E-01 0.100 0.100 0.100 0.100 0.100 0.500E-01 0. 0.500E-01 0.100 0.500E-01 0.500E-01 0.500E-01 0.500E-01 0. 0.100 0.100 0.500E-01 0.500E-01 0.500E-01 -0.410E-06 0.300E-01 -0.291E-06 -0.529E-06 0.500E-01
0.500E-01 0.100 0.100 0.127E-06 -0.291E-06 -0.291E-06 -0.291E-06 -0.291E-06 -0.291E-06 -0.291E-06 0.500E-01 -0.112E-06 -0.291E-06 -0.596E-07 0.500E-01 0.500E-01 0.100 0.100 0.100 0.100 0.100 0.100 0.100 0.100 0.500E-01 0.100 0.500E-01 -0.112E-06 -0.522E-07 0.500E-01 0.100 0.745E-07 0.500E-01 0.100 0.100 0.100 -0.291E-06 -0.291E-06 0.500E-01 0.100 0.500E-01 0.500E-01 0.500E-01 0.500E-01 0.500E-01 0.100 0.100 0.500E-01 0.300E-01 0.500E-01 -0.112E-06 -0.112E-06 0. -0.291E-06 0.425E-06 0.500E-01 0.300E-01 0.500E-01 0.100 0.100 0.500E-01 0. -0.410E-06 -0.231E-06 0.358E-06
0.100 0.100 0.100 -0.291E-06 0. 0. -0.291E-06 -0.410E-06 0.500E-01 0.500E-01 -0.410E-06 0.100 0. 0.500E-01 0.500E-01 0.100 0.100 0.500E-01 0.100 0.100 0.100 0.100 0.100 -0.112E-06 -0.112E-06 0.500E-01 -0.291E-06 -0.291E-06 0.100 0.500E-01 0.500E-01 0.500E-01 0.500E-01 0.500E-01 0.100 0.100 0.500E-01 -0.291E-06 -0.291E-06 -0.112E-06 0.100 0.500E-01 0.500E-01 0.300E-01 0.500E-01 0.100 0.300E-01 0.500E-01 0.500E-01 0. 0.500E-01 0.500E-01 0.500E-01 0.500E-01 0.500E-01 0.500E-01 -0.291E-06 0.500E-01 0.100 0.500E-01 0.500E-01 0.671E-07 0. -0.112E-06 -0.171E-06
0.100 0.100 0.500E-01 0.500E-01 0. -0.291E-06 -0.291E-06 -0.522E-07 0.500E-01 0.100 0.100 0.100 0.745E-08 0.100 0.500E-01 0.500E-01 0.100 -0.112E-06 0.100 0.100 0.500E-01 0.100 0.500E-01 -0.112E-06 0. -0.112E-06 -0.522E-07 0.100 0.100 0.500E-01 0.500E-01 0.500E-01 0.500E-01 0.305E-06 0.500E-01 0.500E-01 0.100 0.500E-01 -0.112E-06 -0.112E-06 0.500E-01 0.100 0.500E-01 0. -0.596E-07 0.500E-01 0.100 0.500E-01 0.500E-01 0.300E-01 -0.164E-06 0.149E-07 0.500E-01 0.500E-01 0.300E-01 0.300E-01 -0.291E-06 0.500E-01 0.500E-01 0.500E-01 0.500E-01 0.305E-06 -0.291E-06 0.300E-01 -0.231E-06
0.100 0.100 -0.112E-06 0.500E-01 0. -0.291E-06 0.186E-06 0.500E-01 0.500E-01 0.100 0.100 0.100 0.500E-01 0.100 0.500E-01 -0.112E-06 -0.410E-06 -0.112E-06 0.100 0.500E-01 -0.112E-06 0.425E-06 -0.112E-06 -0.112E-06 -0.112E-06 -0.112E-06 -0.112E-06 0.500E-01 0.500E-01 0.500E-01 -0.112E-06 0.500E-01 0.186E-06 0.400E-01 0.500E-01 0.100 0.100 0.500E-01 -0.112E-06 -0.112E-06 -0.291E-06 0. 0.100 0.500E-01 0.500E-01 0.500E-01 0.500E-01 0.500E-01 0.300E-01 0.500E-01 0.500E-01 0.500E-01 0.500E-01 0.500E-01 -0.112E-06 -0.112E-06 0.500E-01 0.500E-01 0.500E-01 -0.410E-06 0.365E-06 -0.410E-06 -0.469E-06 0. 0.127E-06
0.100 0.100 0.100 0.500E-01 -0.291E-06 -0.291E-06 0.500E-01 0.500E-01 -0.112E-06 0.500E-01 0.100 0.100 0.100 0.500E-01 0.500E-01 -0.291E-06 -0.291E-06 0.127E-06 0.500E-01 -0.112E-06 -0.112E-06 -0.112E-06 0. -0.112E-06 0.305E-06 0.100 -0.112E-06 0.100 -0.291E-06 -0.291E-06 0.500E-01 0.500E-01 0.100 0.500E-01 0. 0.100 0.100 0.500E-01 0.425E-06 -0.112E-06 -0.291E-06 -0.410E-06 0.500E-01 0.100 0.500E-01 0.500E-01 0.300E-01 -0.224E-06 -0.112E-06 0.100 0.500E-01 0.500E-01 0.500E-01 0.500E-01 0.500E-01 0. -0.410E-06 -0.112E-06 0.500E-01 -0.596E-07 -0.410E-06 -0.119E-06 -0.291E-06 -0.596E-07 -0.596E-07
0.100 0.100 0.100 0.500E-01 -0.112E-06 -0.112E-06 -0.291E-06 -0.291E-06 -0.291E-06 -0.291E-06 -0.112E-06 0.100 0.100 0.671E-07 -0.291E-06 -0.291E-06 -0.291E-06 -0.112E-06 -0.112E-06 0. -0.112E-06 -0.112E-06 -0.112E-06 -0.112E-06 0.500E-01 0.100 0.500E-01 0.500E-01 0.500E-01 0.500E-01 0.500E-01 0.100 0.300E-01 0.500E-01 0.400E-01 0.100 0.100 0.100 0.100 -0.112E-06 -0.112E-06 -0.410E-06 0.500E-01 0.100 -0.402E-06 0.500E-01 -0.224E-06 -0.224E-06 -0.224E-06 0.500E-01 0.500E-01 0.500E-01 0.500E-01 0.300E-01 -0.291E-06 -0.291E-06 -0.410E-06 -0.410E-06 -0.410E-06 -0.410E-06 0. -0.596E-07 0. 0. -0.291E-06
0.100 0.100 0.100 0.100 0.100 0.500E-01 -0.112E-06 -0.291E-06 0.425E-06 0.500E-01 0.100 0.500E-01 0.500E-01 -0.112E-06 -0.291E-06 0. -0.112E-06 0. -0.112E-06 -0.112E-06 -0.112E-06 -0.522E-07 0.100 0.500E-01 0.500E-01 0.500E-01 0.500E-01 0.745E-07 -0.179E-06 0.745E-07 -0.596E-07 0.432E-06 0.300E-01 0.300E-01 0.300E-01 0.100 0.100 0.100 0.500E-01 0.500E-01 -0.291E-06 -0.291E-06 -0.112E-06 0.100 0.500E-01 -0.402E-06 0.300E-01 0.300E-01 0.500E-01 0.500E-01 0.100 0.500E-01 0.300E-01 0.300E-01 0.300E-01 0.500E-01 0. 0. 0. 0. 0. -0.291E-06 -0.291E-06 0. -0.410E-06
0.100 0.100 0.100 0.100 0.100 0.500E-01 -0.291E-06 -0.291E-06 0.425E-06 -0.112E-06 0.100 0.500E-01 0.745E-08 -0.410E-06 0. -0.291E-06 0. 0.500E-01 -0.112E-06 0.305E-06 0.500E-01 -0.112E-06 0.100 0.100 0.500E-01 0. -0.522E-06 0. 0.425E-06 0.300E-01 0.300E-01 0.300E-01 0.300E-01 0.300E-01 0. 0.500E-01 -0.596E-07 0.100 0.500E-01 -0.291E-06 -0.291E-06 0.179E-06 -0.291E-06 0.100 -0.291E-06 0.500E-01 0.500E-01 0.300E-01 0.300E-01 0.500E-01 -0.112E-06 0.500E-01 0. 0.500E-01 0.500E-01 0.500E-01 0. -0.291E-06 0.300E-01 0. -0.291E-06 0.500E-01 0.500E-01 0. -0.291E-06
0.100 0.100 0.100 0.100 0.100 0.100 -0.291E-06 -0.112E-06 -0.112E-06 -0.171E-06 0.100 0.500E-01 -0.291E-06 0.500E-01 -0.291E-06 -0.291E-06 -0.171E-06 0.100 0.500E-01 0.500E-01 0.100 0.100 0.100 0.179E-06 0.298E-06 -0.112E-06 0.500E-01 0.300E-01 0.300E-01 0.300E-01 0.500E-01 0.500E-01 0.300E-01 0.500E-01 0.500E-01 0.100 0.100 0.100 0.500E-01 -0.410E-06 -0.596E-07 0.500E-01 -0.596E-07 -0.112E-06 -0.291E-06 -0.291E-06 -0.343E-06 -0.164E-06 0.300E-01 0. 0.500E-01 0.500E-01 0.500E-01 0.100 0.500E-01 -0.291E-06 -0.291E-06 0.500E-01 0.500E-01 0. -0.291E-06 0.305E-06 0.100 -0.291E-06 -0.291E-06
0.100 0.100 0.100 0.500E-01 0.100 0.100 0.100 0.500E-01 -0.112E-06 0.425E-06 0.500E-01 0.100 0.500E-01 0.500E-01 -0.291E-06 -0.522E-07 -0.522E-07 0.100 0.100 0.500E-01 0.500E-01 0.194E-06 0. -0.596E-07 -0.231E-06 0.500E-01 0.300E-01 0.300E-01 -0.224E-06 0. 0.500E-01 -0.224E-06 0.300E-01 0.500E-01 0.500E-01 0.100 0.100 0.100 0.100 0.300E-01 0.305E-06 0.500E-01 -0.410E-06 0. 0. -0.291E-06 0. 0.432E-06 0.313E-06 0.300E-01 0.500E-01 0.100 0.100 0.100 0.100 0.100 0.500E-01 0.100 0.500E-01 0. -0.291E-06 -0.291E-06 0.100 -0.112E-06 -0.112E-06
0.100 0.100 0.100 0.100 0.100 0.100 0.100 0.500E-01 -0.112E-06 0.500E-01 0.745E-08 0.500E-01 0.500E-01 0.500E-01 -0.291E-06 -0.291E-06 -0.112E-06 0.500E-01 0.100 0.100 0.500E-01 0.300E-01 0.425E-06 0.186E-06 0.500E-01 -0.402E-06 -0.402E-06 0.500E-01 0.500E-01 0.100 0.100 0.500E-01 0.300E-01 -0.238E-06 -0.224E-06 0.100 0.100 0.100 0.500E-01 -0.410E-06 -0.291E-06 -0.410E-06 -0.112E-06 0. -0.596E-07 0.127E-06 -0.291E-06 0.745E-07 0. 0.300E-01 0.300E-01 0.300E-01 0.500E-01 0.500E-01 0.500E-01 0.500E-01 0.100 -0.112E-06 0.100 0.500E-01 -0.291E-06 0.500E-01 0.100 -0.112E-06 0.100
0.100 0.100 0.100 0.100 0.100 0.100 0.100 0.500E-01 -0.291E-06 0.500E-01 -0.112E-06 0.500E-01 0.500E-01 0.500E-01 -0.291E-06 -0.291E-06 -0.112E-06 0.100 0.100 0.100 0.500E-01 0.500E-01 0.500E-01 0.500E-01 -0.224E-06 0.745E-08 0.500E-01 0.500E-01 0.500E-01 0.100 0.100 0.500E-01 0.425E-06 -0.224E-06 0.500E-01 0.100 0.500E-01 0.500E-01 0.500E-01 -0.410E-06 -0.410E-06 0.305E-06 0.500E-01 0.186E-06 0. -0.291E-06 -0.410E-06 0.186E-06 0.500E-01 0.500E-01 0.300E-01 0.300E-01 0.300E-01 -0.298E-06 -0.522E-07 -0.283E-06 0.500E-01 0. 0.500E-01 0.100 -0.291E-06 0.100 0.100 -0.596E-07 0.500E-01
0.100 0.100 0.100 0.100 0.100 0.100 0.500E-01 -0.112E-06 -0.291E-06 0.500E-01 -0.291E-06 -0.291E-06 -0.291E-06 -0.291E-06 -0.410E-06 -0.410E-06 -0.522E-07 0.100 0.100 0.100 0.100 0.100 0.500E-01 0.119E-06 0.119E-06 0.500E-01 0.500E-01 0.500E-01 0.100 0.100 0.500E-01 0.300E-01 0.500E-01 -0.343E-06 0.500E-01 0.100 0.500E-01 -0.410E-06 0.500E-01 -0.410E-06 -0.410E-06 -0.291E-06 0.500E-01 -0.522E-07 -0.522E-07 0. -0.224E-06 0.500E-01 0.500E-01 -0.596E-07 0. 0.300E-01 0.300E-01 0.500E-01 0.500E-01 0.500E-01 0.373E-06 0.179E-06 0.500E-01 0.100 -0.410E-06 0.500E-01 0.500E-01 0.425E-06 0.500E-01
0.500E-01 0.500E-01 0.100 0.100 0.100 0.100 0.500E-01 0.500E-01 0.298E-06 -0.522E-07 -0.529E-06 0.100 0.100 0.100 0.100 0.100 0.100 0.100 0.100 0.100 0.500E-01 0.500E-01 -0.596E-07 0.300E-01 0.500E-01 0.100 0.500E-01 0.500E-01 0.500E-01 0.500E-01 0.298E-06 0.300E-01 0.500E-01 0.500E-01 0.500E-01 0.100 0.500E-01 -0.112E-06 0. -0.291E-06 -0.410E-06 0.298E-06 0.500E-01 -0.112E-06 0. 0.500E-01 0.100 0.500E-01 0. -0.596E-07 -0.112E-06 -0.112E-06 0.745E-08 0.365E-06 0.127E-06 -0.291E-06 0. 0.745E-07 0.745E-08 0.500E-01 0.500E-01 0.500E-01 0.500E-01 0.500E-01 0.500E-01
-0.224E-06 -0.104E-06 0.100 0.100 0.100 0.100 0.500E-01 0.300E-01 -0.529E-06 0.100 0.100 0.100 0.100 0.100 0.100 0.100 0.100 0.100 0.500E-01 -0.112E-06 -0.112E-06 0.500E-01 0.500E-01 0.300E-01 0.500E-01 0.500E-01 0.500E-01 0.300E-01 0.500E-01 0.500E-01 0.500E-01 0.300E-01 0. 0.298E-06 -0.238E-06 0.100 0.100 -0.112E-06 0. -0.291E-06 0.305E-06 0.100 -0.529E-06 0.186E-06 -0.522E-07 0.500E-01 -0.596E-07 0.300E-01 -0.350E-06 -0.179E-06 -0.291E-06 0.500E-01 0.500E-01 0.127E-06 0.500E-01 0.500E-01 0.500E-01 -0.119E-06 -0.402E-06 0.551E-06 0.500E-01 0.100 0.500E-01 -0.291E-06 -0.291E-06
-0.224E-06 0.500E-01 0.100 0.100 0.100 0.100 -0.224E-06 -0.224E-06 0.100 0.100 0.100 0.100 0.100 0.100 0.500E-01 0.500E-01 -0.112E-06 -0.112E-06 -0.112E-06 -0.112E-06 0.500E-01 0.100 0.500E-01 0.300E-01 0.500E-01 0.100 0.300E-01 -0.112E-06 0.100 0.432E-06 0.300E-01 0.500E-01 0.500E-01 0.500E-01 0.500E-01 0.100 0.100 0.500E-01 -0.596E-07 -0.291E-06 -0.291E-06 0.500E-01 0.500E-01 0.500E-01 -0.164E-06 0.500E-01 0.500E-01 0.500E-01 0.500E-01 -0.112E-06 0. -0.291E-06 -0.291E-06 -0.596E-07 -0.410E-06 -0.410E-06 0.500E-01 0.500E-01 0.100 -0.410E-06 0.745E-08 0.500E-01 0.500E-01 -0.410E-06 0.
0.500E-01 0.100 0.100 0.100 0.100 0.100 0.500E-01 0.500E-01 0.100 0.100 0.100 0.100 0.100 0.100 -0.112E-06 -0.112E-06 -0.112E-06 -0.112E-06 0.500E-01 0.500E-01 0.500E-01 0.100 0.100 0.500E-01 0.500E-01 0.500E-01 -0.291E-06 -0.291E-06 0.100 0.432E-06 0.300E-01 0.500E-01 0.100 0.100 0.100 0.100 0.100 -0.350E-06 -0.596E-07 -0.112E-06 0.500E-01 0.500E-01 0.100 0.100 0.745E-07 0.500E-01 0.100 0.500E-01 0.500E-01 0.500E-01 0.500E-01 -0.522E-07 -0.112E-06 0. 0. -0.410E-06 0.300E-01 0.500E-01 0.100 -0.447E-07 0.179E-06 -0.596E-07 0.500E-01 0.500E-01 -0.410E-06
0.500E-01 0.500E-01 0.500E-01 0.100 0.100 0.500E-01 0.500E-01 0.500E-01 0.500E-01 0.100 0.100 0.100 0.100 0.100 0.500E-01 0.500E-01 0.500E-01 0.100 0.100 0.100 0.500E-01 0.500E-01 0.500E-01 0.500E-01 0.100 0.300E-01 -0.291E-06 0.186E-06 0.100 -0.596E-07 0.500E-01 0.500E-01 0.100 0.100 0.100 0.100 0.305E-06 0. -0.410E-06 0.300E-01 0.500E-01 0.100 0.100 0.100 -0.402E-06 0.500E-01 0.100 0.500E-01 0.500E-01 0.100 0.100 0.500E-01 0.179E-06 -0.291E-06 0. -0.596E-07 0.186E-06 0.500E-01 0.500E-01 0.100 0.100 0.500E-01 0.100 0.500E-01 -0.291E-06
0.300E-01 0.300E-01 -0.224E-06 -0.224E-06 0.500E-01 0.100 -0.224E-06 0.745E-07 0.500E-01 0.100 0.100 0.100 0.100 0.100 0.100 0.100 0.100 0.100 0.100 0.100 0.100 0.500E-01 0.500E-01 0.100 0.500E-01 0.300E-01 -0.291E-06 0.500E-01 0.100 0.500E-01 0. 0.500E-01 0.100 0.100 0.500E-01 -0.410E-06 -0.112E-06 0.300E-01 0.300E-01 0.500E-01 0.500E-01 0.100 0.100 0.100 -0.283E-06 0.500E-01 0.100 0.500E-01 0.500E-01 0.500E-01 0.500E-01 0.500E-01 -0.410E-06 0.186E-06 -0.410E-06 -0.410E-06 -0.291E-06 -0.291E-06 0.500E-01 0.100 0.100 0.500E-01 0.500E-01 -0.410E-06 0.
0.300E-01 0.300E-01 0.551E-06 0.313E-06 0.500E-01 0.100 -0.224E-06 -0.224E-06 -0.224E-06 0.500E-01 0.100 0.100 0.100 0.100 0.100 0.100 0.100 0.100 0.100 0.100 0.100 0.100 0.100 -0.112E-06 -0.291E-06 -0.291E-06 -0.291E-06 0.500E-01 0.500E-01 0.300E-01 0.432E-06 0.500E-01 0.100 0.100 -0.410E-06 -0.410E-06 -0.410E-06 0.300E-01 -0.529E-06 0.500E-01 0.500E-01 0.500E-01 0.100 0.100 -0.298E-06 0.500E-01 0.100 -0.410E-06 -0.596E-07 -0.410E-06 0.500E-01 0.500E-01 0.300E-01 -0.291E-06 0.305E-06 -0.410E-06 -0.410E-06 0.500E-01 0.100 0.100 0.100 0.500E-01 0.500E-01 -0.410E-06 0.500E-01
0.300E-01 -0.224E-06 -0.447E-07 -0.224E-06 0.500E-01 0.100 -0.224E-06 -0.447E-07 -0.164E-06 -0.224E-06 0.500E-01 0.100 0.100 0.100 0.100 0.100 0.100 0.100 0.100 0.100 0.100 0.100 0.127E-06 -0.291E-06 0.300E-01 -0.291E-06 0.500E-01 0.179E-06 0.298E-06 0.500E-01 0.300E-01 0.119E-06 -0.112E-06 0.100 -0.522E-07 0.127E-06 -0.596E-07 -0.291E-06 -0.410E-06 -0.410E-06 -0.291E-06 0.500E-01 0.100 0.100 0.425E-06 0.500E-01 0.100 0.186E-06 -0.410E-06 -0.410E-06 -0.410E-06 0.300E-01 0.300E-01 0. -0.112E-06 -0.291E-06 -0.291E-06 0.500E-01 -0.291E-06 0.500E-01 0.100 0.745E-07 0.500E-01 -0.112E-06 0.100
0.300E-01 0.300E-01 -0.224E-06 0.300E-01 -0.224E-06 0.500E-01 -0.224E-06 -0.224E-06 0.500E-01 0.500E-01 0.100 0.100 0.100 0.100 0.100 0.100 0.100 0.500E-01 0.500E-01 0.100 0.500E-01 0.500E-01 -0.112E-06 -0.291E-06 -0.410E-06 0.305E-06 0.656E-06 -0.298E-06 -0.596E-07 0.500E-01 0.500E-01 -0.596E-07 0.500E-01 0.100 0.100 0.127E-06 -0.596E-07 0. 0.300E-01 -0.291E-06 0.500E-01 0.100 -0.238E-06 -0.179E-06 0.500E-01 0.500E-01 0.500E-01 0.300E-01 -0.291E-06 -0.291E-06 -0.112E-06 -0.410E-06 -0.410E-06 -0.410E-06 0.500E-01 -0.291E-06 -0.291E-06 0. 0. -0.291E-06 0.500E-01 0.100 0.782E-06 0.100 0.100
0.300E-01 0.300E-01 -0.224E-06 -0.224E-06 0.194E-06 0.500E-01 -0.224E-06 -0.447E-07 -0.447E-07 0.100 0.100 0.500E-01 0.500E-01 0.100 0.100 0.500E-01 -0.291E-06 0.500E-01 0.100 0.100 0.500E-01 0.500E-01 -0.112E-06 -0.410E-06 -0.410E-06 -0.112E-06 0.100 0.432E-06 0.149E-07 0. 0.500E-01 0.432E-06 0.100 0.100 0.100 0.127E-06 -0.596E-07 0. -0.291E-06 0.500E-01 0.100 -0.112E-06 -0.112E-06 0.500E-01 0.500E-01 -0.291E-06 0.484E-06 0.300E-01 -0.291E-06 0.500E-01 -0.291E-06 -0.410E-06 -0.410E-06 -0.291E-06 0.500E-01 -0.410E-06 0.500E-01 0.500E-01 0.500E-01 0.500E-01 0.100 0.100 0.500E-01 0.100 0.100
