share/VS_Project/swb/x64/Debug/MASS_BALANCE_08_28_1989.asc
NCOLS        340
NROWS        316
XLLCORNER     528502.530
YLLCORNER     274871.653
CELLSIZE        100.000
NODATA_VALUE    -9999.000
[rows 112 to 139 of 316, columns 248 to 309 of 340]
0.500E-01 0.119E-06 0.500E-01 -0.127E-06 -0.127E-06 0.119E-06 0.119E-06 0.358E-06 0.358E-06 0.300E-01 0.119E-06 0.300E-01 0.715E-06 -0.238E-06 0. 0. 0.119E-06 0.119E-06 0.500E-01 0.715E-06 0.358E-06 0. 0.358E-06 0.358E-06 0.300E-01 0. 0. 0. 0. 0. 0. -0.119E-06 0.300E-01 0.300E-01 -0.715E-06 0.238E-06 0. 0. 0.300E-01 0.300E-01 0.358E-06 0. 0.119E-06 0.119E-06 0.119E-06 0.300E-01 0. -0.715E-06 0.300E-01 0.500E-01 0.300E-01 0.500E-01 0.100 0.100 0. -0.358E-06 0.477E-06 -0.238E-06 -0.238E-06 0.300E-01 0.300E-01 0.300E-01
0.500E-01 -0.462E-06 0. 0.119E-06 -0.127E-06 -0.127E-06 0.358E-06 0.358E-06 0.238E-06 0.300E-01 0.300E-01 0.119E-06 0.300E-01 0.300E-01 0. 0. -0.238E-06 0.500E-01 0.100 0.119E-06 0.715E-06 0.119E-06 0. 0. 0.300E-01 0.119E-06 0. 0. -0.119E-06 -0.127E-06 -0.119E-06 0.477E-06 0.238E-06 0.300E-01 0.300E-01 0.300E-01 0.119E-06 0.477E-06 0.300E-01 0.300E-01 0.300E-01 -0.127E-06 0. 0.300E-01 0.300E-01 0.300E-01 0.238E-06 0.119E-05 0.119E-06 0. 0.300E-01 0.596E-06 0.500E-01 0.500E-01 0.119E-06 0.119E-06 0.119E-06 0.358E-06 0.300E-01 0.300E-01 0.300E-01 0.300E-01
0.119E-06 0.492E-06 -0.127E-06 0. 0.119E-06 0.119E-06 0.119E-06 0.238E-06 0.119E-06 0.300E-01 -0.238E-06 0.300E-01 0.300E-01 0.300E-01 0. 0. 0.715E-06 0. 0.100 0.500E-01 -0.119E-06 0.715E-06 0.119E-06 0.119E-06 0.300E-01 0.300E-01 0. -0.119E-06 0.477E-06 -0.238E-06 0.300E-01 0.300E-01 0.300E-01 0.300E-01 0.300E-01 0.300E-01 0.715E-06 0.119E-06 0.300E-01 0.300E-01 0. 0. -0.127E-06 0.134E-06 0.300E-01 0.119E-06 0. -0.167E-05 0.119E-06 -0.238E-06 0.119E-06 0.715E-06 0.119E-06 -0.127E-06 0.358E-06 0.119E-06 0.358E-06 0.119E-06 0.300E-01 0.300E-01 0.300E-01 0.300E-01
0. 0.119E-06 -0.127E-06 0.358E-06 -0.119E-06 0.119E-06 0.358E-06 0.119E-06 -0.127E-06 0.300E-01 -0.477E-06 0. 0.300E-01 -0.358E-06 0.119E-06 0.119E-06 0.119E-06 0.119E-06 0.119E-06 0.119E-06 0.119E-06 0.238E-06 0.238E-06 -0.238E-06 0.300E-01 0.300E-01 0.119E-06 0. 0. 0. 0.300E-01 0.300E-01 0.300E-01 0.300E-01 0.300E-01 0.300E-01 0.119E-06 0.119E-06 0.300E-01 0.300E-01 0.715E-06 0.300E-01 0.119E-06 -0.477E-06 0.119E-06 0.477E-06 -0.715E-06 0.119E-06 0.119E-06 -0.477E-06 0.300E-01 0. 0.119E-06 0.119E-06 0.119E-06 0.358E-06 0.119E-06 0. 0.238E-06 0.300E-01 0.300E-01 0.300E-01
0.119E-06 0.119E-06 0.119E-06 0. -0.127E-06 0.300E-01 0.300E-01 0.500E-01 0.119E-06 0.500E-01 0. 0. 0.119E-06 0.119E-06 0. 0.119E-06 0.119E-06 0.119E-06 0. 0. 0.358E-06 0. 0.358E-06 -0.358E-06 0.715E-06 0.300E-01 0.119E-06 0.119E-06 0.119E-06 0.358E-06 0.300E-01 0.300E-01 0.300E-01 0.300E-01 0.300E-01 0.300E-01 0.310E-05 0.453E-05 0.119E-06 -0.238E-06 0. 0.119E-06 0. 0.300E-01 0.300E-01 0.300E-01 0.300E-01 0. 0.119E-06 -0.238E-06 -0.119E-06 0. -0.119E-06 0.500E-01 0.500E-01 0.715E-06 0.119E-06 0.358E-06 0.300E-01 0.300E-01 0.300E-01 0.300E-01
0.119E-06 0.119E-06 0.119E-06 0.300E-01 0.119E-06 0.119E-06 0.500E-01 0.500E-01 0.500E-01 0.500E-01 0.119E-06 0.238E-06 0.119E-06 0.119E-06 0.119E-06 0.119E-06 0.358E-06 0.119E-06 0.119E-06 0.119E-06 0.119E-06 0.119E-06 -0.127E-06 0.119E-06 0.300E-01 0. 0.119E-06 0.119E-06 0.358E-06 0.119E-06 0.300E-01 0.300E-01 0.500E-01 0.300E-01 0.238E-06 0. 0.300E-01 0.300E-01 0.300E-01 -0.715E-06 0. 0.119E-06 0.119E-06 0.300E-01 0.300E-01 0.300E-01 0.300E-01 0.119E-06 -0.477E-06 0.300E-01 0.300E-01 -0.119E-06 -0.477E-06 -0.127E-06 0.119E-06 -0.715E-06 0.300E-01 0.358E-06 0.300E-01 0.300E-01 0.300E-01 0.300E-01
0.119E-06 0.119E-06 0. 0.500E-01 0.358E-06 0.119E-06 0.500E-01 0.500E-01 0.500E-01 0.500E-01 0.715E-06 0.238E-06 0.119E-06 0.358E-06 0. -0.119E-06 0.119E-06 0.358E-06 0. -0.127E-06 -0.127E-06 -0.127E-06 -0.127E-06 0.119E-06 0. -0.238E-06 -0.127E-06 0.300E-01 0.300E-01 0.300E-01 0.300E-01 0.300E-01 0.500E-01 0.300E-01 0.119E-06 0.238E-06 0.119E-06 0. 0.300E-01 0.300E-01 0.300E-01 0. 0.300E-01 0.300E-01 0.300E-01 0.300E-01 0.300E-01 -0.238E-06 0.238E-06 0.300E-01 0.300E-01 0. 0.119E-06 0. 0. 0.119E-06 0.300E-01 0.119E-06 -0.238E-06 -0.238E-06 0. 0.
0.119E-06 0.358E-06 0.500E-01 0.500E-01 0.500E-01 0.500E-01 0.358E-06 0.358E-06 0.596E-06 -0.119E-06 0.238E-06 0.238E-06 0.238E-06 0. 0. -0.238E-06 0.119E-06 0.119E-06 0.238E-06 -0.127E-06 0.300E-01 0.119E-06 0.119E-06 -0.127E-06 0.119E-06 -0.127E-06 -0.238E-06 0.300E-01 0.715E-06 0.238E-06 0.358E-06 0.350E-06 0.500E-01 0.500E-01 0. 0. 0.112E-06 0.238E-06 -0.119E-06 0. 0.119E-06 0.300E-01 0.238E-06 0.300E-01 0.300E-01 0.300E-01 0.300E-01 0. 0.300E-01 0.300E-01 0.300E-01 0.300E-01 0. 0. 0. -0.358E-06 0.477E-06 -0.238E-06 0.119E-06 0.119E-06 0. 0.
0.119E-06 0.500E-01 -0.477E-06 0.350E-06 0.500E-01 0.500E-01 0.119E-06 0.477E-06 0.358E-06 0.358E-06 0.500E-01 0.300E-01 0.238E-06 -0.715E-06 -0.238E-06 0.477E-06 0.119E-06 0.119E-06 0.500E-01 0.119E-06 0.119E-06 0. -0.119E-06 -0.119E-06 0.119E-06 0. -0.477E-06 0.100 0. -0.127E-06 -0.127E-06 0. 0.100 0.100 0.238E-06 0.238E-06 0.119E-06 0.350E-06 -0.127E-06 0. -0.119E-06 0.300E-01 0.300E-01 -0.238E-06 -0.238E-06 -0.238E-06 0. 0. 0.300E-01 0.300E-01 0.300E-01 0.300E-01 0. -0.119E-06 -0.119E-06 0.119E-06 -0.238E-06 0.119E-06 0.119E-06 0.596E-06 0. 0.119E-06
-0.238E-06 0.500E-01 0.500E-01 -0.127E-06 0.500E-01 0.100 0.358E-06 0.119E-06 0.596E-06 0.358E-06 0.500E-01 0.500E-01 0.715E-06 0.119E-06 0.119E-06 0.238E-06 0.500E-01 0.119E-06 0.500E-01 0.238E-06 0.119E-06 0.358E-06 0.119E-06 0.300E-01 0.300E-01 0.300E-01 0.119E-06 0.119E-06 0.119E-06 -0.127E-06 -0.127E-06 0.119E-06 0.500E-01 0.500E-01 0.715E-06 0.358E-06 0.358E-06 0.119E-06 0. -0.119E-06 0.119E-06 0.119E-06 0.300E-01 0.238E-06 0. 0.300E-01 0. 0. 0.300E-01 0.300E-01 0.119E-06 0.119E-06 0. -0.477E-06 0.477E-06 0.119E-06 -0.238E-06 0.358E-06 0. 0.238E-06 0.715E-06 0.358E-06
0.119E-06 0.500E-01 0.500E-01 -0.127E-06 0.500E-01 0.500E-01 0.500E-01 0. 0.119E-06 0.119E-06 0.500E-01 0.119E-06 -0.127E-06 -0.127E-06 0.119E-06 0.596E-06 0.119E-06 0.500E-01 0.100 -0.715E-06 0. 0.715E-06 0.477E-06 -0.119E-06 -0.238E-06 -0.127E-06 0.300E-01 0.300E-01 -0.127E-06 -0.127E-06 0. -0.127E-06 0.119E-06 -0.127E-06 0.119E-06 0.119E-06 0.119E-06 0.119E-06 0.300E-01 -0.119E-06 0.238E-06 0.238E-06 0.300E-01 0.300E-01 0.300E-01 0.300E-01 0.300E-01 0.300E-01 0.300E-01 0.300E-01 0. 0. 0. 0. -0.715E-06 -0.715E-06 0.119E-06 0.119E-06 0.119E-06 0.119E-06 0. 0.477E-06
0.500E-01 0.500E-01 0.100 0.500E-01 0.500E-01 0.500E-01 0.119E-06 0.119E-06 0.119E-06 0.119E-06 0.119E-06 0.119E-06 0.358E-06 -0.127E-06 0. -0.127E-06 0.300E-01 0.119E-06 0.358E-06 -0.238E-06 0. -0.119E-06 -0.238E-06 -0.715E-06 0. 0. 0.119E-06 0.300E-01 0.300E-01 -0.127E-06 0.500E-01 0.300E-01 0.715E-06 0.238E-06 0.119E-06 0.119E-06 0.119E-06 0.119E-06 0. 0.300E-01 0.238E-06 0.715E-06 0.300E-01 0.300E-01 0.358E-06 0.300E-01 0.300E-01 0.300E-01 0.300E-01 0. 0.300E-01 0.300E-01 0.300E-01 0.238E-06 0.715E-06 0.238E-06 0. 0.119E-06 0.119E-06 0.119E-06 -0.238E-06 -0.238E-06
0.500E-01 0.500E-01 0.500E-01 -0.127E-06 0.119E-06 0.300E-01 0.358E-06 0.358E-06 0.119E-06 0.358E-06 0. 0.119E-06 0.119E-06 0. 0.119E-06 0.119E-06 0.119E-06 0.358E-06 0. 0. -0.238E-06 -0.715E-06 0.715E-06 0.300E-01 0.119E-06 0.715E-06 0.300E-01 0.300E-01 0.300E-01 0.119E-06 0.300E-01 0.300E-01 0.300E-01 0.300E-01 0.134E-06 0.149E-07 -0.224E-06 0.300E-01 0. 0. 0.715E-06 0.300E-01 0.300E-01 0.300E-01 -0.477E-06 0.300E-01 0.300E-01 0.300E-01 0.300E-01 0.119E-06 0. 0.300E-01 0.300E-01 0.300E-01 0.300E-01 0.119E-06 0.300E-01 0.119E-06 0.358E-06 0. 0.477E-06 0.112E-06
0.500E-01 0.500E-01 0.119E-06 0.119E-06 0. -0.127E-06 0. 0.500E-01 0.358E-06 0.119E-06 0.238E-06 0.119E-06 0.119E-06 0.358E-06 -0.127E-06 0. 0.358E-06 0.119E-06 0.358E-06 0.238E-06 -0.238E-06 0.119E-06 0.119E-06 0.119E-06 0.300E-01 0.119E-06 0.119E-06 0.300E-01 0.300E-01 0.300E-01 0.300E-01 -0.238E-06 0.300E-01 -0.127E-06 0.715E-06 0.300E-01 0.300E-01 0.500E-01 0.119E-06 0.119E-06 0.119E-06 0.715E-06 0.300E-01 0.300E-01 -0.238E-06 -0.358E-06 0.300E-01 0.300E-01 0.300E-01 0.358E-06 0.238E-06 0.300E-01 0.300E-01 0.300E-01 0.300E-01 0.300E-01 0.300E-01 0.300E-01 0.300E-01 0. 0.119E-06 0.119E-06
0.119E-06 -0.127E-06 0.119E-06 0. 0.358E-06 0.500E-01 0.238E-06 -0.954E-06 0.477E-06 0.715E-06 0. 0. 0. 0.358E-06 0.119E-06 0. 0.350E-06 0.119E-06 0.358E-06 0. 0. 0. 0.119E-06 0.119E-06 0.500E-01 0.500E-01 0.300E-01 0.300E-01 0.300E-01 0.300E-01 0.300E-01 0.119E-06 0.119E-06 0.119E-06 0.119E-06 0.300E-01 0.300E-01 0.300E-01 0.300E-01 0.119E-06 0.119E-06 0.715E-06 0.300E-01 0.300E-01 0.238E-06 -0.238E-06 -0.127E-06 0.300E-01 0.300E-01 0.300E-01 0.238E-06 0.300E-01 0.300E-01 0.300E-01 0.300E-01 0.300E-01 0.300E-01 0.300E-01 0.300E-01 0.119E-06 0.119E-06 0.358E-06
-0.127E-06 -0.127E-06 -0.127E-06 0.119E-06 0.477E-06 0.358E-06 0.500E-01 0.500E-01 0.500E-01 -0.715E-06 0. 0.358E-06 0.119E-06 0.596E-06 -0.238E-06 -0.238E-06 0.300E-01 0.300E-01 -0.127E-06 0.119E-06 0.300E-01 0. 0.500E-01 0.500E-01 0.100 0.100 0.500E-01 0.500E-01 0.300E-01 0.500E-01 0. 0.119E-06 0.119E-06 0.119E-06 0.119E-06 0.119E-06 0.119E-06 0.300E-01 -0.715E-06 -0.238E-06 -0.127E-06 0.300E-01 0.300E-01 0.300E-01 0.300E-01 -0.358E-06 -0.119E-06 -0.238E-06 0.300E-01 0.300E-01 0. 0.300E-01 0.300E-01 0.300E-01 0.300E-01 0.300E-01 0.300E-01 0.300E-01 0.300E-01 0.300E-01 -0.119E-06 0.
0.119E-06 0.238E-06 -0.477E-06 0.119E-06 0.358E-06 0. 0.500E-01 0.500E-01 0.500E-01 0.500E-01 0.119E-05 0.238E-06 0.238E-06 0.215E-05 0.300E-01 -0.238E-06 0.300E-01 0.119E-06 0.119E-06 -0.127E-06 -0.119E-06 0.119E-06 -0.238E-06 0.500E-01 0.119E-06 0.119E-06 0. 0.500E-01 0. 0.715E-06 -0.715E-06 0.119E-06 0.358E-06 0. 0.300E-01 0.119E-06 0.119E-06 0.300E-01 0.300E-01 0.300E-01 0.300E-01 0.300E-01 0.300E-01 0.300E-01 0.300E-01 -0.358E-06 -0.238E-06 -0.358E-06 -0.238E-06 -0.358E-06 0.300E-01 -0.358E-06 0.300E-01 0.300E-01 0.300E-01 0.300E-01 0.300E-01 0.300E-01 0.500E-01 0.300E-01 0.300E-01 0.300E-01
0. -0.127E-06 0.119E-06 -0.238E-06 0.119E-06 -0.127E-06 0.500E-01 0.500E-01 0.500E-01 0.500E-01 0. -0.358E-06 0.238E-06 0.119E-06 0.300E-01 0.300E-01 0.300E-01 0.300E-01 0.300E-01 0.300E-01 0.300E-01 0.300E-01 0.500E-01 0.119E-06 0.119E-06 0.119E-06 0.119E-06 0.358E-06 0.119E-06 0.119E-06 0.238E-06 0.358E-06 0.119E-06 0.119E-06 0.300E-01 0.119E-06 0. 0.715E-06 0.300E-01 0.300E-01 0.300E-01 0.238E-06 0.358E-06 0.300E-01 0.300E-01 -0.238E-06 -0.358E-06 0. 0. -0.358E-06 0.300E-01 0.238E-06 0.300E-01 0.300E-01 0.300E-01 0.300E-01 0.300E-01 0.500E-01 0.500E-01 0.300E-01 0.300E-01 0.300E-01
0.500E-01 0.119E-06 0.119E-06 0.119E-06 0.119E-06 -0.127E-06 0.500E-01 0.500E-01 0.500E-01 0.119E-06 0.358E-06 -0.477E-06 0.119E-06 0.358E-06 0.300E-01 0.300E-01 0.300E-01 0.300E-01 0.300E-01 -0.127E-06 -0.127E-06 0.238E-06 -0.127E-06 0.119E-06 0.358E-06 0.358E-06 0.119E-06 0.119E-06 0.119E-06 0.358E-06 0.300E-01 0.300E-01 0.119E-06 0.119E-06 -0.358E-06 0.119E-06 0.358E-06 0.238E-06 -0.954E-06 -0.715E-06 0.238E-06 -0.238E-06 0. 0. 0.300E-01 0.715E-06 0.300E-01 0.300E-01 0.300E-01 0.300E-01 0.300E-01 0.300E-01 0.300E-01 0.300E-01 0.300E-01 0.300E-01 0.300E-01 0.500E-01 -0.127E-06 -0.127E-06 0.300E-01 -0.127E-06
0.119E-06 0.500E-01 -0.127E-06 -0.127E-06 -0.127E-06 -0.127E-06 0.500E-01 -0.127E-06 0.119E-06 0.119E-06 0.358E-06 0. 0.119E-06 -0.238E-06 0.238E-06 0.300E-01 0.300E-01 0.238E-06 0.358E-06 0.119E-06 -0.127E-06 0.300E-01 0.300E-01 0.119E-06 0.358E-06 0.715E-06 0. 0. -0.127E-06 0.119E-06 0.500E-01 0.300E-01 -0.715E-06 0.358E-06 0.500E-01 0.500E-01 0.119E-06 0.119E-06 0. 0.238E-06 0.300E-01 -0.358E-06 -0.358E-06 -0.358E-06 0.300E-01 0.548E-05 0.300E-01 0.300E-01 0.300E-01 0. 0. 0.300E-01 0.300E-01 0.300E-01 0.300E-01 0.300E-01 0.500E-01 0.500E-01 0.300E-01 0.300E-01 0.300E-01 0.300E-01
0.500E-01 -0.127E-06 0.119E-06 0. 0.119E-06 -0.127E-06 0.300E-01 0.477E-06 0.300E-01 0.300E-01 0. 0.358E-06 0.358E-06 0.358E-06 0.300E-01 0.300E-01 0.300E-01 0.300E-01 0.119E-06 0.119E-06 0.358E-06 0. 0.358E-06 0.119E-06 0.358E-06 0.715E-06 0.300E-01 0.358E-06 -0.127E-06 0.300E-01 0.300E-01 0.300E-01 0. -0.715E-06 -0.238E-06 -0.238E-06 0.300E-01 -0.127E-06 0.238E-06 0.238E-06 -0.238E-06 -0.238E-06 0.310E-05 0.119E-05 0.215E-05 0.215E-05 0.300E-01 0.300E-01 0.300E-01 0.300E-01 -0.238E-06 -0.238E-06 0.300E-01 0.300E-01 0.300E-01 0.300E-01 0.300E-01 0.500E-01 0.300E-01 0.300E-01 0. 0.300E-01
0.500E-01 -0.127E-06 -0.127E-06 0.119E-06 0.477E-06 0. -0.238E-06 -0.238E-06 0.350E-06 0.119E-06 0.500E-01 0.500E-01 0.500E-01 0.500E-01 0.300E-01 0.300E-01 -0.119E-06 0.119E-06 0.119E-06 0.119E-06 0.358E-06 0.715E-06 0.300E-01 0.300E-01 0.119E-06 0.300E-01 0.300E-01 0.300E-01 0.300E-01 0.300E-01 0.112E-06 0.358E-06 0.238E-06 0.112E-06 -0.127E-06 0. -0.238E-06 -0.238E-06 0.238E-06 0.238E-06 0.119E-06 0. 0.238E-06 0.238E-06 -0.238E-06 0.238E-06 0.548E-05 0.300E-01 0.300E-01 0.238E-06 0.300E-01 -0.238E-06 -0.238E-06 0.262E-05 -0.358E-06 0.300E-01 0.300E-01 0.300E-01 0.300E-01 0.300E-01 -0.127E-06 0.119E-06
0. 0.119E-06 0.500E-01 0.500E-01 0. 0. 0.300E-01 0.500E-01 0.500E-01 0.119E-06 0.500E-01 0.500E-01 0.500E-01 0.500E-01 -0.127E-06 -0.127E-06 -0.127E-06 0.500E-01 0.358E-06 0.119E-06 0.119E-06 -0.238E-06 0.300E-01 -0.477E-06 0.300E-01 0.300E-01 0.300E-01 0.300E-01 0.300E-01 0.300E-01 0. 0.119E-06 0.119E-06 0. 0.119E-06 0.119E-06 0.119E-06 -0.127E-06 -0.127E-06 0.238E-06 0.119E-06 0.715E-06 0.238E-06 0.238E-06 0.238E-06 0.238E-06 0.112E-04 0.300E-01 0.300E-01 0.300E-01 0.300E-01 -0.238E-06 -0.358E-06 0.112E-06 0.167E-05 -0.715E-06 0. -0.238E-06 0. -0.358E-06 -0.127E-06 0.238E-06
-0.358E-06 0.500E-01 -0.127E-06 0.119E-06 0.119E-06 0.119E-06 -0.127E-06 -0.127E-06 -0.127E-06 0.119E-06 0.477E-06 0.477E-06 0.119E-06 0.715E-06 -0.127E-06 0.300E-01 -0.127E-06 0. -0.127E-06 0.119E-06 -0.238E-06 0.500E-01 0.119E-06 0.238E-06 0.300E-01 0.300E-01 -0.119E-06 0.300E-01 0.300E-01 0.500E-01 -0.127E-06 0.300E-01 -0.127E-06 0.300E-01 0.300E-01 -0.119E-06 0.119E-06 0.358E-06 0.300E-01 0.350E-06 0.300E-01 0.119E-06 0.300E-01 0.112E-06 0. 0.238E-06 -0.174E-04 -0.131E-04 -0.246E-04 0.300E-01 -0.174E-04 -0.358E-06 0.238E-06 -0.358E-06 -0.715E-06 -0.715E-06 -0.238E-06 -0.238E-06 0.350E-06 -0.127E-06 -0.127E-06 -0.127E-06
-0.127E-06 -0.238E-06 0.500E-01 -0.127E-06 0.119E-06 0.119E-06 -0.127E-06 -0.127E-06 -0.127E-06 -0.358E-06 -0.238E-06 -0.238E-06 0. 0. -0.127E-06 -0.127E-06 -0.238E-06 -0.715E-06 0. 0.238E-06 0. 0.300E-01 0.300E-01 0.300E-01 0.300E-01 0.119E-06 0. 0.119E-06 0.238E-06 0.238E-06 -0.119E-06 0.300E-01 0.119E-06 0.300E-01 0. 0.238E-06 0.119E-06 -0.127E-06 -0.119E-06 0.300E-01 0.500E-01 0.238E-06 0.300E-01 0.238E-06 0.238E-06 0.300E-01 0.300E-01 -0.358E-06 0.300E-01 0.300E-01 0. -0.150E-04 -0.207E-04 0.238E-06 0.167E-05 -0.238E-06 0.238E-06 -0.238E-06 -0.477E-06 -0.745E-08 -0.127E-06 0.112E-06
0.119E-06 0.500E-01 0.500E-01 0.119E-06 -0.127E-06 0. 0.358E-06 0.119E-06 0.500E-01 0.500E-01 0.238E-06 -0.238E-06 0.119E-06 0. -0.119E-06 0.477E-06 -0.477E-06 0.119E-06 -0.119E-06 -0.119E-06 0.596E-06 0.300E-01 0.119E-06 0.300E-01 0.119E-06 0.119E-06 0.119E-06 0.119E-06 0.358E-06 0. 0.300E-01 -0.238E-06 -0.127E-06 0.119E-06 0.358E-06 0.596E-06 -0.238E-06 0.477E-06 0.500E-01 0.500E-01 0.500E-01 0.358E-06 0.300E-01 0.358E-06 0.119E-06 0.238E-06 0.300E-01 0.300E-01 0.300E-01 0.300E-01 -0.358E-06 -0.358E-06 -0.122E-04 -0.238E-06 0.167E-05 -0.715E-06 -0.238E-06 -0.119E-05 0.238E-06 -0.127E-06 -0.238E-06 -0.238E-06
0.119E-06 0.500E-01 0.500E-01 0.500E-01 -0.127E-06 -0.127E-06 -0.127E-06 0.358E-06 0.500E-01 0.119E-06 0.238E-06 0. 0.119E-06 -0.127E-06 0.238E-06 -0.238E-06 0.500E-01 -0.119E-06 0.500E-01 0.500E-01 0.500E-01 0. 0.358E-06 0.119E-06 0.358E-06 0.119E-06 0.119E-06 0.238E-06 0.119E-06 0. 0.119E-06 0.119E-06 0.300E-01 -0.127E-06 -0.127E-06 -0.238E-06 0.119E-06 0.500E-01 0.500E-01 -0.127E-06 -0.127E-06 0.350E-06 0.119E-06 0.358E-06 0.358E-06 0.358E-06 -0.358E-06 0.112E-06 -0.358E-06 -0.358E-06 0.238E-06 -0.358E-06 -0.174E-04 -0.238E-06 0.167E-05 -0.238E-06 -0.715E-06 -0.238E-06 -0.715E-06 0.238E-06 -0.238E-06 0.167E-05
0.500E-01 0.100 0.500E-01 0.100 0.500E-01 0.119E-06 0.100 0.500E-01 0.500E-01 0.500E-01 -0.127E-06 -0.127E-06 0.119E-06 -0.127E-06 -0.238E-06 0.112E-06 -0.238E-06 -0.127E-06 -0.127E-06 -0.127E-06 0.500E-01 0.119E-06 -0.477E-06 0.477E-06 0.238E-06 0.300E-01 0.119E-06 -0.119E-06 0.119E-06 0. 0.300E-01 0.119E-06 0. 0.119E-06 0.238E-06 0.300E-01 -0.127E-06 0.500E-01 0.100 -0.127E-06 -0.127E-06 0.500E-01 0.119E-06 0.119E-06 0.119E-06 0.119E-06 -0.238E-06 0. -0.238E-06 -0.715E-06 0.238E-06 0.238E-06 -0.122E-04 -0.238E-06 0.215E-05 -0.238E-06 -0.238E-06 -0.119E-05 -0.238E-06 0. 0.167E-05 -0.238E-06
