share/VS_Project/swb/x64/Debug/MASS_BALANCE_09_09_1989.asc
NCOLS        340
NROWS        316
XLLCORNER     528502.530
YLLCORNER     274871.653
CELLSIZE        100.000
NODATA_VALUE    -9999.000
[rows 270 to 296 of 316, columns 244 to 304 of 340]
-0.160E-06 -0.160E-06 0.313E-06 -0.160E-06 -0.160E-06 0.313E-06 0.300E-01 0.300E-01 0.300E-01 0.500E-01 0.500E-01 0.500E-01 0.500E-01 0.500E-01 0.500E-01 0.300E-01 -0.637E-06 -0.637E-06 -0.637E-06 -0.637E-06 -0.637E-06 -0.637E-06 -0.160E-06 -0.160E-06 0.300E-01 0.313E-06 0.313E-06 -0.160E-06 0.313E-06 -0.160E-06 -0.160E-06 -0.160E-06 0.300E-01 0.300E-01 0.300E-01 0.313E-06 0.313E-06 0.317E-06 0.782E-07 -0.160E-06 0.108E-06 -0.130E-06 -0.160E-06 -0.160E-06 -0.160E-06 0.186E-07 0.108E-06 0.108E-06 0.484E-07 -0.160E-06 0.484E-07 0.108E-06 -0.220E-06 0.168E-06 -0.160E-06 -0.160E-06 -0.160E-06 -0.160E-06 -0.160E-06 -0.160E-06 -0.160E-06
0.300E-01 0.300E-01 0.300E-01 0.313E-06 -0.160E-06 -0.160E-06 0.300E-01 0.500E-01 0.313E-06 0.500E-01 0.300E-01 0.300E-01 0.500E-01 0.500E-01 0.500E-01 0.500E-01 0.500E-01 -0.637E-06 -0.637E-06 -0.637E-06 -0.637E-06 -0.637E-06 0.300E-01 0.300E-01 0.313E-06 0.500E-01 0.313E-06 0.313E-06 -0.160E-06 -0.160E-06 0.894E-07 0.313E-06 0.300E-01 0.300E-01 0.300E-01 0.313E-06 0.313E-06 -0.160E-06 0.500E-01 0.108E-06 0.108E-06 0.186E-07 0.108E-06 -0.101E-06 -0.190E-06 -0.160E-06 0.108E-06 0.108E-06 0.484E-07 0.108E-06 -0.160E-06 0.108E-06 0.227E-06 -0.160E-06 -0.160E-06 0.484E-07 0.782E-07 -0.160E-06 -0.160E-06 -0.160E-06 -0.160E-06
-0.190E-06 0.313E-06 -0.160E-06 -0.160E-06 0.782E-07 0.782E-07 0.782E-07 0.782E-07 -0.190E-06 0.313E-06 0.313E-06 -0.190E-06 -0.160E-06 0.313E-06 0.313E-06 -0.160E-06 -0.160E-06 0.313E-06 -0.637E-06 -0.637E-06 -0.637E-06 0.500E-01 -0.637E-06 0.500E-01 -0.190E-06 0.500E-01 -0.160E-06 -0.160E-06 -0.160E-06 -0.160E-06 0.313E-06 0. 0.300E-01 0.300E-01 0. 0. 0.894E-07 0.745E-07 0.782E-07 0.186E-07 -0.160E-06 0.108E-06 0.168E-06 0.782E-07 -0.112E-07 0.108E-06 -0.160E-06 -0.160E-06 -0.160E-06 -0.160E-06 -0.220E-06 0.108E-06 0.186E-07 -0.160E-06 0.108E-06 -0.160E-06 -0.160E-06 -0.160E-06 -0.160E-06 -0.160E-06 -0.160E-06
-0.160E-06 -0.160E-06 -0.160E-06 0.300E-01 0.300E-01 0.300E-01 0.300E-01 0.300E-01 0.300E-01 0.313E-06 0.313E-06 0.300E-01 0.300E-01 0.300E-01 0.300E-01 -0.160E-06 -0.160E-06 -0.190E-06 0.108E-06 -0.637E-06 -0.637E-06 -0.637E-06 -0.708E-07 -0.708E-07 0.782E-07 0.300E-01 -0.160E-06 0.317E-06 -0.160E-06 0.313E-06 0.300E-01 0.300E-01 0.300E-01 0.500E-01 0.500E-01 0.313E-06 0.313E-06 0.313E-06 -0.160E-06 0.484E-07 0.108E-06 0.108E-06 -0.708E-07 -0.220E-06 0.108E-06 0.108E-06 -0.160E-06 0.108E-06 0.484E-07 -0.160E-06 0.108E-06 0.108E-06 -0.160E-06 -0.160E-06 -0.160E-06 -0.160E-06 -0.160E-06 -0.160E-06 -0.160E-06 -0.160E-06 -0.160E-06
0.300E-01 0.300E-01 0.300E-01 0.300E-01 0.300E-01 0.300E-01 0.300E-01 0.300E-01 0.300E-01 0.300E-01 0.313E-06 -0.160E-06 0.300E-01 0.300E-01 0.300E-01 0.300E-01 -0.160E-06 0.300E-01 0.300E-01 0.317E-06 -0.637E-06 0.500E-01 -0.846E-06 -0.637E-06 0.500E-01 0.500E-01 0.500E-01 0.317E-06 0.300E-01 0.300E-01 0.300E-01 0.300E-01 0.300E-01 0.300E-01 0.300E-01 0.313E-06 0.313E-06 0.313E-06 -0.160E-06 -0.160E-06 0.186E-07 0.108E-06 0.484E-07 0.108E-06 -0.160E-06 0.108E-06 0.108E-06 -0.160E-06 0.108E-06 0.108E-06 0.500E-01 0.108E-06 -0.160E-06 -0.160E-06 0.108E-06 -0.160E-06 -0.160E-06 -0.160E-06 -0.160E-06 -0.160E-06 -0.160E-06
0.313E-06 0.313E-06 -0.160E-06 -0.160E-06 0.300E-01 0.300E-01 0.300E-01 0.300E-01 0.300E-01 0.300E-01 0.300E-01 0.300E-01 0.300E-01 0.300E-01 -0.160E-06 -0.160E-06 -0.160E-06 -0.160E-06 0.300E-01 -0.637E-06 -0.637E-06 0.500E-01 -0.637E-06 0.500E-01 0.500E-01 0.100 -0.160E-06 0.317E-06 0.317E-06 0.300E-01 0.313E-06 0.300E-01 0.313E-06 0.313E-06 0.313E-06 0.313E-06 0.313E-06 0.500E-01 0.500E-01 -0.160E-06 -0.190E-06 0.108E-06 0.108E-06 -0.160E-06 -0.160E-06 0.782E-07 0.108E-06 0.186E-07 0.782E-07 0.500E-01 -0.160E-06 -0.160E-06 0.500E-01 -0.160E-06 -0.160E-06 0.484E-07 0.500E-01 0.500E-01 0.500E-01 0.100 0.100
0.300E-01 0.300E-01 0.300E-01 0.300E-01 0.313E-06 0.300E-01 0.300E-01 0.300E-01 0.300E-01 0.300E-01 0.300E-01 0.300E-01 -0.160E-06 0.300E-01 0.300E-01 -0.160E-06 -0.160E-06 -0.160E-06 0.300E-01 -0.637E-06 0.500E-01 -0.637E-06 0.500E-01 0.500E-01 0.500E-01 0.500E-01 0.500E-01 -0.637E-06 0.317E-06 0.300E-01 0.300E-01 0.300E-01 0.313E-06 0.313E-06 0.313E-06 0.313E-06 -0.160E-06 -0.160E-06 0.300E-01 -0.160E-06 -0.160E-06 0.484E-07 0.108E-06 0.108E-06 -0.160E-06 0.186E-07 0.108E-06 -0.160E-06 -0.160E-06 0.500E-01 -0.160E-06 -0.160E-06 -0.160E-06 -0.160E-06 -0.160E-06 -0.101E-06 0.100 0.100 0.100 0.100 0.500E-01
0.300E-01 0.300E-01 0.300E-01 0.300E-01 0.300E-01 0.300E-01 0.313E-06 0.300E-01 -0.160E-06 -0.160E-06 -0.160E-06 -0.160E-06 -0.160E-06 -0.160E-06 -0.160E-06 -0.160E-06 0.300E-01 0.300E-01 0.300E-01 0.500E-01 0.500E-01 -0.637E-06 0.500E-01 -0.637E-06 0.500E-01 0.500E-01 0.500E-01 -0.637E-06 0.317E-06 0.300E-01 0.300E-01 0.300E-01 0.313E-06 0.313E-06 0.313E-06 0.313E-06 -0.160E-06 -0.160E-06 0.300E-01 -0.160E-06 -0.160E-06 -0.160E-06 -0.112E-07 0.108E-06 0.500E-01 0.500E-01 0.500E-01 -0.160E-06 0.782E-07 0.782E-07 0.484E-07 0.108E-06 -0.160E-06 -0.160E-06 -0.160E-06 0.500E-01 0.500E-01 0.500E-01 0.100 0.500E-01 -0.160E-06
0.300E-01 0.300E-01 0.300E-01 -0.160E-06 -0.160E-06 -0.160E-06 -0.160E-06 0.300E-01 0.300E-01 -0.160E-06 -0.160E-06 -0.160E-06 -0.160E-06 -0.160E-06 0.300E-01 -0.708E-07 -0.708E-07 0.300E-01 0.500E-01 -0.637E-06 0.300E-01 0.300E-01 -0.637E-06 -0.637E-06 -0.637E-06 -0.637E-06 -0.637E-06 -0.637E-06 0.500E-01 0.300E-01 0.300E-01 0.300E-01 0.313E-06 0.313E-06 0.313E-06 0.313E-06 -0.160E-06 0.500E-01 0.500E-01 0.313E-06 0.186E-07 0.108E-06 -0.708E-07 -0.160E-06 0. 0.500E-01 0.500E-01 -0.160E-06 -0.101E-06 -0.101E-06 -0.101E-06 -0.160E-06 0.500E-01 0.500E-01 -0.160E-06 0.500E-01 -0.160E-06 -0.160E-06 -0.160E-06 -0.160E-06 -0.160E-06
0.300E-01 -0.160E-06 -0.160E-06 -0.160E-06 -0.160E-06 -0.160E-06 -0.160E-06 -0.160E-06 -0.160E-06 -0.160E-06 -0.160E-06 -0.160E-06 -0.160E-06 -0.160E-06 -0.160E-06 0.300E-01 0.300E-01 -0.637E-06 0.500E-01 -0.637E-06 0.300E-01 0.300E-01 0.300E-01 0.300E-01 -0.637E-06 0.500E-01 0.500E-01 -0.637E-06 0.500E-01 0.300E-01 0.300E-01 0.300E-01 0.300E-01 0.300E-01 0.300E-01 0.300E-01 0.500E-01 0.313E-06 0.313E-06 0.373E-08 0.197E-06 0.227E-06 -0.101E-06 0. 0. 0. -0.101E-06 0.782E-07 -0.708E-07 -0.410E-07 -0.101E-06 -0.160E-06 -0.160E-06 -0.160E-06 0.500E-01 0.100 0.484E-07 0.108E-06 -0.160E-06 -0.160E-06 -0.220E-06
-0.160E-06 -0.160E-06 -0.160E-06 -0.160E-06 0.300E-01 -0.160E-06 -0.160E-06 -0.160E-06 -0.160E-06 -0.160E-06 -0.160E-06 -0.160E-06 -0.160E-06 -0.160E-06 -0.160E-06 -0.637E-06 -0.637E-06 0.500E-01 0.500E-01 0.300E-01 -0.160E-06 0.300E-01 0.300E-01 0.300E-01 0.317E-06 0.300E-01 0.300E-01 0.300E-01 0.500E-01 0.300E-01 0.300E-01 0.300E-01 0.300E-01 0.300E-01 0.300E-01 -0.160E-06 0.500E-01 0.313E-06 -0.160E-06 0.108E-06 -0.160E-06 0.138E-06 0.894E-07 0. 0.186E-07 0.782E-07 0. 0. 0. -0.160E-06 -0.160E-06 -0.220E-06 0.500E-01 0.108E-06 0.800E-01 0.100 0.500E-01 -0.160E-06 -0.160E-06 -0.160E-06 0.108E-06
-0.160E-06 -0.160E-06 -0.160E-06 -0.160E-06 -0.160E-06 -0.160E-06 0.300E-01 -0.160E-06 0.317E-06 -0.160E-06 -0.160E-06 0.300E-01 0.300E-01 0.300E-01 0.300E-01 0.300E-01 -0.160E-06 0.500E-01 -0.637E-06 0.317E-06 0.300E-01 0.300E-01 0.300E-01 0.300E-01 0.300E-01 0.300E-01 0.300E-01 0.300E-01 0.300E-01 0.300E-01 0.300E-01 0.300E-01 0.300E-01 0.300E-01 0.300E-01 0.300E-01 0.500E-01 0.300E-01 0.500E-01 0.300E-01 0.300E-01 0.300E-01 0.298E-07 -0.101E-06 -0.101E-06 0.500E-01 0.149E-07 0. 0.894E-07 0.317E-06 0.317E-06 -0.160E-06 -0.160E-06 0.500E-01 -0.160E-06 0.100 -0.160E-06 -0.160E-06 -0.160E-06 -0.130E-06 0.186E-07
-0.160E-06 -0.160E-06 -0.160E-06 -0.160E-06 -0.160E-06 0.300E-01 0.300E-01 0.317E-06 -0.160E-06 -0.160E-06 0.300E-01 0.300E-01 -0.160E-06 -0.160E-06 0.300E-01 -0.160E-06 -0.160E-06 0.500E-01 -0.637E-06 -0.637E-06 -0.637E-06 0.300E-01 0.300E-01 0.300E-01 0.300E-01 0.300E-01 0.300E-01 0.300E-01 0.300E-01 0.300E-01 0.300E-01 0.300E-01 0.300E-01 0.300E-01 0.300E-01 0.500E-01 0.100 0.100 0.100 0.100 0.300E-01 0.300E-01 0.300E-01 0.300E-01 0.782E-07 -0.101E-06 -0.101E-06 0.108E-06 0.745E-07 -0.160E-06 -0.160E-06 0.782E-07 0.782E-07 0.745E-07 -0.160E-06 -0.160E-06 -0.160E-06 -0.160E-06 -0.160E-06 -0.160E-06 0.108E-06
-0.160E-06 -0.160E-06 -0.160E-06 -0.160E-06 0.300E-01 0.300E-01 0.300E-01 0.300E-01 0.300E-01 0.500E-01 -0.160E-06 0.300E-01 0.313E-06 0.313E-06 0.300E-01 0.313E-06 -0.160E-06 0.300E-01 0.500E-01 0.500E-01 -0.637E-06 0.317E-06 0.300E-01 0.300E-01 0.300E-01 0.300E-01 0.300E-01 0.300E-01 0.300E-01 0.300E-01 0.300E-01 0.300E-01 0.300E-01 0.300E-01 0.300E-01 -0.160E-06 0.100 0.100 0.100 0.300E-01 0.300E-01 0.300E-01 0.300E-01 0.300E-01 -0.101E-06 -0.410E-07 0.500E-01 0.300E-01 0.300E-01 -0.160E-06 0.782E-07 0.500E-01 0. 0.500E-01 0.300E-01 0.300E-01 -0.160E-06 -0.160E-06 -0.160E-06 -0.160E-06 -0.160E-06
-0.160E-06 -0.160E-06 0.300E-01 0.300E-01 0.300E-01 0.300E-01 0.300E-01 0.500E-01 0.500E-01 0.500E-01 0.313E-06 0.500E-01 0.313E-06 0.313E-06 0.300E-01 0.300E-01 0.300E-01 0.300E-01 0.300E-01 -0.160E-06 0.300E-01 -0.637E-06 -0.637E-06 0.317E-06 0.300E-01 0.300E-01 0.300E-01 0.300E-01 0.300E-01 0.300E-01 0.300E-01 0.300E-01 0.300E-01 0.500E-01 0.500E-01 0.500E-01 0.500E-01 0.500E-01 0.500E-01 0.300E-01 0.300E-01 0.300E-01 0.300E-01 -0.101E-06 -0.410E-07 -0.101E-06 0.782E-07 0.300E-01 0.300E-01 0.300E-01 0.500E-01 0.500E-01 0.500E-01 0. 0. -0.160E-06 -0.160E-06 -0.160E-06 -0.160E-06 -0.160E-06 -0.160E-06
-0.160E-06 0.300E-01 0.300E-01 0.300E-01 0.300E-01 0.500E-01 0.500E-01 0.500E-01 -0.160E-06 0.500E-01 -0.160E-06 -0.160E-06 -0.160E-06 0.300E-01 0.300E-01 0.300E-01 0.300E-01 0.300E-01 0.300E-01 -0.160E-06 -0.160E-06 -0.160E-06 -0.160E-06 -0.637E-06 0.300E-01 0.300E-01 0.300E-01 0.300E-01 0.300E-01 0.300E-01 0.300E-01 0.300E-01 0.300E-01 0.300E-01 0.300E-01 0.300E-01 0.300E-01 0.300E-01 -0.160E-06 0.300E-01 0.300E-01 0.300E-01 0.300E-01 -0.220E-06 -0.160E-06 0.138E-06 0.500E-01 0.300E-01 0.300E-01 0.300E-01 -0.160E-06 0.500E-01 -0.160E-06 0.782E-07 0.300E-01 -0.160E-06 -0.160E-06 -0.160E-06 0.500E-01 -0.160E-06 -0.160E-06
0.300E-01 0.300E-01 0.300E-01 -0.160E-06 0.500E-01 0.300E-01 0.300E-01 0.500E-01 -0.160E-06 -0.160E-06 -0.160E-06 -0.160E-06 0.300E-01 0.300E-01 0.300E-01 0.300E-01 0.300E-01 0.300E-01 -0.160E-06 -0.160E-06 0.300E-01 0.300E-01 0.500E-01 0.500E-01 0.500E-01 0.300E-01 0.300E-01 0.300E-01 0.300E-01 0.300E-01 0.300E-01 0.300E-01 0.300E-01 0.300E-01 0.300E-01 0.300E-01 0.300E-01 0.300E-01 -0.160E-06 0.300E-01 0.300E-01 0.300E-01 0.300E-01 0.300E-01 0.317E-06 0.300E-01 0.300E-01 0.300E-01 0.300E-01 0.300E-01 -0.160E-06 0.500E-01 0.313E-06 -0.160E-06 0.300E-01 -0.160E-06 -0.160E-06 0.500E-01 0.500E-01 0.500E-01 -0.160E-06
0.300E-01 0.300E-01 0.300E-01 -0.160E-06 -0.160E-06 0.300E-01 0.300E-01 0.500E-01 0.300E-01 -0.160E-06 0.300E-01 0.300E-01 0.300E-01 0.300E-01 0.300E-01 0.300E-01 0.300E-01 0.300E-01 -0.160E-06 -0.160E-06 0.300E-01 0.500E-01 -0.160E-06 -0.160E-06 0.500E-01 0.300E-01 0.300E-01 0.300E-01 0.300E-01 0.300E-01 0.300E-01 0.300E-01 0.300E-01 0.300E-01 0.300E-01 0.300E-01 0.300E-01 0.300E-01 0.300E-01 0.300E-01 0.300E-01 0.300E-01 0.300E-01 -0.637E-06 0.300E-01 0.300E-01 0.500E-01 0.300E-01 0.300E-01 0.300E-01 0.313E-06 0.313E-06 0.313E-06 -0.160E-06 0.300E-01 -0.160E-06 -0.160E-06 -0.160E-06 -0.160E-06 -0.160E-06 -0.160E-06
0.300E-01 0.300E-01 -0.160E-06 -0.160E-06 0.500E-01 -0.160E-06 0.300E-01 0.300E-01 0.500E-01 -0.160E-06 0.500E-01 0.300E-01 0.300E-01 -0.160E-06 -0.160E-06 0.300E-01 0.300E-01 -0.160E-06 -0.160E-06 -0.160E-06 -0.160E-06 0.300E-01 -0.160E-06 -0.160E-06 0.300E-01 0.300E-01 0.300E-01 0.300E-01 0.300E-01 0.300E-01 0.300E-01 0.300E-01 0.300E-01 0.500E-01 0.300E-01 0.300E-01 0.300E-01 0.300E-01 0.300E-01 0.300E-01 0.300E-01 0.300E-01 0.300E-01 -0.637E-06 -0.160E-06 -0.160E-06 0.500E-01 0.300E-01 0.300E-01 0.300E-01 0.500E-01 0.313E-06 -0.160E-06 -0.160E-06 0.300E-01 -0.160E-06 -0.160E-06 -0.160E-06 0.300E-01 -0.160E-06 -0.160E-06
0.300E-01 0.300E-01 -0.160E-06 0.500E-01 -0.160E-06 -0.160E-06 0.300E-01 -0.160E-06 0.500E-01 0.100 0.100 0.300E-01 0.300E-01 0.300E-01 0.300E-01 0.300E-01 0.300E-01 0.300E-01 -0.160E-06 -0.160E-06 -0.160E-06 -0.160E-06 0.300E-01 0.300E-01 0.317E-06 0.300E-01 0.300E-01 0.300E-01 0.300E-01 0.300E-01 0.300E-01 0.300E-01 0.313E-06 0.313E-06 0.313E-06 -0.160E-06 0.300E-01 0.300E-01 0.500E-01 -0.160E-06 -0.160E-06 0.300E-01 0.300E-01 0.300E-01 -0.160E-06 0.313E-06 0.500E-01 0.300E-01 0.300E-01 0.500E-01 0.500E-01 0.500E-01 -0.160E-06 -0.160E-06 0.300E-01 0.313E-06 -0.160E-06 0.300E-01 0.300E-01 -0.160E-06 -0.160E-06
0.300E-01 0.300E-01 0.300E-01 0.100 0.100 0.100 0.500E-01 0.500E-01 0.100 0.100 0.100 -0.160E-06 -0.160E-06 0.300E-01 0.300E-01 0.300E-01 0.300E-01 -0.160E-06 -0.160E-06 -0.160E-06 -0.160E-06 0.300E-01 -0.637E-06 -0.637E-06 0.300E-01 0.300E-01 0.300E-01 0.300E-01 0.300E-01 0.300E-01 0.300E-01 0.300E-01 0.300E-01 0.313E-06 0.313E-06 -0.160E-06 0.300E-01 0.300E-01 -0.160E-06 -0.160E-06 -0.160E-06 0.300E-01 0.300E-01 0.300E-01 0.500E-01 0.313E-06 0.313E-06 0.500E-01 0.313E-06 0.313E-06 0.300E-01 0.313E-06 -0.160E-06 -0.160E-06 -0.160E-06 0.313E-06 0.313E-06 0.300E-01 -0.160E-06 -0.160E-06 -0.160E-06
0.300E-01 0.300E-01 0.300E-01 0.100 0.100 0.500E-01 0.300E-01 0.500E-01 0.100 0.100 0.100 0.500E-01 -0.160E-06 0.300E-01 0.300E-01 -0.160E-06 -0.160E-06 -0.160E-06 -0.160E-06 -0.160E-06 -0.160E-06 0.300E-01 -0.637E-06 0.300E-01 0.300E-01 0.300E-01 0.300E-01 0.300E-01 0.300E-01 0.300E-01 0.300E-01 0.300E-01 0.300E-01 0.313E-06 0.313E-06 -0.160E-06 0.300E-01 -0.160E-06 -0.160E-06 -0.160E-06 -0.160E-06 0.300E-01 0.300E-01 -0.637E-06 0.313E-06 0.313E-06 0.313E-06 0.313E-06 0.313E-06 0.313E-06 0.500E-01 0.313E-06 0.313E-06 -0.160E-06 -0.160E-06 0.313E-06 0.300E-01 0.500E-01 -0.160E-06 -0.160E-06 -0.160E-06
0.500E-01 -0.160E-06 0.300E-01 0.100 0.100 0.100 0.300E-01 0.500E-01 0.500E-01 0.100 0.100 -0.160E-06 0.300E-01 0.300E-01 -0.160E-06 -0.160E-06 -0.160E-06 -0.160E-06 -0.160E-06 -0.160E-06 -0.160E-06 0.300E-01 0.317E-06 0.300E-01 0.300E-01 0.300E-01 0.300E-01 0.300E-01 0.300E-01 0.300E-01 0.300E-01 0.300E-01 0.300E-01 -0.160E-06 -0.160E-06 0.500E-01 -0.160E-06 -0.160E-06 -0.160E-06 -0.160E-06 -0.160E-06 0.300E-01 -0.637E-06 -0.160E-06 -0.160E-06 0.313E-06 0.313E-06 0.313E-06 0.313E-06 -0.160E-06 0.500E-01 0.500E-01 0.313E-06 0.313E-06 0.313E-06 -0.160E-06 0.300E-01 0.300E-01 -0.160E-06 -0.160E-06 0.500E-01
0.500E-01 0.300E-01 0.500E-01 0.100 0.100 0.100 0.500E-01 0.500E-01 0.500E-01 0.100 0.100 0.500E-01 0.300E-01 0.300E-01 -0.160E-06 -0.160E-06 -0.160E-06 -0.160E-06 -0.160E-06 -0.160E-06 0.313E-06 0.313E-06 -0.637E-06 0.317E-06 0.300E-01 0.300E-01 0.300E-01 0.300E-01 0.300E-01 0.300E-01 0.300E-01 0.300E-01 0.300E-01 -0.160E-06 0.300E-01 0.300E-01 -0.160E-06 0.300E-01 -0.160E-06 0.300E-01 -0.160E-06 -0.160E-06 0.317E-06 0.500E-01 -0.160E-06 0.313E-06 0.313E-06 -0.160E-06 0.300E-01 0.300E-01 0.500E-01 0.500E-01 0.313E-06 0.500E-01 -0.160E-06 0.300E-01 0.300E-01 0.300E-01 0.313E-06 0.782E-07 0.500E-01
0.500E-01 0.500E-01 0.100 0.100 0.100 0.100 0.100 0.100 0.100 0.100 0.100 0.300E-01 0.300E-01 -0.160E-06 0.300E-01 -0.160E-06 0.500E-01 0.500E-01 0.300E-01 0.313E-06 0.313E-06 0.313E-06 -0.160E-06 -0.637E-06 0.300E-01 0.300E-01 0.300E-01 0.300E-01 0.300E-01 0.300E-01 0.300E-01 0.300E-01 0.300E-01 0.300E-01 0.300E-01 -0.160E-06 -0.160E-06 0.300E-01 -0.160E-06 -0.160E-06 -0.160E-06 -0.160E-06 -0.160E-06 0.500E-01 -0.160E-06 -0.160E-06 -0.160E-06 0.313E-06 0.300E-01 0.300E-01 -0.160E-06 0.500E-01 0.313E-06 0.500E-01 0.300E-01 0.300E-01 -0.160E-06 -0.160E-06 0.313E-06 0.313E-06 -0.160E-06
0.500E-01 0.300E-01 0.100 0.100 0.100 0.100 0.100 0.100 0.100 0.100 0.100 -0.160E-06 0.500E-01 -0.160E-06 -0.160E-06 -0.160E-06 -0.160E-06 -0.160E-06 0.300E-01 0.300E-01 0.300E-01 0.300E-01 0.300E-01 0.500E-01 -0.637E-06 0.317E-06 0.300E-01 0.300E-01 0.300E-01 0.300E-01 0.300E-01 0.300E-01 0.300E-01 0.300E-01 0.300E-01 0.300E-01 -0.160E-06 0.300E-01 -0.160E-06 0.300E-01 -0.160E-06 -0.160E-06 0.317E-06 -0.160E-06 -0.160E-06 -0.160E-06 -0.160E-06 0.500E-01 0.300E-01 -0.160E-06 -0.160E-06 0.500E-01 0.500E-01 0.313E-06 -0.160E-06 0.300E-01 -0.160E-06 -0.160E-06 -0.160E-06 0.313E-06 -0.160E-06
0.100 0.500E-01 -0.160E-06 0.100 0.100 0.500E-01 0.500E-01 0.500E-01 0.500E-01 0.500E-01 0.500E-01 0.500E-01 0.500E-01 -0.160E-06 -0.160E-06 0.500E-01 0.500E-01 -0.160E-06 0.300E-01 0.313E-06 -0.160E-06 0.300E-01 0.300E-01 0.500E-01 0.500E-01 -0.637E-06 -0.637E-06 0.300E-01 0.300E-01 0.300E-01 0.300E-01 0.300E-01 0.300E-01 0.300E-01 0.300E-01 0.300E-01 -0.160E-06 0.300E-01 -0.160E-06 0.300E-01 -0.160E-06 0.317E-06 -0.160E-06 -0.160E-06 -0.160E-06 -0.160E-06 -0.160E-06 0.500E-01 0.500E-01 -0.160E-06 -0.160E-06 0.500E-01 -0.160E-06 -0.160E-06 -0.160E-06 0.300E-01 0.300E-01 -0.160E-06 -0.160E-06 -0.160E-06 0.313E-06
