share/VS_Project/swb/x64/Debug/MASS_BALANCE_06_29_1990.asc
NCOLS        340
NROWS        316
XLLCORNER     528502.530
YLLCORNER     274871.653
CELLSIZE        100.000
NODATA_VALUE    -9999.000
[rows 27 to 53 of 316, columns 0 to 61 of 340]
0.300E-01 0.500E-01 0.500E-01 0.500E-01 0.100 0.300E-01 0.300E-01 0.112E-06 0.112E-06 0.156E-06 0.500E-01 0.300E-01 0.300E-01 0.300E-01 0.156E-06 0.300E-01 0.300E-01 0.300E-01 0.300E-01 0.300E-01 -0.142E-06 -0.231E-06 -0.142E-06 -0.671E-07 0.800E-01 -0.127E-06 0.156E-06 0.745E-08 -0.820E-07 0.500E-01 0.500E-01 0.395E-06 -0.305E-06 0.112E-06 0.500E-01 0.500E-01 0.500E-01 0.500E-01 0.500E-01 0.500E-01 0.500E-01 0.500E-01 0.400E-01 0.500E-01 0.500E-01 0.500E-01 0.500E-01 0.500E-01 0. 0. 0. 0. 0. 0.100 0.500E-01 0.500E-01 0.500E-01 0.500E-01 0.500E-01 0.500E-01 -0.112E-06 0.400E-01
0.500E-01 0.500E-01 0.100 0.100 0.100 0.500E-01 0.300E-01 -0.373E-07 0.142E-06 -0.186E-06 0.500E-01 0.500E-01 0.500E-01 0.300E-01 0.300E-01 0.300E-01 0.300E-01 0.300E-01 0.300E-01 -0.373E-07 -0.142E-06 0.127E-06 -0.142E-06 -0.231E-06 0.800E-01 -0.127E-06 0.127E-06 0.857E-06 -0.142E-06 0.820E-07 0.395E-06 0.969E-07 -0.224E-07 0.500E-01 0.500E-01 0.500E-01 0.500E-01 0.500E-01 0.500E-01 0.500E-01 0.500E-01 0.500E-01 0.500E-01 0.500E-01 0.500E-01 0.500E-01 0.500E-01 0.500E-01 0. 0. 0. 0. 0.500E-01 0.100 0.500E-01 0.500E-01 0.500E-01 0.500E-01 0.500E-01 0.112E-06 -0.112E-06 0.500E-01
0.500E-01 0.100 0.100 0.100 0.100 0.300E-01 0.300E-01 0.373E-07 -0.969E-07 -0.216E-06 0.300E-01 0.300E-01 0.300E-01 0.373E-07 0.300E-01 0.300E-01 0.300E-01 0.500E-01 0.186E-06 0.522E-07 -0.142E-06 -0.171E-06 0.500E-01 -0.142E-06 0.186E-06 0.500E-01 0.500E-01 -0.142E-06 0.127E-06 -0.305E-06 -0.112E-06 0.500E-01 0.500E-01 0.500E-01 0.500E-01 0.500E-01 0.500E-01 0.500E-01 0.500E-01 0.500E-01 0.500E-01 0.500E-01 0.500E-01 0.500E-01 0.500E-01 0.500E-01 0.500E-01 0. 0. 0. 0. 0.500E-01 0.500E-01 0.500E-01 0.500E-01 0.500E-01 0.500E-01 0.500E-01 0.500E-01 0.500E-01 0.500E-01 0.500E-01
0.500E-01 0.100 0.100 0.100 0.100 0.500E-01 0.300E-01 0.300E-01 -0.186E-06 0.820E-07 0.300E-01 0.300E-01 0.300E-01 0.300E-01 -0.127E-06 0.231E-06 -0.522E-07 0.800E-01 0.671E-07 0.969E-07 -0.171E-06 -0.224E-07 0.500E-01 -0.171E-06 0.500E-01 0.500E-01 0.500E-01 0.500E-01 0.500E-01 0.500E-01 0. 0.500E-01 0. 0. 0.500E-01 0.500E-01 0.500E-01 0.500E-01 0.500E-01 0.500E-01 0.500E-01 0.500E-01 0.500E-01 0.500E-01 0.500E-01 0.500E-01 0. 0. 0. 0. 0. 0.500E-01 0.500E-01 0.500E-01 0.500E-01 0.500E-01 0.500E-01 0.500E-01 0.500E-01 0.500E-01 0.500E-01 -0.142E-06
0.300E-01 0.100 0.100 0.100 0.112E-06 0.300E-01 0.300E-01 -0.522E-07 -0.522E-07 -0.373E-07 0.300E-01 0.969E-07 0.201E-06 -0.522E-07 -0.231E-06 -0.171E-06 -0.142E-06 -0.142E-06 -0.745E-08 -0.142E-06 -0.142E-06 0.671E-07 0.500E-01 0.500E-01 0.500E-01 0.500E-01 0.500E-01 0.500E-01 0.500E-01 0.500E-01 0.500E-01 0.500E-01 0.500E-01 0.500E-01 0.500E-01 0. 0.500E-01 0.500E-01 0.500E-01 0.500E-01 0.500E-01 0.500E-01 0.500E-01 0.500E-01 0.500E-01 0. 0. 0. 0. 0. 0.500E-01 0.500E-01 0.500E-01 0.500E-01 0.500E-01 0.500E-01 0.500E-01 0.500E-01 0.500E-01 0.500E-01 0.500E-01 0.671E-07
0.112E-06 0.100 0.500E-01 0.112E-06 0.112E-06 0.300E-01 0.500E-01 -0.142E-06 -0.142E-06 -0.216E-06 0.500E-01 0.500E-01 0.127E-06 -0.142E-06 -0.522E-07 -0.522E-07 0.500E-01 0.500E-01 -0.522E-07 0.820E-07 -0.171E-06 0.500E-01 0.500E-01 0.500E-01 0.500E-01 0.500E-01 0.500E-01 0.500E-01 0.500E-01 0.500E-01 0.500E-01 0.500E-01 0.500E-01 0.500E-01 0.500E-01 0.500E-01 0.500E-01 0.500E-01 0.500E-01 0.500E-01 0.500E-01 0.500E-01 0.500E-01 0. 0. 0. 0. 0. 0. 0.500E-01 0.500E-01 0.500E-01 0.500E-01 0.500E-01 0.500E-01 0.500E-01 0.500E-01 0.500E-01 0.500E-01 0.500E-01 0.500E-01 -0.224E-07
-0.373E-07 0.500E-01 0.395E-06 -0.373E-07 0.112E-06 -0.291E-06 -0.305E-06 0.500E-01 -0.142E-06 -0.142E-06 0.500E-01 0.500E-01 0.500E-01 0.100 0.500E-01 0.500E-01 0.500E-01 0.500E-01 0.100 0.500E-01 0.500E-01 0.500E-01 0.500E-01 0.500E-01 0. 0.500E-01 0.500E-01 0.500E-01 0.500E-01 0.500E-01 0.500E-01 0.500E-01 0.500E-01 0.500E-01 0.500E-01 0.500E-01 0.500E-01 0.500E-01 0.500E-01 0.100 0.100 0.500E-01 0.500E-01 0. 0. 0. 0. 0. 0. 0.500E-01 0.500E-01 0.500E-01 0.500E-01 0.500E-01 0.500E-01 0.500E-01 0.500E-01 0.500E-01 0.350E-06 0.500E-01 0.300E-01 0.500E-01
0.514E-06 0.395E-06 0.969E-07 0.514E-06 -0.373E-07 0.373E-07 0.767E-06 -0.902E-06 0.500E-01 -0.142E-06 0.500E-01 0.500E-01 0.500E-01 0.100 0.500E-01 0.500E-01 0.500E-01 0.500E-01 0.500E-01 0.500E-01 0.500E-01 0.500E-01 0.500E-01 0.500E-01 0.500E-01 0.500E-01 0.500E-01 0.500E-01 0.500E-01 0.500E-01 0.500E-01 0.500E-01 0.500E-01 0.500E-01 0.500E-01 0.500E-01 0.500E-01 0.500E-01 0.500E-01 0.500E-01 0.500E-01 0. 0. 0. 0. 0. 0. 0.380E-06 -0.529E-06 0.500E-01 0.500E-01 0.500E-01 0.500E-01 0.500E-01 0.500E-01 0.500E-01 0.500E-01 0.500E-01 0.400E-01 0.500E-01 0.300E-01 -0.224E-07
-0.603E-06 0.969E-07 0.112E-06 0.529E-06 0.782E-06 0.216E-06 0.723E-06 0.500E-01 0.100 0.500E-01 0. 0. 0. 0. 0. 0.500E-01 0.500E-01 0.500E-01 0.500E-01 0.500E-01 0.500E-01 0.500E-01 0.500E-01 0.400E-01 0.500E-01 0.500E-01 0.500E-01 0.500E-01 -0.350E-06 0.500E-01 0.500E-01 0.500E-01 0.500E-01 0.500E-01 0.500E-01 0.500E-01 0.500E-01 0.500E-01 0.500E-01 0. 0. 0. 0. 0.500E-01 0.745E-07 -0.112E-06 0.500E-01 0.100 0.100 0.500E-01 0.500E-01 0.500E-01 0.400E-01 0.500E-01 0.500E-01 0.500E-01 0.500E-01 0.500E-01 0.500E-01 0.500E-01 0.500E-01 0.373E-07
-0.224E-07 0.500E-01 0.500E-01 0.500E-01 0.500E-01 0.500E-01 0.500E-01 0.100 0. 0. 0. 0.500E-01 0.500E-01 0. 0. 0. 0. 0. 0. 0. 0.238E-06 0.500E-01 0.231E-06 -0.231E-06 -0.127E-06 0.112E-06 0.500E-01 0.500E-01 0.648E-06 0.500E-01 0.500E-01 0.500E-01 0.648E-06 -0.253E-06 0. 0. 0. 0. 0. 0. 0. 0.112E-06 0.112E-06 0.298E-07 0.104E-06 0.112E-06 0.100 0.100 0.500E-01 0.500E-01 0.500E-01 0.100 0.500E-01 0.500E-01 0.500E-01 0.500E-01 0.500E-01 0.500E-01 0.500E-01 0.496E-01 0.300E-01 0.500E-01
0.112E-06 -0.454E-06 0.500E-01 0.500E-01 0.500E-01 0.100 0.500E-01 0. 0. 0. 0.500E-01 0. 0. 0. 0. 0. 0. 0. 0. 0. -0.224E-07 0. 0.500E-01 0.500E-01 0.500E-01 0.500E-01 0.500E-01 0. 0. 0.820E-07 -0.812E-06 0.500E-01 0.500E-01 0. 0. 0. 0. 0. 0. 0. 0. 0.685E-06 -0.104E-06 0. 0.500E-01 0.100 0.500E-01 -0.142E-06 0.500E-01 0.500E-01 0.500E-01 -0.231E-06 -0.231E-06 0.500E-01 0.500E-01 0.500E-01 0.500E-01 0.500E-01 0.500E-01 0.500E-01 0.500E-01 0.500E-01
-0.373E-07 0.500E-01 0.500E-01 0.500E-01 0.100 0.500E-01 0. 0.500E-01 0.500E-01 0.100 0.400E-01 0.100 0.100 0.500E-01 0.500E-01 0. 0. 0. 0. 0. 0. 0. 0. 0. 0. 0. 0. 0. 0. 0. 0. 0. 0. 0. 0. 0. 0. 0. -0.224E-07 0. 0. 0.373E-07 0.373E-07 0. 0.100 0.500E-01 -0.142E-06 -0.142E-06 -0.373E-07 0.500E-01 -0.142E-06 -0.171E-06 -0.171E-06 -0.142E-06 0.500E-01 0.500E-01 0.500E-01 0.500E-01 0.500E-01 0.500E-01 0.500E-01 0.500E-01
0.500E-01 0.500E-01 0.500E-01 0.500E-01 0.500E-01 0. 0.500E-01 0.100 0.100 0.100 0.100 0.500E-01 0.500E-01 0. 0.112E-06 0.507E-06 0. 0. 0. 0. 0. 0. 0. 0.500E-01 0.500E-01 0.500E-01 0.500E-01 0.500E-01 0. 0. 0.500E-01 0. 0. 0. 0. 0. 0. 0. 0. 0. 0. 0. -0.142E-06 0.224E-07 0.500E-01 0.500E-01 -0.142E-06 0.500E-01 0.500E-01 -0.678E-06 0.300E-01 -0.142E-06 -0.142E-06 0.500E-01 0.500E-01 0.500E-01 0.500E-01 0.500E-01 0.224E-07 0.500E-01 0.500E-01 0.500E-01
0.500E-01 0.500E-01 0.500E-01 0.100 0. 0. 0.500E-01 0.112E-06 0.100 0.100 0.500E-01 0.500E-01 0. 0. 0. 0. 0. -0.224E-07 -0.745E-08 -0.224E-07 0. 0. 0. 0. 0.500E-01 0.500E-01 0.500E-01 0.500E-01 0. 0. 0. 0. 0. 0. 0. 0. 0. 0. 0. 0.500E-01 0.500E-01 0.500E-01 0.112E-06 0.224E-07 0.500E-01 0.500E-01 0.500E-01 0.224E-07 -0.782E-06 0.648E-06 0.224E-07 0.820E-07 0.500E-01 0.500E-01 0.500E-01 0.500E-01 0.500E-01 0.500E-01 0.224E-07 0.224E-07 0.224E-07 0.500E-01
0.500E-01 0.100 0.500E-01 0. 0. 0.112E-06 0.500E-01 0.500E-01 0. 0. 0. 0. 0. 0.500E-01 0.500E-01 0.500E-01 0.500E-01 0.500E-01 0.500E-01 0.500E-01 0.500E-01 0.500E-01 0.500E-01 0. 0. 0. 0. 0. 0. 0. 0. 0. 0. 0. 0.500E-01 0.500E-01 -0.373E-07 -0.410E-06 0.500E-01 0.500E-01 0.400E-01 0.648E-06 -0.589E-06 -0.142E-06 0.500E-01 0.500E-01 0.400E-01 0.400E-01 0.484E-06 -0.499E-06 0.300E-01 0.500E-01 0.500E-01 0.500E-01 0.224E-07 0.500E-01 0.500E-01 0.500E-01 0.224E-07 0.224E-07 0.224E-07 0.500E-01
0.500E-01 0.500E-01 0. 0. 0. 0. 0. 0. 0. 0. 0. 0.100 0.500E-01 0.500E-01 0.500E-01 0.500E-01 0.500E-01 0.500E-01 0.500E-01 0.500E-01 0.500E-01 0.500E-01 0.500E-01 0.400E-01 -0.373E-07 0.500E-01 0. 0. 0. 0.500E-01 0.500E-01 0.500E-01 0.500E-01 0.500E-01 -0.603E-06 -0.373E-07 -0.373E-07 0.112E-06 0.500E-01 0.500E-01 0.400E-01 -0.373E-07 0.112E-06 0.171E-06 0.500E-01 0.500E-01 0.400E-01 0.499E-06 -0.812E-06 0.335E-06 0.300E-01 0.300E-01 0.500E-01 0.500E-01 0.500E-01 0.224E-07 0.500E-01 0.500E-01 0.500E-01 0.500E-01 0.500E-01 0.500E-01
0.500E-01 0. 0. 0. 0. 0.112E-06 0. 0.298E-06 -0.723E-06 -0.291E-06 0.500E-01 0.500E-01 0.500E-01 0.500E-01 0.500E-01 0.500E-01 0.500E-01 0.500E-01 0.500E-01 0.500E-01 0.500E-01 0.514E-06 -0.373E-07 0.400E-01 0.112E-06 -0.373E-07 -0.373E-07 -0.373E-07 0.500E-01 0.500E-01 0.400E-01 0.400E-01 -0.603E-06 0.500E-01 0.514E-06 0.112E-06 0.112E-06 0.400E-01 0.500E-01 0.400E-01 0.500E-01 -0.797E-06 -0.544E-06 0.112E-06 0.300E-01 0.500E-01 -0.738E-06 0.350E-06 -0.589E-06 -0.693E-06 0.300E-01 0.300E-01 0.224E-07 0.224E-07 0.224E-07 0.300E-01 -0.142E-06 0.500E-01 0.500E-01 0.500E-01 0.500E-01 0.500E-01
0. 0. 0.500E-01 0.112E-06 0.112E-06 0.387E-06 0. 0.500E-01 0. 0.500E-01 0.100 0.500E-01 0.500E-01 0.500E-01 0.500E-01 0.500E-01 0.500E-01 0.500E-01 0.500E-01 0.500E-01 0.500E-01 -0.857E-06 -0.112E-06 0.112E-06 0.400E-01 0.112E-06 0.112E-06 0.112E-06 0.500E-01 0.500E-01 0.514E-06 0.514E-06 0.514E-06 -0.373E-07 -0.373E-07 0.112E-06 -0.603E-06 0.500E-01 0.500E-01 0.500E-01 0.400E-01 0.400E-01 0.400E-01 0.112E-06 0.300E-01 0.800E-01 -0.171E-06 -0.574E-06 0.745E-08 0.300E-01 0.300E-01 0.500E-01 0.820E-07 -0.156E-06 0.300E-01 0.300E-01 0.500E-01 0.500E-01 0.395E-06 0.224E-07 0.500E-01 0.500E-01
0. 0. 0. 0. 0. 0.500E-01 0.500E-01 0.100 0.500E-01 0.500E-01 0.500E-01 0.500E-01 0.500E-01 0.500E-01 0.500E-01 0.500E-01 0.500E-01 0.500E-01 0.500E-01 0.500E-01 0.916E-06 -0.499E-06 0.112E-06 0.500E-01 0.400E-01 -0.373E-07 0.112E-06 0.400E-01 0.112E-06 -0.373E-07 -0.373E-07 -0.373E-07 -0.373E-07 0.112E-06 0.112E-06 0.514E-06 -0.373E-07 -0.603E-06 -0.603E-06 0.400E-01 0.500E-01 0.400E-01 0.171E-06 -0.373E-07 0.112E-06 0.112E-06 0.300E-01 0.300E-01 -0.671E-07 -0.127E-06 0.500E-01 -0.127E-06 -0.522E-07 0.300E-01 0.300E-01 0.300E-01 0.300E-01 0.500E-01 0.500E-01 0.500E-01 0.500E-01 0.224E-07
0. -0.156E-06 -0.603E-06 0.500E-01 0.500E-01 0.500E-01 0.500E-01 0.500E-01 0.500E-01 0.500E-01 0.500E-01 0.500E-01 0.500E-01 0.500E-01 0.500E-01 0.500E-01 0.500E-01 0.500E-01 0.500E-01 -0.603E-06 -0.514E-06 0.500E-01 0.500E-01 0.500E-01 0.400E-01 0.500E-01 0.514E-06 -0.373E-07 0.112E-06 0.112E-06 0.112E-06 0.112E-06 0.112E-06 0.112E-06 0.400E-01 -0.373E-07 0.112E-06 0.514E-06 0.514E-06 0.400E-01 0.500E-01 0.400E-01 0.127E-06 -0.142E-06 -0.171E-06 -0.142E-06 0.300E-01 0.171E-06 0.300E-01 0.300E-01 0.500E-01 0.224E-07 0.500E-01 0.500E-01 0.500E-01 0.300E-01 0.300E-01 0.300E-01 -0.142E-06 0.500E-01 0.500E-01 0.500E-01
0. 0.500E-01 0.500E-01 0.500E-01 0.500E-01 0.500E-01 0.500E-01 0.500E-01 0.500E-01 0.500E-01 0.500E-01 0.500E-01 0.500E-01 0.500E-01 0.500E-01 0.693E-06 0.500E-01 0.500E-01 0.500E-01 0.514E-06 -0.373E-07 -0.142E-06 0.400E-01 0.112E-06 0.112E-06 -0.224E-07 0.782E-06 -0.603E-06 0.514E-06 -0.373E-07 0.112E-06 0.400E-01 0.400E-01 0.400E-01 -0.373E-07 0.112E-06 0.400E-01 -0.373E-07 -0.373E-07 0.400E-01 0.500E-01 -0.305E-06 -0.142E-06 -0.522E-07 -0.171E-06 -0.142E-06 0.400E-01 0.300E-01 0.300E-01 0.500E-01 -0.201E-06 -0.522E-07 -0.522E-07 0.500E-01 0.500E-01 0.500E-01 0.500E-01 0.500E-01 0.500E-01 0.500E-01 0.500E-01 0.500E-01
-0.142E-06 0.400E-01 0.500E-01 0.500E-01 0.500E-01 0.500E-01 0.500E-01 0.500E-01 0.500E-01 0.400E-01 0.500E-01 0.500E-01 0.500E-01 0.500E-01 0.500E-01 -0.373E-07 0.500E-01 0.500E-01 0.500E-01 0.559E-06 0.112E-06 0.112E-06 -0.603E-06 0.514E-06 -0.373E-07 0.112E-06 -0.603E-06 -0.931E-06 -0.373E-07 0.112E-06 0.400E-01 0.400E-01 0.514E-06 0.112E-06 0.112E-06 0.400E-01 0.400E-01 0.112E-06 0.112E-06 0.400E-01 0.400E-01 0.400E-01 0.400E-01 0.231E-06 0.156E-06 0.142E-06 0.112E-06 0.500E-01 -0.186E-06 -0.522E-07 0.186E-06 -0.522E-07 -0.522E-07 0.500E-01 0.500E-01 0.500E-01 0.500E-01 0.224E-07 0.224E-07 0.224E-07 0.216E-06 -0.820E-07
0.500E-01 0.500E-01 0.500E-01 0.500E-01 0.500E-01 0.500E-01 0.500E-01 0.500E-01 0.500E-01 0.400E-01 0.514E-06 0.500E-01 0.500E-01 -0.373E-07 0.112E-06 0.514E-06 0.500E-01 0.500E-01 -0.373E-07 0.112E-06 0.112E-06 0.112E-06 -0.857E-06 -0.514E-06 0.514E-06 -0.373E-07 0.112E-06 0.514E-06 -0.671E-07 0.112E-06 0.400E-01 0.400E-01 -0.373E-07 0.400E-01 0.400E-01 0.400E-01 0.500E-01 0.400E-01 0.400E-01 0.400E-01 0.400E-01 0.500E-01 0.500E-01 -0.522E-07 -0.820E-07 -0.231E-06 0.112E-06 0.500E-01 0.112E-06 0.745E-08 0.300E-01 0.224E-07 0.224E-07 0.500E-01 0.500E-01 0.224E-07 0.224E-07 0.156E-06 0.300E-01 0.300E-01 0.300E-01 -0.112E-06
0.500E-01 0.500E-01 0.500E-01 0.753E-06 0.500E-01 0.500E-01 0.500E-01 0.500E-01 0.500E-01 0.400E-01 -0.373E-07 0.514E-06 -0.142E-06 0.112E-06 -0.373E-07 -0.373E-07 0.500E-01 0.500E-01 0.500E-01 0.112E-06 0.400E-01 0.500E-01 -0.112E-06 0.500E-01 0.500E-01 0.514E-06 -0.373E-07 0.112E-06 -0.373E-07 0.500E-01 -0.373E-07 0.112E-06 0.112E-06 0.400E-01 0.400E-01 0.400E-01 0.400E-01 0.400E-01 0.400E-01 0.400E-01 0.500E-01 0.500E-01 0.500E-01 0.500E-01 0.500E-01 0.745E-08 0.400E-01 0.300E-01 0.112E-06 0.300E-01 0.300E-01 0.500E-01 0.500E-01 0.100 0.224E-07 0.500E-01 0.224E-07 0.300E-01 0.300E-01 0.300E-01 0.300E-01 -0.969E-07
0.500E-01 0.500E-01 0.500E-01 0.500E-01 0.500E-01 0.500E-01 0.500E-01 0.400E-01 0.400E-01 0.112E-06 0.112E-06 -0.373E-07 0.618E-06 0.112E-06 0.112E-06 -0.373E-07 -0.782E-06 -0.224E-07 0.500E-01 0.500E-01 -0.373E-07 0.112E-06 0.500E-01 0.500E-01 0.500E-01 -0.842E-06 0.500E-01 -0.373E-07 0.112E-06 0.112E-06 -0.633E-06 0.723E-06 0.276E-06 -0.373E-07 -0.373E-07 0.400E-01 0.400E-01 0.400E-01 0.400E-01 0.500E-01 0.100 0.100 -0.223E-01 0.371E-01 0.400E-01 0.500E-01 0.300E-01 0.300E-01 0.224E-07 0.300E-01 0.500E-01 0.500E-01 0.100 0.100 0.500E-01 0.500E-01 0.500E-01 0.500E-01 0.300E-01 0.300E-01 0.300E-01 0.969E-07
0.500E-01 0.500E-01 0.500E-01 0.500E-01 0.500E-01 0.500E-01 0.500E-01 -0.224E-07 -0.201E-06 -0.373E-07 0.112E-06 0.112E-06 -0.820E-07 -0.373E-07 0.112E-06 0.112E-06 -0.603E-06 0.112E-06 0.127E-06 0.500E-01 0.395E-06 0.633E-06 -0.589E-06 0.224E-07 0.500E-01 -0.373E-07 -0.454E-06 0.842E-06 0.842E-06 -0.887E-06 -0.373E-07 -0.373E-07 0.112E-06 -0.603E-06 0.112E-06 0.112E-06 -0.857E-06 0.400E-01 0.400E-01 0.100 0.500E-01 0.500E-01 0.500E-01 0.300E-01 0.300E-01 0.500E-01 0.300E-01 0.300E-01 0.300E-01 0.500E-01 0.100 0.500E-01 0.500E-01 0.500E-01 0.500E-01 0.300E-01 0.500E-01 0.300E-01 0.300E-01 0.300E-01 0.300E-01 0.156E-06
0.500E-01 -0.373E-07 0.842E-06 -0.373E-07 -0.224E-07 0.767E-06 0.400E-01 -0.603E-06 0.112E-06 -0.469E-06 0.112E-06 0.400E-01 -0.797E-06 0.400E-01 0.112E-06 0.514E-06 -0.373E-07 0.514E-06 0.500E-01 0.514E-06 -0.373E-07 0.112E-06 0.820E-07 0.224E-07 0.693E-06 0.112E-06 0.373E-07 -0.603E-06 -0.246E-06 0.112E-06 0.753E-06 0.112E-06 0.112E-06 -0.246E-06 -0.373E-07 0.112E-06 -0.112E-06 0.500E-01 0.500E-01 0.300E-01 0.300E-01 0.300E-01 0.500E-01 0.300E-01 0.300E-01 0.300E-01 0.300E-01 0.300E-01 0.300E-01 0.800E-01 0.100 0.500E-01 0.500E-01 0.300E-01 0.300E-01 0.300E-01 0.300E-01 0.300E-01 0.300E-01 0.300E-01 0.224E-07 0.224E-07
