share/VS_Project/swb/x64/Debug/MASS_BALANCE_05_31_1989.asc
NCOLS        340
NROWS        316
XLLCORNER     528502.530
YLLCORNER     274871.653
CELLSIZE        100.000
NODATA_VALUE    -9999.000
[rows 270 to 296 of 316, columns 244 to 304 of 340]
-0.745E-08 -0.745E-08 0.469E-06 -0.745E-08 -0.745E-08 0.469E-06 0.300E-01 0.300E-01 0.300E-01 0.500E-01 0.500E-01 0.500E-01 0.500E-01 0.500E-01 0.500E-01 0.300E-01 0.469E-06 0.469E-06 0.469E-06 0.469E-06 0.469E-06 0.469E-06 -0.745E-08 -0.745E-08 0.300E-01 0.469E-06 0.469E-06 -0.745E-08 0.469E-06 -0.745E-08 -0.745E-08 -0.745E-08 0.300E-01 0.300E-01 0.300E-01 0.469E-06 0.469E-06 0.469E-06 -0.745E-08 -0.745E-08 0.156E-06 -0.127E-06 -0.745E-08 -0.745E-08 -0.745E-08 -0.522E-07 0.156E-06 0.156E-06 -0.171E-06 -0.745E-08 -0.171E-06 0.156E-06 0.127E-06 -0.186E-06 -0.745E-08 -0.745E-08 -0.745E-08 -0.745E-08 -0.745E-08 -0.745E-08 -0.745E-08
0.300E-01 0.300E-01 0.300E-01 0.469E-06 -0.745E-08 -0.745E-08 0.300E-01 0.500E-01 0.469E-06 0.500E-01 0.300E-01 0.300E-01 0.500E-01 0.500E-01 0.500E-01 0.500E-01 0.500E-01 0.469E-06 0.469E-06 0.469E-06 0.469E-06 0.469E-06 0.300E-01 0.300E-01 0.469E-06 0.500E-01 0.469E-06 0.469E-06 -0.745E-08 -0.745E-08 -0.596E-07 0.469E-06 0.300E-01 0.300E-01 0.300E-01 0.469E-06 0.469E-06 -0.745E-08 0.500E-01 0.156E-06 0.156E-06 -0.522E-07 0.156E-06 -0.224E-07 -0.969E-07 -0.671E-07 0.156E-06 0.156E-06 -0.171E-06 0.156E-06 -0.745E-08 0.156E-06 -0.112E-06 -0.745E-08 -0.745E-08 0.671E-07 -0.745E-08 -0.745E-08 -0.745E-08 -0.745E-08 -0.745E-08
-0.745E-08 0.469E-06 -0.745E-08 -0.745E-08 -0.745E-08 -0.745E-08 -0.745E-08 -0.745E-08 -0.745E-08 0.469E-06 0.469E-06 -0.745E-08 -0.745E-08 0.469E-06 0.469E-06 -0.745E-08 -0.745E-08 0.469E-06 0.469E-06 0.469E-06 0.469E-06 0.500E-01 0.469E-06 0.500E-01 -0.745E-08 0.500E-01 -0.745E-08 -0.745E-08 -0.745E-08 -0.745E-08 0.469E-06 0. 0.300E-01 0.300E-01 0. 0. -0.447E-07 0.246E-06 0.186E-06 -0.522E-07 -0.745E-08 0.156E-06 -0.745E-08 -0.745E-08 0.224E-07 0.156E-06 -0.745E-08 -0.745E-08 -0.745E-08 -0.745E-08 0.186E-06 0.156E-06 -0.522E-07 -0.745E-08 0.156E-06 -0.745E-08 -0.745E-08 -0.745E-08 -0.745E-08 -0.745E-08 -0.745E-08
-0.745E-08 -0.745E-08 -0.745E-08 0.300E-01 0.300E-01 0.300E-01 0.300E-01 0.300E-01 0.300E-01 0.469E-06 0.469E-06 0.300E-01 0.300E-01 0.300E-01 0.300E-01 -0.745E-08 -0.745E-08 -0.745E-08 -0.745E-08 0.469E-06 0.469E-06 0.469E-06 -0.745E-08 -0.745E-08 -0.745E-08 0.300E-01 -0.745E-08 0.469E-06 -0.745E-08 0.469E-06 0.300E-01 0.300E-01 0.300E-01 0.500E-01 0.500E-01 0.469E-06 0.469E-06 0.469E-06 -0.745E-08 -0.171E-06 0.156E-06 0.156E-06 0.216E-06 0.969E-07 0.156E-06 0.156E-06 -0.745E-08 0.156E-06 -0.171E-06 -0.671E-07 0.156E-06 0.156E-06 -0.745E-08 -0.745E-08 -0.745E-08 -0.745E-08 -0.745E-08 -0.745E-08 -0.745E-08 -0.745E-08 -0.745E-08
0.300E-01 0.300E-01 0.300E-01 0.300E-01 0.300E-01 0.300E-01 0.300E-01 0.300E-01 0.300E-01 0.300E-01 0.469E-06 -0.745E-08 0.300E-01 0.300E-01 0.300E-01 0.300E-01 -0.745E-08 0.300E-01 0.300E-01 0.469E-06 0.469E-06 0.500E-01 0.469E-06 0.469E-06 0.500E-01 0.500E-01 0.500E-01 0.469E-06 0.300E-01 0.300E-01 0.300E-01 0.300E-01 0.300E-01 0.300E-01 0.300E-01 0.469E-06 0.469E-06 0.469E-06 -0.745E-08 -0.745E-08 -0.522E-07 0.156E-06 -0.171E-06 0.156E-06 -0.671E-07 0.156E-06 0.156E-06 -0.745E-08 0.156E-06 0.156E-06 0.500E-01 0.156E-06 -0.745E-08 -0.745E-08 0.156E-06 -0.745E-08 -0.745E-08 -0.745E-08 -0.745E-08 -0.745E-08 -0.745E-08
0.469E-06 0.469E-06 -0.745E-08 -0.745E-08 0.300E-01 0.300E-01 0.300E-01 0.300E-01 0.300E-01 0.300E-01 0.300E-01 0.300E-01 0.300E-01 0.300E-01 -0.745E-08 -0.745E-08 -0.745E-08 -0.745E-08 0.300E-01 0.469E-06 0.469E-06 0.500E-01 0.469E-06 0.500E-01 0.500E-01 0.100 -0.745E-08 0.469E-06 0.469E-06 0.300E-01 0.469E-06 0.300E-01 0.469E-06 0.469E-06 0.469E-06 0.469E-06 0.469E-06 0.500E-01 0.500E-01 -0.745E-08 0.745E-08 0.156E-06 0.156E-06 -0.745E-08 -0.745E-08 0.112E-06 0.156E-06 -0.522E-07 0.186E-06 0.500E-01 -0.745E-08 -0.745E-08 0.500E-01 -0.745E-08 -0.745E-08 -0.171E-06 0.500E-01 0.500E-01 0.500E-01 0.100 0.100
0.300E-01 0.300E-01 0.300E-01 0.300E-01 0.469E-06 0.300E-01 0.300E-01 0.300E-01 0.300E-01 0.300E-01 0.300E-01 0.300E-01 -0.745E-08 0.300E-01 0.300E-01 -0.745E-08 -0.745E-08 -0.745E-08 0.300E-01 0.469E-06 0.500E-01 0.469E-06 0.500E-01 0.500E-01 0.500E-01 0.500E-01 0.500E-01 0.469E-06 0.469E-06 0.300E-01 0.300E-01 0.300E-01 0.469E-06 0.469E-06 0.469E-06 0.469E-06 -0.745E-08 -0.745E-08 0.300E-01 -0.745E-08 -0.745E-08 -0.171E-06 0.156E-06 0.156E-06 -0.745E-08 0.745E-08 0.156E-06 -0.745E-08 -0.745E-08 0.500E-01 -0.745E-08 -0.745E-08 -0.745E-08 -0.745E-08 -0.745E-08 -0.745E-08 0.100 0.100 0.100 0.100 0.500E-01
0.300E-01 0.300E-01 0.300E-01 0.300E-01 0.300E-01 0.300E-01 0.469E-06 0.300E-01 -0.745E-08 -0.745E-08 -0.745E-08 -0.745E-08 -0.745E-08 -0.745E-08 -0.745E-08 -0.745E-08 0.300E-01 0.300E-01 0.300E-01 0.500E-01 0.500E-01 0.469E-06 0.500E-01 0.469E-06 0.500E-01 0.500E-01 0.500E-01 0.469E-06 0.469E-06 0.300E-01 0.300E-01 0.300E-01 0.469E-06 0.469E-06 0.469E-06 0.469E-06 -0.745E-08 -0.745E-08 0.300E-01 -0.745E-08 -0.745E-08 -0.745E-08 -0.373E-07 0.156E-06 0.500E-01 0.500E-01 0.500E-01 -0.745E-08 -0.745E-08 -0.745E-08 -0.171E-06 0.156E-06 -0.745E-08 -0.745E-08 -0.745E-08 0.500E-01 0.500E-01 0.500E-01 0.100 0.500E-01 -0.745E-08
0.300E-01 0.300E-01 0.300E-01 -0.745E-08 -0.745E-08 -0.745E-08 -0.745E-08 0.300E-01 0.300E-01 -0.745E-08 -0.745E-08 -0.745E-08 -0.745E-08 -0.745E-08 0.300E-01 -0.745E-08 -0.745E-08 0.300E-01 0.500E-01 0.469E-06 0.300E-01 0.300E-01 0.469E-06 0.469E-06 0.469E-06 0.469E-06 0.469E-06 0.469E-06 0.500E-01 0.300E-01 0.300E-01 0.300E-01 0.469E-06 0.469E-06 0.469E-06 0.469E-06 -0.745E-08 0.500E-01 0.500E-01 0.469E-06 -0.522E-07 0.156E-06 -0.745E-08 -0.745E-08 0. 0.500E-01 0.500E-01 -0.745E-08 -0.745E-08 -0.745E-08 -0.745E-08 -0.745E-08 0.500E-01 0.500E-01 -0.745E-08 0.500E-01 -0.745E-08 -0.745E-08 -0.745E-08 -0.745E-08 -0.745E-08
0.300E-01 -0.745E-08 -0.745E-08 -0.745E-08 -0.745E-08 -0.745E-08 -0.745E-08 -0.745E-08 -0.745E-08 -0.745E-08 -0.745E-08 -0.745E-08 -0.745E-08 -0.745E-08 -0.745E-08 0.300E-01 0.300E-01 0.469E-06 0.500E-01 0.469E-06 0.300E-01 0.300E-01 0.300E-01 0.300E-01 0.469E-06 0.500E-01 0.500E-01 0.469E-06 0.500E-01 0.300E-01 0.300E-01 0.300E-01 0.300E-01 0.300E-01 0.300E-01 0.300E-01 0.500E-01 0.469E-06 0.469E-06 0.186E-06 0.171E-06 -0.969E-07 -0.745E-08 0. 0. 0. -0.745E-08 -0.745E-08 -0.745E-08 -0.745E-08 -0.745E-08 -0.745E-08 -0.745E-08 -0.745E-08 0.500E-01 0.100 -0.171E-06 0.156E-06 -0.745E-08 -0.745E-08 0.127E-06
-0.745E-08 -0.745E-08 -0.745E-08 -0.745E-08 0.300E-01 -0.745E-08 -0.745E-08 -0.745E-08 -0.745E-08 -0.745E-08 -0.745E-08 -0.745E-08 -0.745E-08 -0.745E-08 -0.745E-08 0.469E-06 0.469E-06 0.500E-01 0.500E-01 0.300E-01 -0.745E-08 0.300E-01 0.300E-01 0.300E-01 0.469E-06 0.300E-01 0.300E-01 0.300E-01 0.500E-01 0.300E-01 0.300E-01 0.300E-01 0.300E-01 0.300E-01 0.300E-01 -0.745E-08 0.500E-01 0.469E-06 -0.745E-08 0.156E-06 -0.745E-08 -0.216E-06 -0.596E-07 0. -0.745E-08 -0.745E-08 0. 0. 0. -0.745E-08 -0.745E-08 0.469E-06 0.500E-01 0.156E-06 0.800E-01 0.100 0.500E-01 -0.745E-08 -0.745E-08 -0.745E-08 0.156E-06
-0.745E-08 -0.745E-08 -0.745E-08 -0.745E-08 -0.745E-08 -0.745E-08 0.300E-01 -0.745E-08 0.469E-06 -0.745E-08 -0.745E-08 0.300E-01 0.300E-01 0.300E-01 0.300E-01 0.300E-01 -0.745E-08 0.500E-01 0.469E-06 0.469E-06 0.300E-01 0.300E-01 0.300E-01 0.300E-01 0.300E-01 0.300E-01 0.300E-01 0.300E-01 0.300E-01 0.300E-01 0.300E-01 0.300E-01 0.300E-01 0.300E-01 0.300E-01 0.300E-01 0.500E-01 0.300E-01 0.500E-01 0.300E-01 0.300E-01 0.300E-01 -0.596E-07 -0.745E-08 -0.745E-08 0.500E-01 0.171E-06 0. -0.596E-07 0.469E-06 0.469E-06 -0.745E-08 -0.745E-08 0.500E-01 -0.745E-08 0.100 -0.745E-08 -0.745E-08 -0.745E-08 -0.127E-06 -0.522E-07
-0.745E-08 -0.745E-08 -0.745E-08 -0.745E-08 -0.745E-08 0.300E-01 0.300E-01 0.469E-06 -0.745E-08 -0.745E-08 0.300E-01 0.300E-01 -0.745E-08 -0.745E-08 0.300E-01 -0.745E-08 -0.745E-08 0.500E-01 0.469E-06 0.469E-06 0.469E-06 0.300E-01 0.300E-01 0.300E-01 0.300E-01 0.300E-01 0.300E-01 0.300E-01 0.300E-01 0.300E-01 0.300E-01 0.300E-01 0.300E-01 0.300E-01 0.300E-01 0.500E-01 0.100 0.100 0.100 0.100 0.300E-01 0.300E-01 0.300E-01 0.300E-01 -0.745E-08 -0.745E-08 -0.745E-08 0.156E-06 -0.596E-07 -0.745E-08 -0.745E-08 -0.745E-08 -0.745E-08 -0.596E-07 -0.745E-08 -0.745E-08 -0.745E-08 -0.745E-08 -0.745E-08 -0.745E-08 0.156E-06
-0.745E-08 -0.745E-08 -0.745E-08 -0.745E-08 0.300E-01 0.300E-01 0.300E-01 0.300E-01 0.300E-01 0.500E-01 -0.745E-08 0.300E-01 0.469E-06 0.469E-06 0.300E-01 0.469E-06 -0.745E-08 0.300E-01 0.500E-01 0.500E-01 0.469E-06 0.469E-06 0.300E-01 0.300E-01 0.300E-01 0.300E-01 0.300E-01 0.300E-01 0.300E-01 0.300E-01 0.300E-01 0.300E-01 0.300E-01 0.300E-01 0.300E-01 -0.745E-08 0.100 0.100 0.100 0.300E-01 0.300E-01 0.300E-01 0.300E-01 0.300E-01 -0.745E-08 -0.745E-08 0.500E-01 0.300E-01 0.300E-01 -0.745E-08 -0.745E-08 0.500E-01 0. 0.500E-01 0.300E-01 0.300E-01 -0.745E-08 -0.745E-08 -0.745E-08 -0.745E-08 -0.745E-08
-0.745E-08 -0.745E-08 0.300E-01 0.300E-01 0.300E-01 0.300E-01 0.300E-01 0.500E-01 0.500E-01 0.500E-01 0.469E-06 0.500E-01 0.469E-06 0.469E-06 0.300E-01 0.300E-01 0.300E-01 0.300E-01 0.300E-01 -0.745E-08 0.300E-01 0.469E-06 0.469E-06 0.469E-06 0.300E-01 0.300E-01 0.300E-01 0.300E-01 0.300E-01 0.300E-01 0.300E-01 0.300E-01 0.300E-01 0.500E-01 0.500E-01 0.500E-01 0.500E-01 0.500E-01 0.500E-01 0.300E-01 0.300E-01 0.300E-01 0.300E-01 -0.745E-08 -0.745E-08 -0.745E-08 -0.745E-08 0.300E-01 0.300E-01 0.300E-01 0.500E-01 0.500E-01 0.500E-01 0. 0. -0.745E-08 -0.745E-08 -0.745E-08 -0.745E-08 -0.745E-08 -0.745E-08
-0.745E-08 0.300E-01 0.300E-01 0.300E-01 0.300E-01 0.500E-01 0.500E-01 0.500E-01 -0.745E-08 0.500E-01 -0.745E-08 -0.745E-08 -0.745E-08 0.300E-01 0.300E-01 0.300E-01 0.300E-01 0.300E-01 0.300E-01 -0.745E-08 -0.745E-08 -0.745E-08 -0.745E-08 0.469E-06 0.300E-01 0.300E-01 0.300E-01 0.300E-01 0.300E-01 0.300E-01 0.300E-01 0.300E-01 0.300E-01 0.300E-01 0.300E-01 0.300E-01 0.300E-01 0.300E-01 -0.745E-08 0.300E-01 0.300E-01 0.300E-01 0.300E-01 -0.745E-08 -0.745E-08 0.469E-06 0.500E-01 0.300E-01 0.300E-01 0.300E-01 -0.745E-08 0.500E-01 -0.745E-08 -0.745E-08 0.300E-01 -0.745E-08 -0.745E-08 -0.745E-08 0.500E-01 -0.745E-08 -0.745E-08
0.300E-01 0.300E-01 0.300E-01 -0.745E-08 0.500E-01 0.300E-01 0.300E-01 0.500E-01 -0.745E-08 -0.745E-08 -0.745E-08 -0.745E-08 0.300E-01 0.300E-01 0.300E-01 0.300E-01 0.300E-01 0.300E-01 -0.745E-08 -0.745E-08 0.300E-01 0.300E-01 0.500E-01 0.500E-01 0.500E-01 0.300E-01 0.300E-01 0.300E-01 0.300E-01 0.300E-01 0.300E-01 0.300E-01 0.300E-01 0.300E-01 0.300E-01 0.300E-01 0.300E-01 0.300E-01 -0.745E-08 0.300E-01 0.300E-01 0.300E-01 0.300E-01 0.300E-01 0.469E-06 0.300E-01 0.300E-01 0.300E-01 0.300E-01 0.300E-01 -0.745E-08 0.500E-01 0.469E-06 -0.745E-08 0.300E-01 -0.745E-08 -0.745E-08 0.500E-01 0.500E-01 0.500E-01 -0.745E-08
0.300E-01 0.300E-01 0.300E-01 -0.745E-08 -0.745E-08 0.300E-01 0.300E-01 0.500E-01 0.300E-01 -0.745E-08 0.300E-01 0.300E-01 0.300E-01 0.300E-01 0.300E-01 0.300E-01 0.300E-01 0.300E-01 -0.745E-08 -0.745E-08 0.300E-01 0.500E-01 -0.745E-08 -0.745E-08 0.500E-01 0.300E-01 0.300E-01 0.300E-01 0.300E-01 0.300E-01 0.300E-01 0.300E-01 0.300E-01 0.300E-01 0.300E-01 0.300E-01 0.300E-01 0.300E-01 0.300E-01 0.300E-01 0.300E-01 0.300E-01 0.300E-01 0.469E-06 0.300E-01 0.300E-01 0.500E-01 0.300E-01 0.300E-01 0.300E-01 0.469E-06 0.469E-06 0.469E-06 -0.745E-08 0.300E-01 -0.745E-08 -0.745E-08 -0.745E-08 -0.745E-08 -0.745E-08 -0.745E-08
0.300E-01 0.300E-01 -0.745E-08 -0.745E-08 0.500E-01 -0.745E-08 0.300E-01 0.300E-01 0.500E-01 -0.745E-08 0.500E-01 0.300E-01 0.300E-01 -0.745E-08 -0.745E-08 0.300E-01 0.300E-01 -0.745E-08 -0.745E-08 -0.745E-08 -0.745E-08 0.300E-01 -0.745E-08 -0.745E-08 0.300E-01 0.300E-01 0.300E-01 0.300E-01 0.300E-01 0.300E-01 0.300E-01 0.300E-01 0.300E-01 0.500E-01 0.300E-01 0.300E-01 0.300E-01 0.300E-01 0.300E-01 0.300E-01 0.300E-01 0.300E-01 0.300E-01 0.469E-06 -0.745E-08 -0.745E-08 0.500E-01 0.300E-01 0.300E-01 0.300E-01 0.500E-01 0.469E-06 -0.745E-08 -0.745E-08 0.300E-01 -0.745E-08 -0.745E-08 -0.745E-08 0.300E-01 -0.745E-08 -0.745E-08
0.300E-01 0.300E-01 -0.745E-08 0.500E-01 -0.745E-08 -0.745E-08 0.300E-01 -0.745E-08 0.500E-01 0.100 0.100 0.300E-01 0.300E-01 0.300E-01 0.300E-01 0.300E-01 0.300E-01 0.300E-01 -0.745E-08 -0.745E-08 -0.745E-08 -0.745E-08 0.300E-01 0.300E-01 0.469E-06 0.300E-01 0.300E-01 0.300E-01 0.300E-01 0.300E-01 0.300E-01 0.300E-01 0.469E-06 0.469E-06 0.469E-06 -0.745E-08 0.300E-01 0.300E-01 0.500E-01 -0.745E-08 -0.745E-08 0.300E-01 0.300E-01 0.300E-01 -0.745E-08 0.469E-06 0.500E-01 0.300E-01 0.300E-01 0.500E-01 0.500E-01 0.500E-01 -0.745E-08 -0.745E-08 0.300E-01 0.469E-06 -0.745E-08 0.300E-01 0.300E-01 -0.745E-08 -0.745E-08
0.300E-01 0.300E-01 0.300E-01 0.100 0.100 0.100 0.500E-01 0.500E-01 0.100 0.100 0.100 -0.745E-08 -0.745E-08 0.300E-01 0.300E-01 0.300E-01 0.300E-01 -0.745E-08 -0.745E-08 -0.745E-08 -0.745E-08 0.300E-01 0.469E-06 0.469E-06 0.300E-01 0.300E-01 0.300E-01 0.300E-01 0.300E-01 0.300E-01 0.300E-01 0.300E-01 0.300E-01 0.469E-06 0.469E-06 -0.745E-08 0.300E-01 0.300E-01 -0.745E-08 -0.745E-08 -0.745E-08 0.300E-01 0.300E-01 0.300E-01 0.500E-01 0.469E-06 0.469E-06 0.500E-01 0.469E-06 0.469E-06 0.300E-01 0.469E-06 -0.745E-08 -0.745E-08 -0.745E-08 0.469E-06 0.469E-06 0.300E-01 -0.745E-08 -0.745E-08 -0.745E-08
0.300E-01 0.300E-01 0.300E-01 0.100 0.100 0.500E-01 0.300E-01 0.500E-01 0.100 0.100 0.100 0.500E-01 -0.745E-08 0.300E-01 0.300E-01 -0.745E-08 -0.745E-08 -0.745E-08 -0.745E-08 -0.745E-08 -0.745E-08 0.300E-01 0.469E-06 0.300E-01 0.300E-01 0.300E-01 0.300E-01 0.300E-01 0.300E-01 0.300E-01 0.300E-01 0.300E-01 0.300E-01 0.469E-06 0.469E-06 -0.745E-08 0.300E-01 -0.745E-08 -0.745E-08 -0.745E-08 -0.745E-08 0.300E-01 0.300E-01 0.469E-06 0.469E-06 0.469E-06 0.469E-06 0.469E-06 0.469E-06 0.469E-06 0.500E-01 0.469E-06 0.469E-06 -0.745E-08 -0.745E-08 0.469E-06 0.300E-01 0.500E-01 -0.745E-08 -0.745E-08 -0.745E-08
0.500E-01 -0.745E-08 0.300E-01 0.100 0.100 0.100 0.300E-01 0.500E-01 0.500E-01 0.100 0.100 -0.745E-08 0.300E-01 0.300E-01 -0.745E-08 -0.745E-08 -0.745E-08 -0.745E-08 -0.745E-08 -0.745E-08 -0.745E-08 0.300E-01 0.469E-06 0.300E-01 0.300E-01 0.300E-01 0.300E-01 0.300E-01 0.300E-01 0.300E-01 0.300E-01 0.300E-01 0.300E-01 -0.745E-08 -0.745E-08 0.500E-01 -0.745E-08 -0.745E-08 -0.745E-08 -0.745E-08 -0.745E-08 0.300E-01 0.469E-06 -0.745E-08 -0.745E-08 0.469E-06 0.469E-06 0.469E-06 0.469E-06 -0.745E-08 0.500E-01 0.500E-01 0.469E-06 0.469E-06 0.469E-06 -0.745E-08 0.300E-01 0.300E-01 -0.745E-08 -0.745E-08 0.500E-01
0.500E-01 0.300E-01 0.500E-01 0.100 0.100 0.100 0.500E-01 0.500E-01 0.500E-01 0.100 0.100 0.500E-01 0.300E-01 0.300E-01 -0.745E-08 -0.745E-08 -0.745E-08 -0.745E-08 -0.745E-08 -0.745E-08 0.469E-06 0.469E-06 0.469E-06 0.469E-06 0.300E-01 0.300E-01 0.300E-01 0.300E-01 0.300E-01 0.300E-01 0.300E-01 0.300E-01 0.300E-01 -0.745E-08 0.300E-01 0.300E-01 -0.745E-08 0.300E-01 -0.745E-08 0.300E-01 -0.745E-08 -0.745E-08 0.469E-06 0.500E-01 -0.745E-08 0.469E-06 0.469E-06 -0.745E-08 0.300E-01 0.300E-01 0.500E-01 0.500E-01 0.469E-06 0.500E-01 -0.745E-08 0.300E-01 0.300E-01 0.300E-01 0.469E-06 -0.745E-08 0.500E-01
0.500E-01 0.500E-01 0.100 0.100 0.100 0.100 0.100 0.100 0.100 0.100 0.100 0.300E-01 0.300E-01 -0.745E-08 0.300E-01 -0.745E-08 0.500E-01 0.500E-01 0.300E-01 0.469E-06 0.469E-06 0.469E-06 -0.745E-08 0.469E-06 0.300E-01 0.300E-01 0.300E-01 0.300E-01 0.300E-01 0.300E-01 0.300E-01 0.300E-01 0.300E-01 0.300E-01 0.300E-01 -0.745E-08 -0.745E-08 0.300E-01 -0.745E-08 -0.745E-08 -0.745E-08 -0.745E-08 -0.745E-08 0.500E-01 -0.745E-08 -0.745E-08 -0.745E-08 0.469E-06 0.300E-01 0.300E-01 -0.745E-08 0.500E-01 0.469E-06 0.500E-01 0.300E-01 0.300E-01 -0.745E-08 -0.745E-08 0.469E-06 0.469E-06 -0.745E-08
0.500E-01 0.300E-01 0.100 0.100 0.100 0.100 0.100 0.100 0.100 0.100 0.100 -0.745E-08 0.500E-01 -0.745E-08 -0.745E-08 -0.745E-08 -0.745E-08 -0.745E-08 0.300E-01 0.300E-01 0.300E-01 0.300E-01 0.300E-01 0.500E-01 0.469E-06 0.469E-06 0.300E-01 0.300E-01 0.300E-01 0.300E-01 0.300E-01 0.300E-01 0.300E-01 0.300E-01 0.300E-01 0.300E-01 -0.745E-08 0.300E-01 -0.745E-08 0.300E-01 -0.745E-08 -0.745E-08 0.469E-06 -0.745E-08 -0.745E-08 -0.745E-08 -0.745E-08 0.500E-01 0.300E-01 -0.745E-08 -0.745E-08 0.500E-01 0.500E-01 0.469E-06 -0.745E-08 0.300E-01 -0.745E-08 -0.745E-08 -0.745E-08 0.469E-06 -0.745E-08
0.100 0.500E-01 -0.745E-08 0.100 0.100 0.500E-01 0.500E-01 0.500E-01 0.500E-01 0.500E-01 0.500E-01 0.500E-01 0.500E-01 -0.745E-08 -0.745E-08 0.500E-01 0.500E-01 -0.745E-08 0.300E-01 0.469E-06 -0.745E-08 0.300E-01 0.300E-01 0.500E-01 0.500E-01 0.469E-06 0.469E-06 0.300E-01 0.300E-01 0.300E-01 0.300E-01 0.300E-01 0.300E-01 0.300E-01 0.300E-01 0.300E-01 -0.745E-08 0.300E-01 -0.745E-08 0.300E-01 -0.745E-08 0.469E-06 -0.745E-08 -0.745E-08 -0.745E-08 -0.745E-08 -0.745E-08 0.500E-01 0.500E-01 -0.745E-08 -0.745E-08 0.500E-01 -0.745E-08 -0.745E-08 -0.745E-08 0.300E-01 0.300E-01 -0.745E-08 -0.745E-08 -0.745E-08 0.469E-06
