share/VS_Project/swb/x64/Debug/MASS_BALANCE_08_31_1989.asc
NCOLS        340
NROWS        316
XLLCORNER     528502.530
YLLCORNER     274871.653
CELLSIZE        100.000
NODATA_VALUE    -9999.000
[rows 81 to 107 of 316, columns 122 to 182 of 340]
0.596E-07 -0.395E-06 -0.156E-06 -0.536E-06 0.300E-01 0.179E-06 0.201E-06 0.500E-01 0.300E-01 -0.596E-07 0.500E-01 0.500E-01 0.500E-01 0.500E-01 -0.395E-06 0.201E-06 -0.276E-06 -0.276E-06 -0.276E-06 -0.156E-06 0.300E-01 0.300E-01 0.300E-01 -0.395E-06 0.500E-01 0.500E-01 0.100 0.100 0.100 0.500E-01 0.300E-01 0.500E-01 0.300E-01 0.500E-01 0.500E-01 0.500E-01 0.500E-01 0.500E-01 0.500E-01 0.500E-01 -0.298E-06 0.500E-01 0.500E-01 0.500E-01 0.500E-01 -0.536E-06 -0.298E-06 -0.536E-06 -0.536E-06 0.500E-01 0.417E-06 -0.536E-06 -0.536E-06 0.500E-01 0.201E-06 0.820E-07 0.500E-01 0.500E-01 0.500E-01 0.820E-07 0.179E-06
-0.156E-06 -0.156E-06 -0.775E-06 -0.298E-06 0.300E-01 0.500E-01 0.500E-01 0.179E-06 0.300E-01 -0.596E-07 0.201E-06 0.100 0.100 0.500E-01 0.800E-01 0.800E-01 -0.395E-06 -0.276E-06 -0.276E-06 -0.276E-06 0.300E-01 0.300E-01 0.300E-01 0.500E-01 0.100 0.100 0.500E-01 -0.298E-06 -0.298E-06 0.500E-01 0.500E-01 -0.298E-06 -0.536E-06 0.500E-01 -0.536E-06 0.201E-06 0.500E-01 0.500E-01 -0.536E-06 -0.179E-06 -0.536E-06 -0.536E-06 0.500E-01 0.500E-01 -0.596E-07 0.179E-06 0.179E-06 0.179E-06 -0.536E-06 0.500E-01 -0.536E-06 -0.536E-06 -0.536E-06 -0.395E-06 -0.179E-06 0.201E-06 0.100 0.100 0.500E-01 -0.536E-06 -0.417E-06
-0.536E-06 -0.596E-07 0.500E-01 -0.536E-06 0.500E-01 -0.536E-06 -0.156E-06 -0.298E-06 0.300E-01 -0.298E-06 -0.596E-07 0.500E-01 -0.156E-06 -0.298E-06 0.201E-06 0.800E-01 -0.298E-06 0.500E-01 0.300E-01 0.500E-01 0.500E-01 0.300E-01 0.500E-01 0.320E-06 0.500E-01 0.100 0.100 0.500E-01 -0.179E-06 0.500E-01 0.100 0.500E-01 0.417E-06 -0.156E-06 -0.298E-06 0.300E-01 0.300E-01 0.100 0.500E-01 0.500E-01 -0.536E-06 -0.536E-06 -0.596E-07 -0.536E-06 -0.596E-07 -0.536E-06 0.300E-01 0.417E-06 -0.536E-06 -0.536E-06 -0.536E-06 -0.596E-07 -0.156E-06 -0.373E-07 0.566E-06 -0.775E-06 0.566E-06 0.500E-01 0.209E-06 -0.298E-07 -0.536E-06
-0.536E-06 0.300E-01 -0.536E-06 0.500E-01 0.500E-01 -0.179E-06 0.179E-06 -0.298E-06 0.300E-01 -0.596E-07 0.201E-06 -0.156E-06 -0.775E-06 0.820E-07 0.800E-01 0.800E-01 -0.298E-06 0.500E-01 0.500E-01 0.500E-01 0.100 0.500E-01 -0.156E-06 0.201E-06 0.500E-01 0.500E-01 0.500E-01 0.500E-01 0.179E-06 0.500E-01 0.100 0.500E-01 -0.373E-07 -0.536E-06 -0.514E-06 0.300E-01 0.300E-01 0.300E-01 0.500E-01 0.500E-01 0.500E-01 -0.156E-06 0.500E-01 -0.536E-06 -0.596E-07 -0.596E-07 0.300E-01 0.300E-01 -0.536E-06 -0.536E-06 0.417E-06 -0.298E-06 -0.276E-06 0.201E-06 -0.298E-06 -0.775E-06 0.300E-01 0.500E-01 -0.395E-06 -0.156E-06 -0.395E-06
0.500E-01 -0.536E-06 0.300E-01 0.500E-01 0.500E-01 -0.536E-06 0.179E-06 -0.298E-06 -0.298E-06 -0.298E-06 -0.536E-06 0.500E-01 0.500E-01 0.500E-01 0.800E-01 0.201E-06 -0.179E-06 0.500E-01 0.500E-01 0.500E-01 0.500E-01 0.500E-01 -0.156E-06 0.201E-06 -0.753E-06 -0.753E-06 0.201E-06 -0.276E-06 0.201E-06 0.500E-01 0.500E-01 0.500E-01 0.201E-06 0.300E-01 0.500E-01 0.300E-01 0.500E-01 0.500E-01 0.500E-01 0.100 0.100 0.100 0.100 0.500E-01 0.500E-01 -0.596E-07 0.179E-06 0.417E-06 -0.536E-06 -0.536E-06 -0.536E-06 -0.536E-06 -0.536E-06 -0.298E-06 -0.298E-06 -0.276E-06 0.300E-01 0.300E-01 0.201E-06 -0.395E-06 -0.596E-07
-0.536E-06 0.500E-01 0.179E-06 -0.536E-06 -0.536E-06 -0.298E-06 -0.298E-06 -0.298E-06 -0.298E-06 0.596E-07 0.500E-01 0.500E-01 -0.596E-07 0.100 0.500E-01 -0.753E-06 0.500E-01 0.100 0.100 0.500E-01 0.500E-01 0.100 0.300E-01 0.201E-06 0.300E-01 -0.276E-06 -0.753E-06 0.115E-05 0.115E-05 0.115E-05 0.115E-05 0.115E-05 0.500E-01 0.500E-01 0.500E-01 0.100 0.100 0.100 0.100 0.500E-01 0.500E-01 0.500E-01 -0.276E-06 0.500E-01 0.100 0.500E-01 0.300E-01 0.300E-01 0.300E-01 -0.536E-06 -0.596E-07 -0.596E-07 -0.536E-06 -0.536E-06 -0.298E-06 0.500E-01 -0.864E-06 0.300E-01 0.500E-01 0.500E-01 0.179E-06
0.500E-01 0.300E-01 0.417E-06 -0.596E-07 -0.298E-06 0.500E-01 0.500E-01 0.500E-01 -0.298E-06 0.596E-07 0.500E-01 0.500E-01 -0.179E-06 0.300E-01 0.300E-01 0.820E-07 0.820E-07 0.100 0.100 0.500E-01 -0.596E-07 0.100 0.100 0.100 0.300E-01 0.300E-01 0.820E-07 0.115E-05 0.500E-01 0.201E-06 0.115E-05 0.320E-06 0.500E-01 0.100 0.100 0.100 0.100 0.100 0.100 0.500E-01 0.500E-01 0.500E-01 -0.596E-07 0.201E-06 0.100 -0.156E-06 0.300E-01 0.300E-01 0.300E-01 -0.536E-06 0.179E-06 0.179E-06 -0.276E-06 -0.276E-06 -0.864E-06 -0.864E-06 0.500E-01 0.300E-01 0.300E-01 0.500E-01 0.500E-01
0.300E-01 0.300E-01 -0.536E-06 0.179E-06 0.596E-07 0.500E-01 0.500E-01 0.100 0.500E-01 0.500E-01 0.500E-01 -0.536E-06 0.179E-06 0.500E-01 0.300E-01 0.500E-01 -0.596E-07 0.100 0.100 0.100 0.500E-01 0.100 0.100 0.100 0.300E-01 0.500E-01 0.500E-01 0.500E-01 0.500E-01 0.320E-06 0.115E-05 0.500E-01 0.100 0.100 0.100 0.100 0.100 0.100 0.100 0.500E-01 -0.536E-06 0.500E-01 0.500E-01 -0.395E-06 0.100 0.500E-01 -0.298E-06 0.300E-01 0.300E-01 -0.536E-06 -0.536E-06 -0.596E-07 -0.536E-06 -0.536E-06 0.500E-01 0.300E-01 0.500E-01 0.500E-01 0.300E-01 0.500E-01 0.100
0.500E-01 -0.298E-06 0.300E-01 0.300E-01 0.300E-01 0.500E-01 0.500E-01 -0.536E-06 -0.156E-06 -0.536E-06 -0.596E-07 -0.596E-07 0.500E-01 0.100 0.500E-01 0.500E-01 0.100 0.100 0.100 0.100 0.100 0.100 0.100 0.500E-01 -0.298E-06 0.800E-01 0.100 0.100 0.100 0.320E-06 0.115E-05 0.300E-01 0.100 0.100 0.100 0.100 0.500E-01 0.500E-01 0.500E-01 0.500E-01 -0.298E-06 0.300E-01 0.500E-01 0.179E-06 0.500E-01 0.500E-01 0.179E-06 0.300E-01 0.300E-01 -0.596E-07 -0.536E-06 -0.596E-07 0.179E-06 -0.536E-06 -0.536E-06 0.104E-05 0.500E-01 0.201E-06 -0.596E-07 0.500E-01 0.500E-01
0.500E-01 0.179E-06 0.300E-01 0.300E-01 0.596E-07 0.500E-01 0.100 0.500E-01 0.500E-01 -0.596E-07 -0.596E-07 -0.536E-06 0.100 0.100 0.100 0.100 0.100 0.100 0.100 0.100 0.100 0.100 0.100 -0.298E-06 0.300E-01 0.100 0.100 0.100 0.500E-01 0.500E-01 0.201E-06 0.678E-06 0.100 0.100 0.100 0.500E-01 0.500E-01 -0.536E-06 -0.536E-06 -0.536E-06 -0.536E-06 0.300E-01 -0.596E-07 -0.179E-06 -0.298E-06 -0.298E-06 0.656E-06 0.300E-01 0.300E-01 0.300E-01 0.417E-06 0.500E-01 0.500E-01 0.500E-01 0.500E-01 0.894E-07 0.500E-01 0.300E-01 -0.536E-06 0.300E-01 0.209E-06
0.500E-01 0.417E-06 0.300E-01 0.300E-01 -0.596E-07 0.500E-01 0.119E-06 0.500E-01 0.500E-01 0.201E-06 0.596E-07 0.500E-01 0.100 0.100 0.100 0.100 0.100 0.100 0.100 0.100 0.100 0.100 0.100 0.500E-01 0.500E-01 0.500E-01 0.100 0.100 0.100 0.500E-01 0.100 0.201E-06 0.300E-01 0.100 0.100 0.100 0.500E-01 0.656E-06 -0.276E-06 -0.536E-06 -0.596E-07 -0.536E-06 -0.536E-06 -0.596E-07 -0.298E-06 0.417E-06 0.300E-01 0.300E-01 0.300E-01 0.300E-01 -0.536E-06 -0.536E-06 -0.536E-06 -0.536E-06 0.894E-07 -0.156E-06 -0.514E-06 0.300E-01 -0.536E-06 0.500E-01 0.500E-01
0.100 -0.596E-07 0.300E-01 0.300E-01 -0.596E-07 -0.298E-06 -0.298E-06 0.179E-06 -0.417E-06 -0.298E-06 0.500E-01 0.500E-01 0.100 0.100 0.100 0.100 0.100 0.100 0.100 0.100 0.100 0.100 0.100 0.500E-01 0.100 0.300E-01 -0.298E-06 0.100 0.100 0.500E-01 0.100 0.100 0.300E-01 0.300E-01 0.100 0.100 0.100 0.500E-01 -0.596E-07 -0.298E-06 -0.596E-07 -0.536E-06 0.500E-01 -0.536E-06 -0.536E-06 -0.298E-06 -0.536E-06 0.500E-01 0.300E-01 -0.536E-06 -0.596E-07 -0.298E-06 0.894E-07 0.500E-01 0.500E-01 0.500E-01 0.300E-01 0.300E-01 0.300E-01 0.500E-01 0.500E-01
0.100 0.179E-06 0.300E-01 0.440E-06 -0.596E-07 0.300E-01 0.300E-01 0.300E-01 0.300E-01 0.417E-06 0.820E-07 0.500E-01 0.100 0.100 0.100 0.100 0.100 0.300E-01 0.300E-01 0.300E-01 0.100 0.100 0.100 0.100 0.100 0.300E-01 -0.395E-06 0.100 0.100 0.500E-01 0.100 0.100 0.500E-01 0.500E-01 0.300E-01 0.500E-01 0.500E-01 -0.596E-07 0.500E-01 -0.596E-07 0.500E-01 -0.596E-07 0.440E-06 -0.536E-06 -0.536E-06 -0.536E-06 -0.536E-06 -0.536E-06 -0.596E-07 -0.298E-06 -0.298E-06 0.596E-07 -0.596E-07 0.500E-01 0.500E-01 0.500E-01 0.500E-01 -0.298E-06 -0.395E-06 -0.298E-06 0.500E-01
0.100 0.179E-06 0.300E-01 0.300E-01 0.300E-01 0.300E-01 0.300E-01 0.300E-01 0.300E-01 -0.179E-06 0.500E-01 0.201E-06 0.100 0.100 0.100 0.100 0.300E-01 -0.298E-06 -0.298E-06 0.500E-01 0.100 0.100 0.100 0.100 0.100 0.300E-01 0.500E-01 0.100 0.100 0.100 0.100 0.100 0.100 0.100 0.500E-01 0.100 0.100 0.500E-01 -0.536E-06 -0.596E-07 -0.536E-06 0.201E-06 0.440E-06 -0.536E-06 0.500E-01 -0.179E-06 -0.536E-06 -0.536E-06 0.300E-01 0.300E-01 0.300E-01 0.500E-01 -0.536E-06 0.500E-01 -0.417E-06 0.500E-01 0.500E-01 -0.156E-06 0.201E-06 -0.395E-06 0.500E-01
0.100 -0.596E-07 0.300E-01 0.300E-01 0.300E-01 0.300E-01 -0.298E-06 -0.298E-06 0.500E-01 -0.395E-06 -0.395E-06 0.500E-01 0.100 0.500E-01 0.500E-01 0.500E-01 0.500E-01 0.300E-01 0.100 0.100 0.100 0.100 0.100 0.100 0.500E-01 0.300E-01 0.500E-01 0.100 0.100 0.100 0.100 0.500E-01 -0.536E-06 0.500E-01 0.500E-01 0.100 0.100 0.100 -0.156E-06 0.201E-06 0.201E-06 -0.276E-06 0.201E-06 -0.536E-06 -0.536E-06 -0.536E-06 0.300E-01 0.300E-01 0.300E-01 0.300E-01 0.300E-01 -0.536E-06 -0.536E-06 -0.276E-06 0.100 0.500E-01 0.656E-06 0.179E-06 0.820E-07 -0.298E-06 0.179E-06
-0.753E-06 0.300E-01 0.300E-01 0.300E-01 0.300E-01 0.500E-01 0.500E-01 0.500E-01 -0.395E-06 -0.395E-06 0.500E-01 0.300E-01 0.179E-06 0.300E-01 0.300E-01 0.300E-01 0.300E-01 0.500E-01 0.100 0.100 0.100 0.100 0.100 0.100 0.100 0.300E-01 0.500E-01 0.100 0.100 0.100 0.100 0.500E-01 0.500E-01 -0.156E-06 -0.156E-06 0.100 0.100 0.100 0.100 0.100 0.500E-01 0.201E-06 -0.536E-06 -0.276E-06 0.201E-06 -0.536E-06 -0.298E-06 0.201E-06 0.201E-06 0.300E-01 0.300E-01 -0.536E-06 -0.596E-07 0.100 0.500E-01 0.500E-01 0.500E-01 0.500E-01 0.500E-01 0.500E-01 0.500E-01
-0.753E-06 0.745E-07 0.201E-06 -0.189E-04 0.300E-01 0.500E-01 0.500E-01 0.500E-01 -0.156E-06 0.300E-01 -0.536E-06 0.300E-01 0.300E-01 0.300E-01 0.300E-01 0.500E-01 0.500E-01 0.100 0.100 0.100 0.100 0.500E-01 0.500E-01 0.500E-01 0.500E-01 0.300E-01 0.500E-01 0.500E-01 0.500E-01 0.100 0.100 0.500E-01 0.500E-01 -0.536E-06 -0.373E-07 0.500E-01 0.100 0.100 0.500E-01 0.500E-01 0.500E-01 0.201E-06 -0.395E-06 -0.276E-06 -0.156E-06 -0.156E-06 -0.298E-06 0.201E-06 0.300E-01 0.300E-01 0.300E-01 -0.596E-07 -0.536E-06 -0.298E-06 -0.298E-06 0.500E-01 0.500E-01 0.500E-01 0.500E-01 0.100 0.100
-0.164E-06 0.745E-07 0.201E-06 -0.189E-04 -0.298E-06 0.440E-06 0.500E-01 -0.156E-06 0.300E-01 0.300E-01 0.300E-01 0.300E-01 0.300E-01 0.500E-01 0.500E-01 0.100 0.100 0.100 0.100 0.100 0.100 0.100 -0.156E-06 0.500E-01 0.500E-01 -0.156E-06 -0.156E-06 -0.536E-06 -0.596E-07 0.500E-01 0.500E-01 0.500E-01 -0.536E-06 -0.536E-06 -0.536E-06 -0.156E-06 -0.276E-06 0.100 0.100 0.500E-01 0.500E-01 0.179E-06 0.179E-06 0.500E-01 -0.775E-06 -0.775E-06 0.201E-06 0.201E-06 -0.179E-06 -0.596E-07 -0.596E-07 -0.156E-06 -0.514E-06 -0.536E-06 -0.156E-06 0.500E-01 0.300E-01 0.300E-01 0.500E-01 0.209E-06 -0.298E-07
-0.164E-06 -0.447E-07 0.300E-01 -0.189E-04 0.201E-06 0.179E-06 0.500E-01 -0.536E-06 0.300E-01 0.300E-01 0.300E-01 0.300E-01 0.500E-01 0.300E-01 -0.298E-07 0.100 0.500E-01 0.500E-01 0.500E-01 0.500E-01 0.100 0.500E-01 0.500E-01 0.201E-06 -0.156E-06 0.100 0.100 0.500E-01 -0.596E-07 -0.156E-06 -0.156E-06 -0.536E-06 -0.536E-06 -0.156E-06 -0.276E-06 -0.298E-06 -0.395E-06 -0.395E-06 -0.395E-06 0.201E-06 0.201E-06 0.201E-06 0.201E-06 0.201E-06 0.500E-01 -0.536E-06 0.300E-01 0.300E-01 0.300E-01 0.300E-01 0.300E-01 0.300E-01 0.894E-07 0.179E-06 -0.775E-06 -0.596E-07 0.500E-01 -0.156E-06 -0.298E-06 0.179E-06 -0.864E-06
0.179E-06 -0.164E-06 0.300E-01 0.116E-04 0.201E-06 0.820E-07 0.209E-06 -0.536E-06 0.300E-01 0.300E-01 -0.298E-06 0.500E-01 0.500E-01 -0.156E-06 0.201E-06 0.500E-01 -0.298E-07 -0.395E-06 0.100 0.100 0.500E-01 -0.156E-06 -0.373E-07 0.500E-01 0.100 0.100 0.100 0.300E-01 -0.596E-07 -0.156E-06 -0.156E-06 -0.373E-07 -0.536E-06 0.500E-01 0.500E-01 -0.395E-06 -0.298E-06 -0.298E-06 -0.298E-06 -0.596E-07 -0.536E-06 -0.596E-07 0.300E-01 -0.596E-07 -0.596E-07 -0.536E-06 0.300E-01 0.300E-01 -0.536E-06 -0.536E-06 0.300E-01 0.300E-01 -0.156E-06 0.209E-06 0.113E-05 -0.536E-06 -0.395E-06 0.500E-01 -0.395E-06 -0.298E-07 0.179E-06
-0.164E-06 0.745E-07 0.300E-01 0.116E-04 0.300E-01 0.320E-06 -0.536E-06 0.500E-01 0.300E-01 -0.298E-06 0.440E-06 0.300E-01 0.500E-01 0.179E-06 0.500E-01 0.500E-01 0.500E-01 0.300E-01 0.500E-01 0.500E-01 0.100 0.100 0.100 0.100 0.100 0.100 0.100 0.500E-01 -0.536E-06 -0.156E-06 0.201E-06 -0.753E-06 0.500E-01 0.500E-01 0.500E-01 -0.156E-06 -0.276E-06 -0.156E-06 0.500E-01 0.500E-01 -0.298E-06 0.179E-06 -0.536E-06 0.179E-06 0.500E-01 -0.156E-06 -0.596E-07 -0.536E-06 -0.596E-07 -0.536E-06 -0.156E-06 -0.536E-06 0.300E-01 0.300E-01 -0.775E-06 0.417E-06 -0.298E-06 -0.395E-06 -0.298E-06 -0.298E-07 0.417E-06
-0.164E-06 -0.164E-06 0.300E-01 0.116E-04 0.201E-06 0.300E-01 -0.775E-06 -0.775E-06 -0.276E-06 -0.596E-07 0.300E-01 0.300E-01 0.300E-01 0.500E-01 0.209E-06 0.500E-01 0.500E-01 0.300E-01 0.500E-01 0.100 0.100 0.100 0.100 0.100 0.500E-01 0.100 0.100 0.500E-01 -0.156E-06 -0.276E-06 -0.156E-06 0.500E-01 -0.156E-06 0.500E-01 0.500E-01 0.201E-06 -0.276E-06 0.201E-06 -0.298E-06 -0.514E-06 -0.395E-06 0.417E-06 -0.395E-06 0.440E-06 -0.156E-06 -0.156E-06 -0.514E-06 -0.596E-07 -0.298E-06 0.179E-06 0.656E-06 -0.536E-06 0.300E-01 -0.156E-06 0.500E-01 0.201E-06 0.201E-06 0.201E-06 -0.298E-06 -0.395E-06 -0.298E-06
-0.164E-06 0.745E-07 0.201E-06 0.116E-04 0.300E-01 0.300E-01 0.300E-01 -0.298E-06 -0.276E-06 0.300E-01 0.300E-01 0.300E-01 0.300E-01 0.800E-01 0.800E-01 -0.395E-06 0.179E-06 0.500E-01 0.500E-01 0.100 0.100 0.500E-01 0.100 -0.298E-06 0.500E-01 0.100 0.100 0.500E-01 -0.156E-06 0.500E-01 0.500E-01 0.100 -0.156E-06 0.179E-06 0.820E-07 0.179E-06 0.500E-01 -0.156E-06 0.179E-06 0.201E-06 -0.395E-06 -0.596E-07 -0.276E-06 0.100 0.500E-01 0.100 0.500E-01 0.179E-06 0.300E-01 0.300E-01 0.300E-01 0.300E-01 0.300E-01 -0.156E-06 0.201E-06 0.500E-01 -0.775E-06 0.820E-07 -0.395E-06 0.500E-01 0.500E-01
-0.164E-06 0.745E-07 0.201E-06 -0.373E-07 0.116E-04 0.500E-01 0.300E-01 0.300E-01 0.300E-01 0.300E-01 0.300E-01 0.300E-01 0.500E-01 0.800E-01 0.500E-01 0.300E-01 0.300E-01 0.500E-01 0.100 0.500E-01 -0.536E-06 0.300E-01 0.300E-01 0.500E-01 0.100 0.100 0.100 0.500E-01 0.500E-01 0.500E-01 0.500E-01 0.500E-01 -0.156E-06 -0.536E-06 -0.775E-06 0.300E-01 0.500E-01 -0.156E-06 0.300E-01 0.300E-01 -0.156E-06 -0.298E-06 0.300E-01 0.500E-01 0.500E-01 0.500E-01 0.500E-01 0.300E-01 0.300E-01 0.300E-01 0.300E-01 0.300E-01 0.300E-01 -0.298E-06 0.300E-01 0.300E-01 0.500E-01 0.100 0.500E-01 0.500E-01 0.500E-01
-0.164E-06 -0.298E-06 0.179E-06 0.320E-06 0.116E-04 0.201E-06 -0.276E-06 0.300E-01 0.300E-01 0.300E-01 0.300E-01 0.500E-01 0.500E-01 0.800E-01 0.800E-01 0.300E-01 0.300E-01 0.800E-01 0.500E-01 -0.536E-06 0.300E-01 0.300E-01 0.500E-01 0.500E-01 0.500E-01 0.500E-01 0.100 0.500E-01 0.500E-01 -0.775E-06 0.500E-01 -0.536E-06 -0.156E-06 -0.536E-06 -0.775E-06 -0.395E-06 -0.395E-06 0.201E-06 0.300E-01 0.300E-01 0.300E-01 0.300E-01 0.500E-01 0.500E-01 -0.156E-06 -0.156E-06 -0.536E-06 -0.536E-06 -0.536E-06 -0.536E-06 -0.536E-06 -0.298E-06 -0.596E-07 0.300E-01 0.300E-01 0.300E-01 0.500E-01 0.100 0.100 0.500E-01 0.500E-01
-0.164E-06 -0.164E-06 0.179E-06 -0.417E-06 0.116E-04 0.116E-04 0.300E-01 -0.596E-07 0.300E-01 -0.596E-07 0.300E-01 0.500E-01 0.800E-01 0.100 0.800E-01 -0.298E-06 0.300E-01 -0.395E-06 0.179E-06 0.300E-01 0.300E-01 0.500E-01 0.500E-01 -0.156E-06 -0.156E-06 0.500E-01 0.100 0.500E-01 0.500E-01 0.300E-01 0.500E-01 -0.156E-06 -0.156E-06 -0.536E-06 -0.171E-05 0.300E-01 0.300E-01 0.300E-01 0.300E-01 0.300E-01 0.300E-01 0.300E-01 -0.298E-06 0.500E-01 0.500E-01 0.500E-01 0.179E-06 0.201E-06 0.179E-06 0.300E-01 -0.536E-06 0.300E-01 -0.536E-06 -0.536E-06 -0.156E-06 -0.536E-06 -0.373E-07 0.500E-01 0.500E-01 0.100 0.500E-01
-0.164E-06 -0.164E-06 -0.298E-06 -0.298E-06 0.201E-06 0.116E-04 0.300E-01 -0.477E-06 0.300E-01 0.300E-01 0.179E-06 -0.156E-06 0.194E-06 0.797E-06 -0.536E-06 -0.417E-06 0.300E-01 -0.298E-06 0.300E-01 0.300E-01 0.800E-01 0.500E-01 0.500E-01 0.201E-06 0.100 0.100 0.100 0.100 0.100 0.300E-01 0.300E-01 -0.395E-06 0.656E-06 0.300E-01 0.300E-01 0.300E-01 0.300E-01 0.300E-01 0.300E-01 -0.395E-06 0.500E-01 0.500E-01 0.500E-01 0.500E-01 0.500E-01 0.300E-01 -0.373E-07 0.417E-06 0.300E-01 0.300E-01 0.300E-01 0.300E-01 0.194E-06 0.201E-06 -0.156E-06 -0.536E-06 -0.596E-07 -0.395E-06 -0.536E-06 -0.395E-06 0.100
