share/VS_Project/swb/x64/Debug/MASS_BALANCE_05_23_1990.asc
NCOLS        340
NROWS        316
XLLCORNER     528502.530
YLLCORNER     274871.653
CELLSIZE        100.000
NODATA_VALUE    -9999.000
[rows 81 to 107 of 316, columns 62 to 123 of 340]
0.500E-01 0.500E-01 0.100 0.100 0.500E-01 0.298E-07 0.298E-07 0.298E-07 0.500E-01 0.100 0.100 0.100 0.100 0.500E-01 0.500E-01 0.500E-01 0.500E-01 0.500E-01 0.500E-01 0.100 0.500E-01 0.100 0.100 0.500E-01 0.300E-01 0.298E-07 0.300E-01 0.100 0.100 0.100 0.100 0.100 0.100 0.500E-01 0.298E-07 0.298E-07 0.104E-06 0.298E-07 0.300E-01 0.300E-01 0.298E-07 0.298E-07 0.298E-07 0.298E-07 0.300E-01 0.300E-01 0.298E-07 0.500E-01 0.500E-01 0.500E-01 0.500E-01 0.500E-01 0.100 0.100 0.100 0.100 0.100 0.500E-01 0.100 0.500E-01 0.298E-07 0.298E-07
0.100 0.298E-07 0.100 0.100 0.100 0.298E-07 0.298E-07 0.298E-07 0.298E-07 0.100 0.100 0.100 0.500E-01 0.298E-07 0.300E-01 0.300E-01 0.100 0.500E-01 0.100 0.100 0.100 0.500E-01 0.100 0.500E-01 0.298E-07 0.298E-07 0.500E-01 0.100 0.100 0.100 0.100 0.100 0.500E-01 0.298E-07 0.298E-07 0.298E-07 0.300E-01 0.298E-07 0.298E-07 0.300E-01 0.300E-01 0.298E-07 0.298E-07 0.298E-07 0.300E-01 0.300E-01 0.300E-01 0.298E-07 0.500E-01 0.500E-01 0.298E-07 0.298E-07 0.500E-01 0.298E-07 0.298E-07 0.500E-01 0.298E-07 0.298E-07 0.500E-01 0.500E-01 0.298E-07 0.298E-07
0.500E-01 0.298E-07 0.100 0.100 0.500E-01 0.298E-07 0.298E-07 0.100 0.298E-07 0.100 0.100 0.500E-01 0.500E-01 0.500E-01 0.500E-01 0.100 0.500E-01 0.298E-07 0.298E-07 0.100 0.100 0.500E-01 0.100 0.500E-01 0.298E-07 0.298E-07 0.500E-01 0.100 0.100 0.100 0.100 0.298E-07 0.298E-07 0.298E-07 0.300E-01 0.500E-01 0.500E-01 -0.209E-06 0.298E-07 0.298E-07 0.298E-07 0.298E-07 0.298E-07 0.298E-07 0.300E-01 0.300E-01 0.300E-01 0.298E-07 0.300E-01 0.500E-01 0.500E-01 0.500E-01 0.500E-01 0.300E-01 0.300E-01 0.300E-01 0.500E-01 0.500E-01 0.100 0.500E-01 0.298E-07 0.298E-07
0.298E-07 0.500E-01 0.100 0.100 0.500E-01 0.500E-01 0.100 0.100 0.100 0.100 0.100 0.100 0.100 0.100 0.500E-01 0.500E-01 0.100 0.298E-07 0.298E-07 0.500E-01 0.100 0.500E-01 0.500E-01 0.298E-07 0.298E-07 0.298E-07 0.500E-01 0.100 0.100 0.500E-01 0.298E-07 0.298E-07 0.500E-01 0.500E-01 0.500E-01 0.500E-01 0.500E-01 0.134E-06 0.300E-01 0.298E-07 0.298E-07 0.300E-01 0.298E-07 0.298E-07 0.300E-01 0.300E-01 0.300E-01 0.298E-07 0.298E-07 0.500E-01 0.298E-07 0.298E-07 0.300E-01 0.300E-01 0.300E-01 0.300E-01 0.500E-01 0.500E-01 0.100 0.298E-07 0.298E-07 0.300E-01
0.500E-01 0.100 0.100 0.100 0.298E-07 0.500E-01 0.100 0.100 0.100 0.100 0.100 0.500E-01 0.100 0.100 0.500E-01 0.300E-01 0.500E-01 0.298E-07 0.298E-07 0.298E-07 0.300E-01 0.298E-07 0.298E-07 0.298E-07 0.298E-07 0.298E-07 0.500E-01 0.500E-01 0.500E-01 0.298E-07 0.300E-01 0.500E-01 0.100 0.100 0.100 0.100 0.500E-01 0.500E-01 0.300E-01 0.300E-01 0.300E-01 0.300E-01 0.298E-07 0.298E-07 0.300E-01 0.300E-01 0.300E-01 0.298E-07 0.500E-01 0.298E-07 0.298E-07 0.298E-07 0.300E-01 0.300E-01 0.300E-01 0.300E-01 0.298E-07 0.500E-01 0.100 0.500E-01 0.500E-01 0.298E-07
0.100 0.100 0.100 0.100 0.100 0.298E-07 0.100 0.100 0.100 0.100 0.100 0.298E-07 0.500E-01 0.500E-01 0.298E-07 0.500E-01 0.500E-01 0.298E-07 0.298E-07 0.298E-07 0.298E-07 0.298E-07 0.298E-07 0.298E-07 0.298E-07 0.298E-07 0.298E-07 0.500E-01 0.100 0.100 0.500E-01 0.300E-01 0.100 0.100 0.100 0.500E-01 0.500E-01 0.298E-07 0.298E-07 0.300E-01 0.300E-01 0.300E-01 0.298E-07 0.298E-07 0.300E-01 0.300E-01 0.300E-01 0.298E-07 0.298E-07 0.298E-07 0.298E-07 0.298E-07 0.500E-01 0.500E-01 0.300E-01 0.300E-01 0.500E-01 0.500E-01 0.500E-01 0.500E-01 0.298E-07 0.500E-01
0.500E-01 0.500E-01 0.100 0.100 0.500E-01 0.298E-07 0.100 0.100 0.500E-01 0.100 0.100 0.100 0.500E-01 0.500E-01 0.298E-07 0.298E-07 0.298E-07 0.298E-07 0.300E-01 0.300E-01 0.300E-01 0.300E-01 0.298E-07 0.298E-07 0.298E-07 0.298E-07 0.298E-07 0.500E-01 0.100 0.100 0.100 0.100 0.100 0.100 0.100 0.298E-07 0.298E-07 0.298E-07 0.298E-07 0.300E-01 0.300E-01 0.300E-01 0.300E-01 0.300E-01 0.300E-01 0.300E-01 0.300E-01 0.298E-07 0.298E-07 0.298E-07 0.298E-07 0.298E-07 0.500E-01 0.100 0.500E-01 0.500E-01 0.298E-07 0.298E-07 0.298E-07 0.298E-07 0.500E-01 0.300E-01
0.500E-01 0.500E-01 0.100 0.100 0.500E-01 0.500E-01 0.100 0.100 0.298E-07 0.100 0.100 0.500E-01 0.500E-01 0.500E-01 0.298E-07 0.298E-07 0.298E-07 0.298E-07 0.298E-07 0.298E-07 0.298E-07 0.298E-07 0.300E-01 0.300E-01 0.300E-01 0.300E-01 0.298E-07 0.500E-01 0.100 0.100 0.500E-01 0.100 0.100 0.100 0.800E-01 0.298E-07 0.300E-01 0.300E-01 0.298E-07 0.298E-07 0.298E-07 0.300E-01 0.300E-01 0.500E-01 0.298E-07 0.300E-01 0.300E-01 0.298E-07 0.298E-07 0.298E-07 0.298E-07 0.300E-01 0.500E-01 0.100 0.100 0.500E-01 0.298E-07 0.298E-07 0.298E-07 0.298E-07 0.300E-01 0.300E-01
0.100 0.100 0.500E-01 0.100 0.100 0.100 0.100 0.100 0.298E-07 0.500E-01 0.500E-01 0.500E-01 0.500E-01 0.500E-01 0.298E-07 0.298E-07 0.298E-07 0.500E-01 0.298E-07 0.298E-07 0.298E-07 0.500E-01 0.500E-01 0.300E-01 0.300E-01 0.300E-01 0.298E-07 0.298E-07 0.298E-07 0.800E-01 0.100 0.500E-01 0.800E-01 0.298E-07 0.298E-07 0.300E-01 0.300E-01 0.298E-07 0.298E-07 0.298E-07 0.298E-07 0.300E-01 0.300E-01 0.300E-01 0.298E-07 0.298E-07 0.298E-07 0.298E-07 0.298E-07 0.300E-01 0.300E-01 0.500E-01 0.100 0.100 0.100 0.100 0.500E-01 0.300E-01 0.500E-01 0.500E-01 0.500E-01 0.298E-07
0.500E-01 0.100 0.100 0.100 0.100 0.100 0.100 0.100 0.298E-07 0.298E-07 0.298E-07 0.500E-01 0.500E-01 0.100 0.298E-07 0.298E-07 0.298E-07 0.298E-07 0.298E-07 0.500E-01 0.298E-07 0.300E-01 0.300E-01 0.300E-01 0.300E-01 0.298E-07 0.298E-07 0.298E-07 0.298E-07 0.298E-07 0.298E-07 0.298E-07 0.298E-07 0.298E-07 0.298E-07 0.300E-01 0.300E-01 0.298E-07 0.298E-07 0.298E-07 0.298E-07 0.300E-01 0.300E-01 0.300E-01 0.224E-07 0.298E-07 0.298E-07 0.298E-07 0.300E-01 0.300E-01 0.500E-01 0.500E-01 0.100 0.100 0.100 0.100 0.298E-07 0.500E-01 0.100 0.100 0.500E-01 0.298E-07
0.100 0.100 0.100 0.100 0.100 0.100 0.100 0.100 0.298E-07 0.298E-07 0.298E-07 0.500E-01 0.500E-01 0.100 0.500E-01 0.298E-07 0.298E-07 0.298E-07 0.298E-07 0.500E-01 0.298E-07 0.300E-01 0.300E-01 0.300E-01 0.300E-01 0.300E-01 0.298E-07 0.298E-07 0.298E-07 0.298E-07 0.298E-07 0.298E-07 0.298E-07 0.300E-01 0.300E-01 0.300E-01 0.300E-01 0.500E-01 0.500E-01 0.500E-01 0.300E-01 0.300E-01 0.300E-01 0.300E-01 0.300E-01 -0.119E-06 0.300E-01 0.298E-07 0.298E-07 0.300E-01 0.300E-01 0.500E-01 0.298E-07 0.100 0.300E-01 0.300E-01 0.300E-01 0.500E-01 0.100 0.100 0.500E-01 0.298E-07
0.100 0.100 0.100 0.100 0.100 0.100 0.100 0.500E-01 0.298E-07 0.298E-07 0.298E-07 0.500E-01 0.100 0.500E-01 0.500E-01 0.298E-07 0.298E-07 0.300E-01 0.300E-01 0.298E-07 0.100 0.500E-01 0.500E-01 0.298E-07 0.300E-01 0.298E-07 0.300E-01 0.300E-01 0.300E-01 0.300E-01 0.300E-01 0.298E-07 0.300E-01 0.300E-01 0.300E-01 0.500E-01 0.100 0.800E-01 0.500E-01 0.500E-01 0.300E-01 0.300E-01 0.300E-01 0.300E-01 0.300E-01 -0.671E-07 0.300E-01 0.298E-07 0.298E-07 0.298E-07 0.300E-01 0.300E-01 0.300E-01 0.300E-01 0.300E-01 0.300E-01 0.500E-01 0.100 0.100 0.100 0.100 0.298E-07
0.100 0.100 0.100 0.100 0.100 0.100 0.500E-01 0.500E-01 0.298E-07 0.298E-07 0.298E-07 0.298E-07 0.500E-01 0.100 0.100 0.500E-01 0.100 0.500E-01 0.500E-01 0.300E-01 0.298E-07 0.298E-07 0.298E-07 0.298E-07 0.300E-01 0.300E-01 0.300E-01 0.300E-01 0.300E-01 0.300E-01 0.300E-01 0.298E-07 0.300E-01 0.300E-01 0.500E-01 0.500E-01 0.100 0.800E-01 0.800E-01 0.298E-07 0.298E-07 0.300E-01 0.300E-01 0.300E-01 0.300E-01 0.300E-01 -0.231E-06 0.300E-01 0.500E-01 0.373E-07 0.298E-06 0.300E-01 0.300E-01 0.298E-07 0.298E-07 0.500E-01 0.100 0.100 0.100 0.100 0.100 0.298E-07
0.100 0.100 0.100 0.100 0.100 0.500E-01 0.298E-07 0.298E-07 0.298E-07 0.298E-07 0.298E-07 0.298E-07 0.298E-07 0.100 0.100 0.100 0.100 0.100 0.100 0.500E-01 0.298E-07 0.298E-07 0.298E-07 0.298E-07 0.300E-01 0.300E-01 0.300E-01 0.300E-01 0.300E-01 0.300E-01 0.300E-01 0.298E-07 0.298E-07 0.298E-07 0.500E-01 0.500E-01 0.300E-01 0.298E-07 0.800E-01 0.298E-07 0.298E-07 0.300E-01 0.300E-01 0.300E-01 0.300E-01 0.300E-01 0.300E-01 0.300E-01 0.300E-01 0.300E-01 0.462E-06 -0.395E-06 0.298E-07 0.298E-07 0.500E-01 0.100 0.100 0.100 0.100 0.100 0.100 0.298E-07
0.100 0.100 0.500E-01 0.100 0.100 0.100 0.298E-07 0.298E-07 0.298E-07 0.298E-07 0.500E-01 0.100 0.298E-07 0.500E-01 0.100 0.298E-07 0.298E-07 0.500E-01 0.500E-01 0.298E-07 0.298E-07 0.298E-07 0.300E-01 0.300E-01 0.300E-01 0.300E-01 0.300E-01 0.500E-01 0.300E-01 0.300E-01 0.300E-01 0.298E-07 0.298E-07 0.298E-07 0.298E-07 0.298E-07 0.298E-07 0.298E-07 0.500E-01 0.298E-07 0.298E-07 0.300E-01 0.300E-01 0.300E-01 0.300E-01 0.300E-01 0.300E-01 0.300E-01 0.300E-01 0.300E-01 0.298E-07 0.300E-01 -0.209E-06 0.134E-06 0.100 0.100 0.100 0.100 0.100 0.100 0.100 0.298E-07
0.100 0.100 0.500E-01 0.100 0.100 0.500E-01 0.298E-07 0.298E-07 0.298E-07 0.500E-01 0.100 0.100 0.100 0.500E-01 0.100 0.100 0.298E-07 0.298E-07 0.298E-07 0.298E-07 0.298E-07 0.300E-01 0.300E-01 0.300E-01 0.300E-01 0.500E-01 0.500E-01 0.500E-01 0.298E-07 0.298E-07 0.298E-07 0.298E-07 0.298E-07 0.298E-07 0.298E-07 0.298E-07 0.298E-07 0.298E-07 0.298E-07 0.298E-07 0.298E-07 0.298E-07 0.300E-01 0.300E-01 0.300E-01 0.300E-01 0.300E-01 0.300E-01 0.300E-01 0.300E-01 0.300E-01 0.298E-07 0.298E-07 0.500E-01 0.298E-07 0.500E-01 0.500E-01 0.500E-01 0.500E-01 0.100 -0.350E-06 0.300E-01
0.100 0.100 0.500E-01 0.298E-07 0.500E-01 0.298E-07 0.298E-07 0.298E-07 0.298E-07 0.298E-07 0.100 0.100 0.100 0.500E-01 0.298E-07 0.500E-01 0.298E-07 0.298E-07 0.298E-07 0.298E-07 0.298E-07 0.298E-07 0.298E-07 0.300E-01 0.300E-01 0.500E-01 0.100 0.300E-01 0.500E-01 0.500E-01 0.500E-01 0.500E-01 0.500E-01 0.500E-01 0.500E-01 0.300E-01 0.300E-01 0.300E-01 0.300E-01 0.298E-07 0.298E-07 0.298E-07 0.298E-07 0.300E-01 0.300E-01 0.300E-01 0.300E-01 0.298E-07 0.298E-07 0.298E-07 0.298E-07 0.298E-07 0.300E-01 0.300E-01 0.300E-01 0.298E-07 0.298E-07 0.298E-07 0.298E-07 0.500E-01 -0.425E-06 -0.119E-06
0.500E-01 0.500E-01 0.500E-01 0.298E-07 0.298E-07 0.298E-07 0.298E-07 0.298E-07 0.100 0.100 0.100 0.500E-01 0.100 0.500E-01 0.298E-07 0.298E-07 0.500E-01 0.298E-07 0.298E-07 0.298E-07 0.298E-07 0.800E-01 0.500E-01 0.300E-01 0.300E-01 0.300E-01 0.100 0.500E-01 0.300E-01 0.100 0.100 0.100 0.500E-01 0.298E-07 0.298E-07 0.300E-01 0.300E-01 0.300E-01 0.300E-01 0.298E-07 0.298E-07 0.298E-07 0.298E-07 0.300E-01 0.300E-01 0.300E-01 0.300E-01 0.300E-01 0.298E-07 0.298E-07 0.298E-07 0.298E-07 0.298E-07 0.300E-01 0.500E-01 0.298E-07 0.298E-07 -0.298E-07 -0.119E-06 -0.671E-07 -0.298E-07 0.179E-06
0.500E-01 0.298E-07 0.500E-01 0.500E-01 0.500E-01 0.298E-07 0.500E-01 0.500E-01 0.500E-01 0.500E-01 0.298E-07 0.500E-01 0.298E-07 0.500E-01 0.500E-01 0.500E-01 0.298E-07 0.298E-07 0.298E-07 0.298E-07 0.800E-01 0.500E-01 0.100 0.300E-01 0.300E-01 0.500E-01 0.100 0.300E-01 0.500E-01 0.100 0.100 0.500E-01 0.298E-07 0.298E-07 0.298E-07 0.300E-01 0.300E-01 0.300E-01 0.300E-01 0.298E-07 0.298E-07 0.298E-07 0.298E-07 0.298E-07 0.300E-01 0.300E-01 0.300E-01 0.300E-01 0.800E-01 0.800E-01 0.298E-07 0.298E-07 0.298E-07 0.300E-01 0.300E-01 0.500E-01 0.500E-01 0.119E-06 -0.596E-07 0.298E-07 -0.522E-07 -0.298E-07
0.500E-01 0.298E-07 0.100 0.100 0.100 0.100 0.100 0.500E-01 0.298E-07 0.298E-07 0.298E-07 0.298E-07 0.298E-07 0.500E-01 0.500E-01 0.500E-01 0.298E-07 0.298E-07 0.298E-07 0.298E-07 0.500E-01 0.100 0.100 0.300E-01 0.300E-01 0.300E-01 0.100 0.500E-01 0.100 0.100 0.100 0.100 0.300E-01 0.298E-07 0.298E-07 0.300E-01 0.300E-01 0.300E-01 0.300E-01 0.300E-01 0.300E-01 0.300E-01 0.300E-01 0.300E-01 0.300E-01 0.300E-01 0.300E-01 0.300E-01 0.300E-01 0.800E-01 0.800E-01 0.298E-07 0.298E-07 0.298E-07 0.298E-07 0.298E-07 0.300E-01 0.298E-07 0.298E-07 0.298E-07 0.179E-06 0.134E-06
0.100 0.500E-01 0.100 0.100 0.100 0.100 0.100 0.298E-07 0.298E-07 0.298E-07 0.298E-07 0.298E-07 0.500E-01 0.100 0.500E-01 0.500E-01 0.100 0.100 0.500E-01 0.500E-01 0.100 0.100 0.100 0.500E-01 0.100 0.100 0.100 0.100 0.300E-01 0.500E-01 0.100 0.298E-07 0.300E-01 0.300E-01 0.300E-01 0.298E-07 0.300E-01 0.300E-01 0.300E-01 0.300E-01 0.298E-07 0.298E-07 0.300E-01 0.300E-01 0.300E-01 0.300E-01 0.300E-01 0.300E-01 0.300E-01 0.298E-07 0.298E-07 0.300E-01 0.300E-01 0.300E-01 0.300E-01 0.298E-07 0.300E-01 0.300E-01 0.298E-07 0.298E-07 -0.820E-07 0.969E-07
0.100 0.100 0.100 0.100 0.100 0.100 0.100 0.100 0.100 0.500E-01 0.298E-07 0.500E-01 0.500E-01 0.298E-07 0.298E-07 0.100 0.100 0.100 0.500E-01 0.100 0.100 0.100 0.100 0.100 0.100 0.100 0.100 0.100 0.300E-01 0.300E-01 0.300E-01 0.300E-01 0.300E-01 0.300E-01 0.298E-07 0.500E-01 0.500E-01 0.298E-07 0.298E-07 0.298E-07 0.298E-07 0.298E-07 0.300E-01 0.300E-01 0.300E-01 0.300E-01 0.300E-01 0.300E-01 0.298E-07 0.298E-07 0.298E-07 0.300E-01 0.300E-01 0.300E-01 0.300E-01 0.300E-01 0.300E-01 0.298E-07 0.298E-07 0.298E-07 -0.156E-06 -0.127E-06
0.100 0.100 0.100 0.100 0.100 0.100 0.100 0.100 0.100 0.298E-07 0.298E-07 0.298E-07 0.298E-07 0.298E-07 0.500E-01 0.100 0.100 0.100 0.100 0.100 0.100 0.100 0.100 0.100 0.100 0.100 0.100 0.100 0.100 0.300E-01 0.300E-01 0.300E-01 0.300E-01 0.300E-01 0.300E-01 0.500E-01 0.298E-07 0.298E-07 0.298E-07 0.298E-07 0.300E-01 0.300E-01 0.300E-01 0.300E-01 0.300E-01 0.300E-01 0.800E-01 0.300E-01 0.300E-01 0.300E-01 0.300E-01 0.300E-01 0.300E-01 0.300E-01 0.300E-01 0.300E-01 0.300E-01 0.298E-07 0.298E-07 0.298E-07 0.171E-06 -0.969E-07
0.100 0.100 0.100 0.100 0.100 0.100 0.100 0.100 0.500E-01 0.500E-01 0.298E-07 0.298E-07 0.298E-07 0.298E-07 0.500E-01 0.100 0.100 0.100 0.100 0.100 0.100 0.100 0.100 0.100 0.100 0.500E-01 0.298E-07 0.500E-01 0.500E-01 0.300E-01 0.300E-01 0.300E-01 0.300E-01 0.298E-07 0.298E-07 0.500E-01 0.298E-07 0.298E-07 0.298E-07 0.298E-07 0.300E-01 0.300E-01 0.300E-01 0.300E-01 0.300E-01 0.800E-01 0.800E-01 0.300E-01 0.300E-01 0.300E-01 0.300E-01 0.300E-01 0.300E-01 0.300E-01 0.300E-01 0.300E-01 0.300E-01 0.298E-07 0.298E-07 0.298E-07 0.171E-06 0.373E-07
0.500E-01 0.100 0.500E-01 0.500E-01 0.500E-01 0.500E-01 0.500E-01 0.300E-01 0.298E-07 0.298E-07 0.298E-07 0.100 0.500E-01 0.500E-01 0.500E-01 0.500E-01 0.500E-01 0.100 0.100 0.100 0.100 0.100 0.100 0.298E-07 0.298E-07 0.500E-01 0.300E-01 0.300E-01 0.300E-01 0.300E-01 0.300E-01 0.298E-07 0.500E-01 0.300E-01 0.500E-01 0.100 0.100 0.298E-07 0.298E-07 0.300E-01 0.300E-01 0.300E-01 0.300E-01 0.300E-01 0.300E-01 0.100 0.100 0.500E-01 0.300E-01 0.300E-01 0.500E-01 0.298E-07 0.300E-01 0.300E-01 0.298E-07 0.300E-01 0.500E-01 0.298E-07 0.298E-07 0.298E-07 0.112E-06 -0.171E-06
0.500E-01 0.100 0.500E-01 0.298E-07 0.500E-01 0.298E-07 0.500E-01 0.500E-01 0.500E-01 0.500E-01 0.100 0.100 0.100 0.100 0.298E-07 0.298E-07 0.298E-07 0.298E-07 0.500E-01 0.500E-01 0.100 0.100 0.100 0.500E-01 0.298E-07 0.500E-01 0.300E-01 0.300E-01 0.298E-07 0.298E-07 0.298E-07 0.300E-01 0.500E-01 0.300E-01 0.298E-07 0.298E-07 0.298E-07 0.298E-07 0.298E-07 0.300E-01 0.300E-01 0.300E-01 0.300E-01 0.300E-01 0.300E-01 0.100 0.100 0.500E-01 0.298E-07 0.500E-01 0.800E-01 0.500E-01 0.300E-01 0.300E-01 0.298E-07 0.298E-07 0.300E-01 0.500E-01 0.500E-01 0.298E-07 -0.596E-07 0.112E-06
0.500E-01 0.298E-07 0.298E-07 0.100 0.100 0.298E-07 0.100 0.100 0.100 0.100 0.100 0.100 0.100 0.100 0.500E-01 0.500E-01 0.500E-01 0.298E-07 0.298E-07 0.500E-01 0.500E-01 0.100 0.100 0.500E-01 0.500E-01 0.500E-01 0.500E-01 0.298E-07 0.500E-01 0.500E-01 0.298E-07 0.300E-01 0.298E-07 0.300E-01 0.300E-01 0.500E-01 0.500E-01 0.298E-07 0.300E-01 0.300E-01 0.300E-01 0.300E-01 0.500E-01 0.500E-01 0.500E-01 0.500E-01 0.100 0.500E-01 0.298E-07 0.500E-01 0.800E-01 0.800E-01 0.298E-07 0.298E-07 0.298E-07 0.300E-01 0.500E-01 0.500E-01 -0.671E-07 0.298E-07 -0.298E-07 -0.596E-07
