share/VS_Project/swb/x64/Debug/MASS_BALANCE_06_28_1990.asc
NCOLS        340
NROWS        316
XLLCORNER     528502.530
YLLCORNER     274871.653
CELLSIZE        100.000
NODATA_VALUE    -9999.000
[rows 252 to 279 of 316, columns 63 to 125 of 340]
-0.238E-06 -0.358E-06 0.596E-06 -0.238E-06 0.119E-06 -0.358E-06 0.119E-06 0.119E-06 -0.358E-06 -0.238E-06 0.119E-06 0.119E-06 -0.358E-06 -0.238E-06 0.500E-01 0.500E-01 0.500E-01 0.500E-01 0.500E-01 0.500E-01 0.596E-06 0.119E-06 0.119E-06 0.119E-06 0.119E-06 0.119E-06 0.119E-06 0.119E-06 0.119E-06 -0.358E-06 0.119E-06 0.500E-01 -0.238E-06 0.300E-01 0.300E-01 0.300E-01 0.300E-01 0.119E-06 -0.238E-06 0.300E-01 0.300E-01 0. 0.300E-01 0.300E-01 0. 0.119E-06 0.119E-06 0.500E-01 0.358E-06 0.500E-01 0.119E-06 0.119E-06 0.231E-06 0.119E-06 0.238E-06 -0.358E-06 -0.745E-08 -0.745E-08 -0.127E-06 0.119E-06 -0.358E-06 -0.745E-08 -0.246E-06
-0.238E-06 0.500E-01 0.346E-05 0.119E-06 0.119E-06 0.500E-01 -0.119E-06 0.119E-06 0.596E-06 0.500E-01 0.119E-06 0.119E-06 -0.119E-06 -0.358E-06 0.119E-06 0.500E-01 -0.119E-06 -0.238E-06 0.119E-06 0.300E-01 0. 0.300E-01 0.300E-01 0.300E-01 0.119E-06 0.119E-06 0.596E-06 0.119E-06 0.119E-06 0.358E-06 0.500E-01 0.358E-06 0.119E-06 0.300E-01 0.300E-01 0.300E-01 0.300E-01 -0.238E-06 0.300E-01 0.300E-01 0.300E-01 0.300E-01 -0.119E-06 0.231E-06 0.300E-01 0.300E-01 0.238E-06 0.300E-01 0.300E-01 0.119E-06 0.119E-06 0.119E-06 -0.745E-08 -0.596E-06 0.358E-06 0.119E-06 0.358E-06 0.231E-06 0.238E-06 0.119E-06 -0.358E-06 -0.358E-06 0.596E-06
-0.238E-06 -0.238E-06 0.500E-01 0.500E-01 0.358E-06 -0.238E-06 -0.358E-06 0.119E-06 0.119E-06 0.500E-01 -0.238E-06 0.119E-06 0.119E-06 0.119E-06 0.500E-01 0.596E-06 -0.238E-06 0.119E-06 0.119E-06 -0.238E-06 0.119E-06 0.119E-06 0.119E-06 0.119E-06 0.500E-01 0.119E-06 -0.834E-06 -0.834E-06 -0.238E-06 -0.238E-06 0.500E-01 0. 0.500E-01 0.300E-01 0.300E-01 0.300E-01 0.300E-01 -0.238E-06 -0.358E-06 0.300E-01 0.238E-06 0.300E-01 0.300E-01 0.119E-06 -0.596E-06 -0.238E-06 0. -0.238E-06 0.119E-06 0.119E-06 -0.119E-06 0. 0.119E-06 -0.834E-06 0.119E-06 0.119E-06 0.119E-06 -0.358E-06 -0.238E-06 0.119E-06 0.596E-06 0.834E-06 -0.127E-06
-0.238E-06 -0.238E-06 -0.238E-06 0.500E-01 0.346E-05 -0.358E-06 -0.238E-06 -0.238E-06 -0.238E-06 -0.131E-05 -0.238E-06 -0.238E-06 0.119E-06 0.119E-06 0.119E-06 0.500E-01 -0.119E-06 0.119E-06 0.119E-06 0.119E-06 0.119E-06 0.358E-06 0.300E-01 0.300E-01 0.500E-01 -0.119E-06 -0.274E-05 0. 0.119E-06 -0.477E-06 0.119E-06 -0.238E-06 0.119E-06 0.300E-01 0.300E-01 0.300E-01 0.300E-01 0.119E-06 -0.238E-06 0.300E-01 -0.358E-06 0.596E-06 0.300E-01 0.300E-01 0.119E-06 0.119E-06 0. -0.238E-06 0.119E-06 0. 0.119E-06 0.231E-06 0.119E-06 -0.238E-06 0.596E-06 0.119E-06 0.119E-06 -0.238E-06 0.119E-06 0.119E-06 0. 0.119E-06 -0.745E-08
0.100 -0.238E-06 -0.238E-06 -0.238E-06 0.500E-01 0.203E-05 0.119E-06 -0.238E-06 -0.238E-06 -0.131E-05 -0.238E-06 0.119E-06 -0.238E-06 0.119E-06 0.500E-01 0.500E-01 0.119E-06 0.119E-06 -0.358E-06 0.119E-06 0.119E-06 0.119E-06 0.119E-06 0.300E-01 0.500E-01 -0.238E-06 0.500E-01 0.500E-01 0.500E-01 -0.477E-06 0.119E-06 -0.238E-06 0.119E-06 0.300E-01 0.300E-01 0.300E-01 0.300E-01 -0.834E-06 -0.238E-06 0.300E-01 0.119E-06 -0.834E-06 0.300E-01 0.300E-01 0.119E-06 -0.358E-06 0.119E-06 -0.238E-06 0.358E-06 0.119E-06 -0.238E-06 -0.238E-06 0. 0.119E-06 0.119E-06 0.119E-06 0.119E-06 0.119E-06 -0.238E-06 0.300E-01 0. -0.127E-06 -0.745E-08
0.100 0.500E-01 0.100 0.100 0.500E-01 0.500E-01 -0.596E-06 -0.238E-06 0.119E-06 -0.358E-06 0.119E-06 -0.238E-06 0.500E-01 0.100 0.100 0.119E-06 -0.238E-06 -0.238E-06 0.596E-06 -0.119E-06 0.119E-06 -0.358E-06 -0.238E-06 0.300E-01 0.119E-06 -0.131E-05 0.358E-06 0.119E-06 -0.238E-06 0.119E-06 -0.238E-06 -0.238E-06 0.119E-06 0.300E-01 0.300E-01 0.300E-01 0.300E-01 -0.119E-06 0.300E-01 0.300E-01 -0.238E-06 0.500E-01 0.500E-01 0.358E-06 -0.358E-06 0.477E-06 0.300E-01 0.119E-06 0.119E-06 0.119E-06 0.231E-06 0.119E-06 0.119E-06 0.119E-06 0.596E-06 -0.119E-06 0.119E-06 -0.238E-06 -0.131E-05 -0.358E-06 0. 0.119E-06 0.119E-06
0.500E-01 0.500E-01 0.500E-01 0.500E-01 0.500E-01 -0.358E-06 -0.834E-06 0.500E-01 0.119E-06 -0.834E-06 0.500E-01 0.119E-06 -0.358E-06 0.100 0.100 0.119E-06 0.119E-06 0.119E-06 0.119E-06 -0.358E-06 0.596E-06 0.119E-06 -0.238E-06 0.119E-06 -0.834E-06 0.500E-01 0.500E-01 0.500E-01 0.119E-06 0.119E-06 -0.238E-06 -0.358E-06 -0.238E-06 -0.358E-06 0.300E-01 0.300E-01 0.300E-01 0.596E-06 -0.834E-06 0.300E-01 0.300E-01 0.500E-01 0.500E-01 0.119E-06 0.119E-06 0.119E-06 0.300E-01 0.300E-01 0.119E-06 -0.119E-06 0.596E-06 -0.834E-06 -0.119E-06 0.119E-06 -0.238E-06 -0.131E-05 -0.238E-06 -0.238E-06 0.155E-05 0. 0.119E-06 0.119E-06 -0.358E-06
0.500E-01 0.500E-01 0.500E-01 0.500E-01 -0.238E-06 0.119E-06 0.596E-06 0.500E-01 -0.238E-06 0.100 0.100 -0.238E-06 0.500E-01 0.100 0.500E-01 0.119E-06 -0.119E-06 -0.119E-06 -0.358E-06 0.500E-01 0.500E-01 0. 0.119E-06 -0.358E-06 0. -0.238E-06 -0.238E-06 -0.238E-06 0.119E-06 -0.238E-06 -0.238E-06 -0.596E-06 -0.358E-06 -0.238E-06 -0.358E-06 -0.119E-06 -0.238E-06 -0.238E-06 -0.238E-06 0.300E-01 0.500E-01 0.358E-06 0.119E-06 0.119E-06 0.119E-06 0.119E-06 -0.238E-06 0.300E-01 0.358E-06 0.358E-06 0.119E-06 0.119E-06 0.119E-06 -0.131E-05 0.119E-06 -0.131E-05 -0.238E-06 -0.358E-06 0.119E-06 0.119E-06 0.119E-06 0.119E-06 -0.358E-06
0.119E-06 -0.238E-06 -0.238E-06 0.500E-01 0.100 0.100 0.500E-01 0.500E-01 0.119E-06 0.100 0.100 0.100 0.500E-01 0.100 0.500E-01 0.119E-06 0.500E-01 0.500E-01 0.119E-06 0.119E-06 -0.238E-06 -0.238E-06 0.500E-01 0.500E-01 0.231E-06 -0.238E-06 -0.119E-06 0.358E-06 0.119E-06 -0.238E-06 -0.238E-06 -0.358E-06 -0.358E-06 0.119E-06 -0.238E-06 -0.131E-05 -0.238E-06 -0.238E-06 -0.238E-06 -0.238E-06 0.119E-06 0.119E-06 0.500E-01 0.500E-01 0.358E-06 -0.358E-06 -0.238E-06 0.300E-01 0.119E-06 0.119E-06 0.119E-06 -0.238E-06 0.500E-01 0.238E-06 -0.834E-06 -0.834E-06 0.119E-06 -0.358E-06 -0.238E-06 0.119E-06 -0.119E-06 0.119E-06 -0.131E-05
-0.358E-06 -0.358E-06 0.596E-06 0.100 0.100 0.100 0.500E-01 0.100 0.500E-01 0.100 0.100 0.500E-01 -0.358E-06 0.500E-01 0.119E-06 -0.119E-06 0.300E-01 0.231E-06 0.119E-06 0.238E-06 0.119E-06 0.238E-06 0.500E-01 0.500E-01 0.119E-06 0.596E-06 -0.238E-06 0.500E-01 0.500E-01 -0.238E-06 -0.238E-06 -0.358E-06 0.596E-06 0.119E-06 -0.238E-06 0.596E-06 -0.238E-06 0.119E-06 0.119E-06 0.119E-06 0.500E-01 0.500E-01 0.500E-01 0.500E-01 0. 0.119E-06 -0.238E-06 0.300E-01 -0.119E-06 -0.238E-06 -0.246E-06 -0.238E-06 0.119E-06 0.119E-06 0.119E-06 0.119E-06 0.346E-05 0. 0.119E-06 0.119E-06 -0.358E-06 -0.834E-06 0.
0.119E-06 0.100 0.100 0.100 0.100 0.500E-01 0.500E-01 -0.238E-06 -0.238E-06 0.500E-01 0.100 0.100 0.238E-06 -0.238E-06 0.500E-01 0.231E-06 0.238E-06 0. -0.238E-06 0.119E-06 0.500E-01 -0.238E-06 0.500E-01 0.119E-06 0.119E-06 0.119E-06 0.119E-06 0.119E-06 -0.358E-06 -0.238E-06 -0.238E-06 -0.358E-06 0.119E-06 -0.358E-06 -0.238E-06 0.596E-06 -0.238E-06 0.119E-06 -0.238E-06 0.500E-01 0.500E-01 0.119E-06 0.119E-06 0.119E-06 0.119E-06 -0.358E-06 0.119E-06 0.119E-06 0.119E-06 0.119E-06 0.119E-06 0.119E-06 -0.238E-06 0.119E-06 -0.238E-06 0.500E-01 0.119E-06 0.346E-05 0.300E-01 0.231E-06 -0.834E-06 0.100 0.500E-01
-0.238E-06 0.500E-01 0.500E-01 0.100 0.500E-01 0.500E-01 0.500E-01 0.500E-01 0.100 0.100 0.100 0.100 0.500E-01 0.500E-01 -0.238E-06 0.231E-06 0.231E-06 0.119E-06 0.119E-06 0.119E-06 0.119E-06 0.119E-06 0.119E-06 0. -0.358E-06 0.119E-06 0.119E-06 -0.119E-06 0.300E-01 0.119E-06 0.300E-01 0.300E-01 -0.119E-06 0.500E-01 -0.179E-05 -0.131E-05 0.300E-01 0.119E-06 0.300E-01 0.500E-01 0.500E-01 0.500E-01 0.238E-06 -0.119E-06 0.119E-06 0.119E-06 0.119E-06 0.119E-06 0.300E-01 -0.119E-06 0.477E-06 -0.238E-06 -0.238E-06 0.119E-06 -0.358E-06 0.100 0.238E-06 0.203E-05 0.119E-06 0.119E-06 0.500E-01 0.500E-01 -0.238E-06
0.119E-06 -0.238E-06 0.500E-01 0.500E-01 0.500E-01 0.500E-01 0.500E-01 0.500E-01 0.500E-01 0.500E-01 0.100 0.500E-01 0.119E-06 -0.119E-06 0.119E-06 0.119E-06 0.119E-06 0.231E-06 0.119E-06 0.119E-06 0.119E-06 -0.119E-06 0.119E-06 0.119E-06 0.119E-06 0.119E-06 0.300E-01 0.119E-06 0.300E-01 0.119E-06 0.300E-01 0.300E-01 -0.238E-06 -0.238E-06 -0.238E-06 -0.358E-06 0.300E-01 0.119E-06 -0.119E-06 0.500E-01 0.500E-01 0.119E-06 0.119E-06 0.119E-06 0.119E-06 0.477E-06 -0.119E-06 0.119E-06 0.119E-06 0.119E-06 0.119E-06 0.119E-06 0.119E-06 0.500E-01 0.119E-06 0.500E-01 0.500E-01 0.100 0.100 0.107E-05 -0.238E-06 -0.238E-06 0.119E-06
0.500E-01 -0.238E-06 0.500E-01 0.500E-01 -0.238E-06 0.500E-01 0.500E-01 0.500E-01 0.500E-01 0.100 0.500E-01 0.119E-06 0.300E-01 0.500E-01 0.500E-01 -0.358E-06 0.119E-06 -0.119E-06 0.300E-01 -0.119E-06 0.300E-01 0.300E-01 0.500E-01 0.119E-06 0.119E-06 0.119E-06 0.119E-06 0.119E-06 0.300E-01 0.500E-01 0.119E-06 0.300E-01 -0.238E-06 -0.358E-06 -0.119E-06 0.107E-05 0.100 0.300E-01 0.727E-05 0.500E-01 0.500E-01 0.500E-01 0.500E-01 0.500E-01 -0.119E-06 0.500E-01 0.119E-06 0.119E-06 0.300E-01 -0.238E-06 -0.238E-06 0.119E-06 0.119E-06 0.119E-06 -0.238E-06 0.119E-06 0.500E-01 -0.238E-06 0.500E-01 0.100 0.500E-01 0.119E-06 0.231E-06
-0.238E-06 0.500E-01 0.500E-01 0.119E-06 -0.238E-06 -0.238E-06 0.119E-06 0.500E-01 0.100 0.300E-01 0.100 0.100 0.500E-01 0.119E-06 0.119E-06 -0.119E-06 0.300E-01 0.300E-01 0.119E-06 0.119E-06 0.500E-01 0.500E-01 0.300E-01 0.119E-06 0.500E-01 0.119E-06 -0.119E-06 0.119E-06 -0.358E-06 0.300E-01 0.300E-01 0.300E-01 -0.238E-06 -0.238E-06 -0.238E-06 -0.238E-06 0.500E-01 0.500E-01 0.300E-01 0.500E-01 0.500E-01 0.500E-01 0.500E-01 0.500E-01 0.596E-06 0. 0.119E-06 0.300E-01 -0.238E-06 -0.119E-06 -0.358E-06 -0.238E-06 0.119E-06 0.238E-06 0.119E-06 -0.238E-06 0.119E-06 -0.238E-06 0. 0.119E-06 0.500E-01 0.500E-01 0.500E-01
-0.238E-06 -0.238E-06 0.500E-01 0.358E-06 0.119E-06 0.119E-06 -0.238E-06 0.500E-01 0.100 0.100 0.100 0.100 0.500E-01 -0.358E-06 0.119E-06 0.100 0.500E-01 -0.358E-06 0.596E-06 -0.477E-06 -0.477E-06 0.119E-06 -0.358E-06 0.119E-06 0.119E-06 0.119E-06 0.119E-06 0.119E-06 -0.119E-06 0.300E-01 0.119E-06 0.300E-01 -0.238E-06 -0.238E-06 -0.238E-06 0.119E-06 0.119E-06 0.346E-05 0.500E-01 0.500E-01 0.119E-06 0.119E-06 0.119E-06 0.119E-06 0.119E-06 0.300E-01 0.119E-06 0.119E-06 0.119E-06 0.358E-06 0.119E-06 -0.238E-06 -0.238E-06 0.119E-06 -0.119E-06 0.119E-06 0.119E-06 0.119E-06 -0.238E-06 -0.238E-06 0.500E-01 0.500E-01 0.500E-01
0.500E-01 -0.238E-06 0.500E-01 0.500E-01 -0.358E-06 0.358E-06 0.119E-06 -0.238E-06 -0.238E-06 0.500E-01 0.100 0.100 0.500E-01 -0.238E-06 0.358E-06 0.100 0.500E-01 0.500E-01 0.500E-01 0.500E-01 0.500E-01 0.500E-01 0.119E-06 0.119E-06 -0.358E-06 0.119E-06 0.119E-06 0.119E-06 0.500E-01 0.500E-01 -0.119E-06 0.119E-06 -0.358E-06 -0.238E-06 -0.119E-06 -0.238E-06 -0.238E-06 0.300E-01 0.500E-01 0.500E-01 0.119E-06 0.119E-06 -0.238E-06 -0.238E-06 0.119E-06 0.300E-01 0.119E-06 0.300E-01 -0.119E-06 -0.358E-06 0.107E-05 0.119E-06 -0.238E-06 -0.238E-06 0.119E-06 -0.358E-06 0.358E-06 0.119E-06 0.231E-06 0.119E-06 0.119E-06 0.500E-01 0.500E-01
-0.238E-06 -0.119E-06 0.119E-06 0.119E-06 -0.238E-06 0.500E-01 0.500E-01 0.500E-01 0.119E-06 -0.179E-05 0.500E-01 0.500E-01 0.500E-01 0.119E-06 0.500E-01 0.500E-01 0.500E-01 0.500E-01 0.300E-01 0.300E-01 0.300E-01 0.300E-01 -0.119E-06 -0.119E-06 0.119E-06 0.500E-01 0.300E-01 0.119E-06 0.300E-01 0.119E-06 -0.834E-06 0.119E-06 0.100 0.100 0.100 0.100 0.500E-01 0.500E-01 -0.119E-06 0.500E-01 0.500E-01 0.500E-01 0.119E-06 0.119E-06 0.358E-06 0.300E-01 0.119E-06 0.300E-01 0.119E-06 0.119E-06 -0.238E-06 0.119E-06 0.119E-06 -0.238E-06 0.119E-06 0.119E-06 0.596E-06 0.358E-06 0.119E-06 -0.119E-06 0.119E-06 0.500E-01 0.500E-01
0.119E-06 -0.238E-06 0.596E-06 0.596E-06 -0.358E-06 0.596E-06 -0.238E-06 0.500E-01 0.500E-01 0.500E-01 0.500E-01 -0.238E-06 -0.238E-06 0.500E-01 0.500E-01 0.500E-01 0.500E-01 0. 0.500E-01 0.500E-01 0.500E-01 0.300E-01 0.119E-06 0.596E-06 0.500E-01 0.119E-06 0.119E-06 0.119E-06 0.500E-01 0.500E-01 0.100 0.100 0.100 0.119E-06 0.119E-06 0.500E-01 0.500E-01 0.500E-01 0.500E-01 0.500E-01 0.500E-01 0.119E-06 0.119E-06 0.238E-06 0.300E-01 0.300E-01 0.300E-01 0.300E-01 -0.238E-06 0.119E-06 0.119E-06 -0.238E-06 0.500E-01 0.119E-06 -0.238E-06 -0.238E-06 -0.238E-06 0.596E-06 -0.238E-06 -0.238E-06 0.119E-06 -0.238E-06 0.300E-01
0.119E-06 -0.119E-06 0.358E-06 0.119E-06 0.119E-06 0.500E-01 0.500E-01 0.500E-01 0.500E-01 0.500E-01 0.500E-01 -0.238E-06 -0.238E-06 0.500E-01 0.500E-01 -0.238E-06 -0.238E-06 -0.238E-06 -0.238E-06 0.119E-06 0.300E-01 0.300E-01 0.119E-06 0.300E-01 0.500E-01 0.119E-06 0.119E-06 0.119E-06 0.500E-01 0.300E-01 0.500E-01 0.500E-01 0.100 0.500E-01 0.119E-06 0.500E-01 0.500E-01 0.500E-01 0.100 0.500E-01 0.300E-01 -0.238E-06 0.119E-06 0.500E-01 0.300E-01 0.300E-01 0.300E-01 -0.119E-06 0.358E-06 0.119E-06 -0.238E-06 -0.238E-06 0.300E-01 -0.179E-05 -0.358E-06 -0.358E-06 -0.834E-06 -0.131E-05 0.500E-01 -0.238E-06 0.119E-06 -0.238E-06 -0.226E-05
0.119E-06 0.119E-06 0.477E-06 0.119E-06 0.119E-06 0.119E-06 0.119E-06 0.500E-01 0.300E-01 0.300E-01 0.500E-01 -0.238E-06 -0.358E-06 0.500E-01 -0.238E-06 -0.238E-06 -0.238E-06 -0.358E-06 0. -0.238E-06 0.300E-01 0.500E-01 0.300E-01 0. 0.500E-01 -0.238E-06 -0.358E-06 0.119E-06 0.119E-06 0.119E-06 0.119E-06 0.119E-06 0.500E-01 0.500E-01 0.500E-01 0.500E-01 0.100 0.500E-01 -0.238E-06 0. 0.500E-01 0.500E-01 0.500E-01 0.500E-01 0.300E-01 0.119E-06 -0.238E-06 -0.358E-06 0.596E-06 -0.358E-06 0.119E-06 -0.834E-06 0.500E-01 0.500E-01 0.500E-01 -0.358E-06 0.500E-01 -0.238E-06 0.500E-01 0.500E-01 0.500E-01 -0.131E-05 0.500E-01
0.119E-06 0.500E-01 -0.119E-06 -0.596E-06 0.300E-01 0.300E-01 0.300E-01 0.119E-06 0.203E-05 0.300E-01 0.500E-01 0.500E-01 0.500E-01 0.500E-01 0.500E-01 0.500E-01 -0.119E-06 0.477E-06 -0.238E-06 -0.238E-06 -0.238E-06 0.596E-06 0.300E-01 -0.238E-06 0.119E-06 0.119E-06 -0.358E-06 0.119E-06 0.500E-01 -0.358E-06 0.300E-01 -0.119E-06 0.119E-06 0.500E-01 0.300E-01 0.500E-01 0.500E-01 0.500E-01 -0.119E-06 0. 0.500E-01 0.500E-01 0.300E-01 0.300E-01 0.300E-01 0.300E-01 0. 0.300E-01 0.119E-06 0.119E-06 0.119E-06 -0.238E-06 0.358E-06 0.119E-06 0.500E-01 0.500E-01 -0.238E-06 -0.238E-06 -0.238E-06 -0.238E-06 0.500E-01 0.500E-01 0.500E-01
0.119E-06 0.300E-01 0.231E-06 0.119E-06 0. 0.300E-01 0.500E-01 0.500E-01 0.300E-01 -0.834E-06 -0.179E-05 0.500E-01 0.100 0.500E-01 0.500E-01 0.300E-01 0.500E-01 0.500E-01 0.500E-01 -0.238E-06 -0.358E-06 -0.358E-06 0.300E-01 0.119E-06 0.300E-01 0.500E-01 0.500E-01 -0.238E-06 0.119E-06 0.358E-06 -0.596E-06 0.300E-01 0.500E-01 0.500E-01 0.500E-01 0.100 0.500E-01 0.119E-06 0. -0.238E-06 0.500E-01 0.500E-01 0.500E-01 0.500E-01 0.300E-01 0.300E-01 0. 0. 0. 0.119E-06 -0.238E-06 0.119E-06 0.119E-06 -0.238E-06 -0.238E-06 0.119E-06 0.119E-06 0. 0.358E-06 0.500E-01 0.100 0.500E-01 0.500E-01
0.500E-01 0.500E-01 0.119E-06 0.119E-06 0.119E-06 0.500E-01 0.119E-06 0.500E-01 0.300E-01 0.300E-01 0.119E-06 0.100 0.100 0.300E-01 0.300E-01 0.119E-06 0.300E-01 0.300E-01 0.500E-01 0.119E-06 0.119E-06 0.596E-06 -0.238E-06 0.300E-01 0.300E-01 0.500E-01 -0.358E-06 0.107E-05 0.119E-06 0.119E-06 0.119E-06 0.500E-01 0.101E-04 0.119E-06 0.100 0.500E-01 -0.238E-06 -0.238E-06 0.119E-06 0.119E-06 0.500E-01 0.500E-01 0.300E-01 0.500E-01 -0.238E-06 0.119E-06 0.119E-06 0.358E-06 0.477E-06 0.119E-06 -0.358E-06 0.500E-01 0.300E-01 0.119E-06 0.119E-06 0.119E-06 0.500E-01 0.500E-01 0.119E-06 0.119E-06 0.500E-01 0.500E-01 0.119E-06
0.119E-06 0.119E-06 0. -0.119E-06 -0.238E-06 -0.238E-06 0.119E-06 -0.119E-06 0.300E-01 0.500E-01 0.500E-01 0.500E-01 0.500E-01 0.500E-01 0.500E-01 0.300E-01 0.300E-01 0.300E-01 0.300E-01 0.119E-06 0.500E-01 0.300E-01 0.358E-06 0.300E-01 0.119E-06 0.119E-06 0.500E-01 0. -0.358E-06 0.500E-01 0.119E-06 0.727E-05 0.500E-01 0.500E-01 0.500E-01 0.500E-01 -0.596E-06 -0.238E-06 0.119E-06 0.119E-06 0.500E-01 0.500E-01 0.300E-01 0.300E-01 0.119E-06 0.119E-06 0.119E-06 0. 0.119E-06 0.119E-06 0.500E-01 0.500E-01 0.119E-06 0.119E-06 0.300E-01 0.300E-01 0.119E-06 0.119E-06 -0.358E-06 -0.119E-06 0.500E-01 0.500E-01 0.119E-06
-0.119E-06 -0.238E-06 0.119E-06 -0.119E-06 0.358E-06 0.119E-06 -0.238E-06 0.119E-06 0.300E-01 0.300E-01 0.500E-01 0.500E-01 -0.238E-06 0.500E-01 0.500E-01 0.500E-01 0.300E-01 0.300E-01 0.300E-01 0.300E-01 0.500E-01 0.500E-01 0.500E-01 0.300E-01 0.119E-06 -0.238E-06 0.119E-06 0.119E-06 0.500E-01 0.500E-01 0.111E-04 0.238E-06 -0.238E-06 0.100 0.500E-01 0.500E-01 0.119E-06 0.500E-01 0.500E-01 0.500E-01 0.500E-01 0.500E-01 0.119E-06 0.500E-01 0.119E-06 0. 0. 0. 0.358E-06 0.119E-06 0.119E-06 0.300E-01 0.300E-01 -0.358E-06 0.300E-01 0.300E-01 0.119E-06 0.119E-06 -0.358E-06 -0.119E-06 0.500E-01 0.358E-06 0.870E-05
-0.238E-06 0.119E-06 -0.238E-06 -0.238E-06 -0.238E-06 -0.358E-06 0. 0.500E-01 0.500E-01 0.300E-01 0.500E-01 0.500E-01 0.119E-06 0.500E-01 0.500E-01 0.300E-01 0.119E-06 0.119E-06 -0.119E-06 0.119E-06 0.119E-06 0.500E-01 0.500E-01 0.300E-01 0.300E-01 0.500E-01 0.119E-06 0.119E-06 0.500E-01 0.119E-06 -0.228E-04 0.500E-01 0.500E-01 0.500E-01 0.500E-01 0.300E-01 0.231E-06 0.119E-06 0.500E-01 -0.238E-06 0.119E-06 -0.358E-06 0.358E-06 0.500E-01 0.119E-06 0. -0.119E-06 0.119E-06 0.300E-01 0.300E-01 0.500E-01 0.238E-06 0.500E-01 0.300E-01 0.300E-01 0.300E-01 -0.119E-06 0. 0.500E-01 0.119E-06 0.119E-06 0.500E-01 0.584E-05
-0.238E-06 0.119E-06 0.238E-06 -0.238E-06 0.119E-06 0.119E-06 0.107E-05 0.500E-01 0.300E-01 0.300E-01 0.500E-01 0.500E-01 0.500E-01 0.500E-01 -0.238E-06 0.300E-01 0.119E-06 0.119E-06 0.119E-06 0.119E-06 0.119E-06 0.500E-01 0.500E-01 0.500E-01 0.300E-01 0.500E-01 0.119E-06 0.119E-06 0.100 -0.113E-04 0. 0.500E-01 0.300E-01 0.119E-06 0.119E-06 -0.358E-06 0.596E-06 0.119E-06 0.119E-06 -0.238E-06 0.500E-01 0.500E-01 -0.119E-06 0.119E-06 0.119E-06 0.119E-06 0.300E-01 0.300E-01 0.300E-01 0.300E-01 0.119E-06 0.119E-06 0.300E-01 0.300E-01 -0.358E-06 0.119E-06 0.119E-06 0. 0.300E-01 0.119E-06 0.500E-01 0.500E-01 0.500E-01
