share/VS_Project/swb/x64/Debug/MASS_BALANCE_05_19_1990.asc
NCOLS        340
NROWS        316
XLLCORNER     528502.530
YLLCORNER     274871.653
CELLSIZE        100.000
NODATA_VALUE    -9999.000
[rows 243 to 269 of 316, columns 122 to 182 of 340]
0.500E-01 -0.440E-06 -0.440E-06 -0.440E-06 0.100 0.454E-06 0.500E-01 -0.596E-07 0.969E-07 -0.440E-06 0.100 0.100 0.100 -0.440E-06 -0.820E-07 -0.820E-07 0.300E-01 0.300E-01 -0.820E-07 0.119E-06 -0.820E-07 -0.145E-06 -0.380E-06 0.300E-01 0.300E-01 0.500E-01 0.500E-01 0.216E-06 0.300E-01 -0.440E-06 0.417E-06 -0.440E-06 -0.440E-06 -0.820E-07 0.500E-01 0.500E-01 0.100 0.100 0.500E-01 0.500E-01 0.500E-01 0.500E-01 0.500E-01 0.500E-01 0.500E-01 0.300E-01 0.216E-06 0.500E-01 0.100 0.100 0.100 0.500E-01 0.300E-01 0.500E-01 0.500E-01 -0.596E-07 0.300E-01 -0.320E-06 -0.440E-06 0.300E-01 0.300E-01
-0.440E-06 0.100 -0.440E-06 -0.440E-06 0.500E-01 0.100 -0.224E-07 -0.440E-06 -0.224E-07 -0.440E-06 0.500E-01 0.100 0.100 -0.145E-06 -0.820E-07 -0.238E-06 0.500E-01 0.300E-01 0.596E-07 0.596E-07 0.119E-06 0.107E-05 -0.131E-05 0.300E-01 0.300E-01 0.300E-01 -0.440E-06 0.969E-07 0.300E-01 0.300E-01 0.500E-01 0.300E-01 -0.820E-07 -0.820E-07 0.500E-01 0.500E-01 -0.820E-07 -0.201E-06 0.300E-01 0.300E-01 0.500E-01 0.500E-01 -0.820E-07 0.500E-01 0.300E-01 0.300E-01 0.300E-01 0.500E-01 0.100 0.100 0.300E-01 0.500E-01 0.300E-01 -0.596E-07 -0.596E-07 0.300E-01 0.300E-01 -0.440E-06 -0.119E-06 0.119E-06 0.119E-06
-0.119E-06 -0.440E-06 -0.440E-06 -0.440E-06 -0.440E-06 0.100 -0.440E-06 0.931E-07 -0.224E-07 -0.499E-06 0.373E-07 0.500E-01 0.500E-01 -0.440E-06 -0.820E-07 0.300E-01 0.300E-01 -0.145E-06 0.335E-06 0.119E-06 -0.145E-06 -0.145E-06 -0.142E-06 -0.596E-07 -0.205E-06 0.238E-06 -0.145E-06 -0.145E-06 0.216E-06 -0.820E-07 -0.820E-07 -0.820E-07 0. 0.969E-07 0.373E-07 -0.820E-07 -0.820E-07 -0.820E-07 -0.820E-07 -0.820E-07 0.500E-01 0.500E-01 -0.820E-07 -0.119E-06 0.300E-01 0.300E-01 -0.380E-06 0.500E-01 0.500E-01 0.500E-01 0.300E-01 0.300E-01 0.300E-01 -0.596E-07 0.300E-01 0.300E-01 0.500E-01 0.500E-01 -0.596E-07 -0.596E-07 -0.440E-06
-0.440E-06 0.500E-01 0.100 0.276E-06 -0.224E-07 -0.440E-06 -0.440E-06 -0.440E-06 -0.380E-06 0.119E-06 -0.440E-06 0.500E-01 -0.440E-06 -0.145E-06 -0.820E-07 -0.380E-06 0.335E-06 -0.224E-07 0.335E-06 -0.298E-07 -0.145E-06 -0.145E-06 -0.205E-06 0.395E-06 -0.145E-06 0.395E-06 -0.820E-07 -0.145E-06 -0.145E-06 -0.224E-07 -0.224E-07 -0.820E-07 -0.820E-07 -0.142E-06 -0.142E-06 0.417E-06 -0.820E-07 -0.820E-07 0.238E-06 0.500E-01 0.500E-01 0.500E-01 -0.820E-07 -0.224E-07 0.300E-01 0.300E-01 -0.224E-07 -0.820E-07 0.500E-01 0.300E-01 0.300E-01 -0.440E-06 -0.440E-06 0.300E-01 0.500E-01 0.500E-01 0.300E-01 0.500E-01 -0.596E-07 -0.596E-07 -0.596E-07
-0.142E-06 0.500E-01 0.500E-01 -0.119E-06 0.238E-06 -0.119E-06 -0.440E-06 -0.145E-06 -0.440E-06 -0.440E-06 -0.440E-06 -0.261E-07 -0.145E-06 0.931E-07 0.335E-06 -0.440E-06 0.238E-06 0.119E-06 -0.857E-07 0.335E-06 -0.205E-06 -0.145E-06 -0.145E-06 -0.224E-07 -0.820E-07 0.300E-01 0.238E-06 0.596E-07 0.209E-06 0.216E-06 0.107E-05 0.119E-06 0.500E-01 0.500E-01 -0.820E-07 0.119E-06 -0.440E-06 -0.820E-07 0.300E-01 0.216E-06 -0.820E-07 -0.820E-07 -0.820E-07 -0.238E-06 0.300E-01 -0.820E-07 -0.320E-06 0.300E-01 -0.596E-07 0.300E-01 0.300E-01 -0.358E-06 -0.596E-07 0.300E-01 0.300E-01 0.300E-01 -0.596E-07 -0.596E-07 -0.596E-07 -0.596E-07 0.500E-01
-0.380E-06 0. -0.440E-06 -0.145E-06 -0.145E-06 -0.145E-06 -0.145E-06 -0.145E-06 -0.145E-06 -0.145E-06 -0.440E-06 -0.145E-06 -0.440E-06 -0.440E-06 -0.820E-07 -0.142E-06 0.238E-06 -0.440E-06 -0.142E-06 -0.380E-06 0.894E-07 -0.145E-06 0.596E-07 0.358E-06 -0.820E-07 0.300E-01 0.300E-01 0.300E-01 0.300E-01 0.969E-07 0.335E-06 -0.820E-07 -0.201E-06 0.417E-06 -0.820E-07 -0.261E-06 0. 0.500E-01 0.300E-01 -0.238E-06 -0.201E-06 -0.820E-07 -0.820E-07 0.300E-01 0.300E-01 0.300E-01 0.500E-01 0.300E-01 0.298E-06 0.300E-01 0.300E-01 -0.440E-06 -0.358E-06 0.119E-06 0. -0.238E-06 0.454E-06 -0.380E-06 0.500E-01 0.500E-01 0.500E-01
-0.440E-06 -0.145E-06 -0.145E-06 -0.145E-06 -0.145E-06 -0.145E-06 -0.205E-06 -0.205E-06 -0.894E-07 -0.440E-06 0.100 -0.440E-06 0.931E-07 0.153E-06 0.500E-01 0.969E-07 -0.261E-06 -0.261E-06 -0.145E-06 0.395E-06 -0.205E-06 0.216E-06 0.969E-07 -0.820E-07 -0.820E-07 0.216E-06 0.216E-06 0.300E-01 0.300E-01 -0.179E-06 -0.440E-06 -0.820E-07 -0.596E-07 -0.238E-06 -0.820E-07 -0.820E-07 -0.820E-07 0.500E-01 0.500E-01 -0.499E-06 0.238E-06 0.300E-01 -0.820E-07 -0.358E-06 -0.596E-07 0.300E-01 -0.380E-06 -0.477E-06 0.596E-07 0.500E-01 0.300E-01 0.300E-01 -0.358E-06 0.298E-06 0.500E-01 0.500E-01 0.500E-01 0.969E-07 0.969E-07 -0.820E-07 -0.596E-07
-0.820E-07 -0.145E-06 -0.145E-06 -0.145E-06 0.335E-06 -0.145E-06 -0.205E-06 -0.142E-06 0.454E-06 -0.820E-07 -0.440E-06 -0.440E-06 -0.440E-06 -0.596E-07 -0.440E-06 -0.820E-07 -0.596E-07 0.300E-01 0.300E-01 0.300E-01 -0.145E-06 -0.145E-06 -0.596E-07 -0.820E-07 -0.820E-07 -0.820E-07 0. 0.300E-01 0.300E-01 -0.440E-06 -0.440E-06 0. 0.335E-06 0.300E-01 0.300E-01 -0.820E-07 -0.820E-07 -0.820E-07 0.500E-01 -0.440E-06 -0.224E-07 0.156E-06 -0.820E-07 0.969E-07 -0.820E-07 -0.820E-07 -0.261E-06 -0.380E-06 0.300E-01 -0.440E-06 -0.238E-06 0.300E-01 0. 0.500E-01 -0.358E-06 0.500E-01 0.500E-01 -0.119E-06 0. 0.500E-01 0.100
-0.142E-06 -0.145E-06 -0.145E-06 -0.261E-07 0.969E-07 -0.205E-06 -0.142E-06 0.119E-06 0.179E-06 0.298E-06 -0.440E-06 0.454E-06 -0.440E-06 -0.145E-06 -0.145E-06 0.216E-06 0.500E-01 -0.820E-07 0.300E-01 -0.145E-06 -0.145E-06 -0.145E-06 -0.820E-07 0.969E-07 -0.358E-06 -0.380E-06 0.969E-07 0.300E-01 0.300E-01 -0.440E-06 -0.440E-06 -0.440E-06 -0.440E-06 -0.820E-07 -0.820E-07 -0.238E-06 0.500E-01 0.216E-06 0.216E-06 -0.820E-07 -0.820E-07 0.300E-01 0.300E-01 0.300E-01 -0.820E-07 -0.820E-07 0.216E-06 0.500E-01 0.500E-01 0.300E-01 0.969E-07 0.969E-07 0.300E-01 -0.596E-07 0.238E-06 -0.238E-06 0.500E-01 0.500E-01 0. 0.100 0.100
0.477E-06 0.119E-06 -0.145E-06 -0.261E-07 0.119E-06 0.119E-06 0.119E-06 -0.119E-06 -0.440E-06 -0.440E-06 -0.440E-06 -0.142E-06 -0.205E-06 -0.145E-06 -0.145E-06 -0.142E-06 0.358E-06 -0.440E-06 0.969E-07 0.969E-07 -0.205E-06 -0.205E-06 -0.820E-07 -0.820E-07 -0.820E-07 0.216E-06 -0.261E-06 0.300E-01 0.300E-01 -0.380E-06 -0.440E-06 -0.440E-06 -0.440E-06 -0.596E-07 -0.820E-07 -0.820E-07 0.335E-06 -0.224E-07 0.969E-07 -0.820E-07 -0.820E-07 0.969E-07 0.969E-07 -0.380E-06 -0.238E-06 -0.820E-07 -0.596E-07 -0.820E-07 0.969E-07 0.300E-01 -0.820E-07 0. 0.216E-06 -0.820E-07 -0.596E-07 -0.596E-07 -0.596E-07 -0.596E-07 0. 0.500E-01 0.100
-0.820E-07 -0.238E-06 0.119E-06 0.119E-06 -0.440E-06 -0.320E-06 -0.440E-06 -0.440E-06 -0.145E-06 -0.440E-06 0.931E-07 -0.857E-06 -0.179E-06 0.216E-06 -0.145E-06 -0.820E-07 0.969E-07 0.119E-06 0.969E-07 -0.440E-06 -0.145E-06 0. -0.820E-07 -0.820E-07 -0.596E-07 -0.238E-06 0.216E-06 0.216E-06 0.300E-01 -0.358E-06 -0.380E-06 -0.440E-06 0.300E-01 -0.261E-06 -0.224E-07 0.969E-07 0.969E-07 0.596E-06 -0.224E-07 0.969E-07 0.500E-01 0.300E-01 0.300E-01 0.300E-01 -0.142E-06 -0.820E-07 -0.820E-07 0.119E-06 -0.238E-06 0.969E-07 0.969E-07 0.300E-01 0.300E-01 0.300E-01 0.300E-01 -0.820E-07 -0.596E-07 -0.238E-06 -0.238E-06 0.500E-01 0.500E-01
0.417E-06 0.119E-06 0.119E-06 -0.205E-06 -0.440E-06 -0.440E-06 -0.440E-06 -0.145E-06 -0.145E-06 -0.820E-07 -0.261E-06 0.119E-06 -0.142E-06 -0.205E-06 -0.820E-07 0.216E-06 -0.820E-07 0.500E-01 0.596E-06 -0.440E-06 -0.380E-06 -0.440E-06 -0.820E-07 0.969E-07 -0.820E-07 0.216E-06 -0.224E-07 0.300E-01 0.300E-01 -0.440E-06 0.596E-06 -0.380E-06 -0.261E-06 -0.142E-06 0.500E-01 0.500E-01 -0.440E-06 0.500E-01 0.300E-01 0.300E-01 0.300E-01 0.300E-01 0.300E-01 0.300E-01 0.119E-06 -0.820E-07 -0.820E-07 -0.596E-07 0.119E-06 -0.440E-06 0.574E-06 -0.559E-06 0.969E-07 0.119E-06 -0.596E-07 -0.358E-06 0.119E-06 -0.596E-07 -0.358E-06 -0.596E-07 -0.596E-07
-0.380E-06 0.417E-06 -0.820E-07 -0.145E-06 -0.145E-06 -0.440E-06 -0.145E-06 -0.440E-06 -0.205E-06 0.969E-07 -0.596E-07 0.596E-06 -0.440E-06 -0.145E-06 0.216E-06 0.300E-01 -0.440E-06 0. 0.119E-06 0.596E-06 0.119E-06 -0.440E-06 0.500E-01 0.300E-01 0.300E-01 0.300E-01 0.300E-01 -0.142E-06 0.300E-01 0.300E-01 0.300E-01 0.119E-06 0.300E-01 -0.119E-06 0.500E-01 0.500E-01 0.300E-01 0.300E-01 0.300E-01 0.300E-01 0.119E-06 0.300E-01 0.300E-01 0.300E-01 0.300E-01 -0.358E-06 -0.820E-07 -0.820E-07 -0.238E-06 0.119E-06 -0.358E-06 0.417E-06 -0.820E-07 -0.820E-07 0.216E-06 0. 0.119E-06 0.500E-01 0.500E-01 -0.358E-06 -0.596E-07
0.300E-01 0.894E-07 -0.205E-06 -0.145E-06 -0.145E-06 -0.261E-06 -0.145E-06 -0.440E-06 0.931E-07 -0.119E-06 0.596E-06 -0.440E-06 -0.440E-06 -0.145E-06 0.335E-06 0.969E-07 -0.440E-06 -0.440E-06 -0.440E-06 -0.380E-06 -0.358E-06 -0.380E-06 0.300E-01 0.969E-07 0.300E-01 0.300E-01 0.300E-01 0.119E-06 0.300E-01 0.300E-01 -0.820E-07 0.300E-01 0.300E-01 -0.358E-06 0.300E-01 0.300E-01 0.300E-01 0.300E-01 -0.820E-07 0.300E-01 0.574E-06 0.500E-01 0.300E-01 0.300E-01 0.300E-01 0.596E-06 -0.820E-07 -0.820E-07 0.216E-06 -0.229E-05 -0.596E-07 -0.596E-07 0.500E-01 0.300E-01 -0.142E-06 -0.358E-06 0.119E-06 0.119E-06 0.969E-07 -0.440E-06 -0.596E-07
0.298E-06 0.216E-06 0.216E-06 0.216E-06 0.969E-07 -0.119E-06 0. -0.145E-06 0.931E-07 -0.358E-06 0. 0. 0. -0.145E-06 -0.119E-06 -0.119E-06 -0.380E-06 -0.440E-06 -0.440E-06 -0.440E-06 0.500E-01 0.500E-01 0.119E-06 0.500E-01 0.300E-01 0.216E-06 0.500E-01 0.500E-01 0.969E-07 0.300E-01 0.300E-01 0.300E-01 0.300E-01 0.500E-01 0.300E-01 0.300E-01 -0.358E-06 0.119E-06 -0.440E-06 -0.380E-06 0.119E-06 0.300E-01 0.300E-01 0.300E-01 0.300E-01 -0.131E-05 -0.820E-07 -0.820E-07 0.969E-07 -0.358E-06 -0.358E-06 -0.596E-07 0.500E-01 0. 0.969E-07 -0.238E-06 -0.596E-07 -0.596E-07 -0.440E-06 0.969E-07 0.969E-07
-0.358E-06 0.216E-06 0.216E-06 -0.179E-06 0.300E-01 0.500E-01 -0.145E-06 -0.145E-06 0.969E-07 0.119E-06 0.417E-06 0.500E-01 0.500E-01 0.596E-07 0.500E-01 0.500E-01 -0.358E-06 -0.440E-06 -0.380E-06 -0.440E-06 0. 0.500E-01 -0.226E-05 0.500E-01 0.500E-01 0.454E-06 0.969E-07 0.300E-01 0.300E-01 0.300E-01 0.300E-01 0.300E-01 0.300E-01 -0.820E-07 -0.820E-07 0.454E-06 -0.142E-06 0.153E-05 0.238E-06 -0.380E-06 -0.358E-06 0.500E-01 0.300E-01 0.300E-01 0.300E-01 0.596E-06 -0.820E-07 -0.820E-07 0.969E-07 0.596E-06 -0.358E-06 -0.596E-07 -0.820E-07 -0.380E-06 -0.358E-06 0.300E-01 -0.596E-07 -0.440E-06 -0.440E-06 -0.380E-06 0.335E-06
-0.820E-07 -0.820E-07 -0.820E-07 0.969E-07 0.335E-06 0.335E-06 -0.145E-06 -0.820E-07 -0.142E-06 -0.358E-06 -0.440E-06 0.300E-01 -0.596E-07 -0.596E-07 -0.596E-07 -0.820E-07 -0.261E-06 -0.133E-05 -0.133E-05 -0.380E-06 -0.440E-06 0.216E-06 0.300E-01 -0.820E-07 0.969E-07 0.969E-07 0.500E-01 0.500E-01 0.300E-01 0.500E-01 0.500E-01 -0.820E-07 -0.820E-07 -0.596E-07 -0.820E-07 -0.820E-07 -0.820E-07 0.969E-07 0.153E-05 0.155E-05 -0.820E-07 0.216E-06 -0.820E-07 -0.238E-06 -0.440E-06 -0.358E-06 -0.440E-06 -0.820E-07 -0.380E-06 -0.440E-06 -0.596E-07 -0.596E-07 -0.820E-07 0.216E-06 -0.133E-05 0.300E-01 -0.261E-06 0.300E-01 0.300E-01 -0.820E-07 0.300E-01
-0.820E-07 0.969E-07 -0.820E-07 -0.358E-06 -0.179E-06 -0.440E-06 -0.145E-06 -0.820E-07 -0.133E-05 0.500E-01 -0.440E-06 -0.261E-06 -0.820E-07 0.500E-01 -0.119E-06 0.238E-06 -0.179E-06 0.500E-01 0.500E-01 0.500E-01 0.300E-01 0.216E-06 -0.358E-06 -0.440E-06 -0.440E-06 0.119E-06 0.300E-01 0.500E-01 -0.440E-06 0.358E-06 0.500E-01 0.969E-07 -0.820E-07 0.969E-07 0.216E-06 -0.820E-07 -0.820E-07 -0.820E-07 -0.820E-07 -0.226E-05 -0.477E-06 -0.820E-07 -0.820E-07 0.969E-07 -0.440E-06 -0.133E-05 -0.440E-06 -0.820E-07 0.500E-01 0.969E-07 -0.261E-06 -0.596E-07 -0.820E-07 -0.238E-06 -0.133E-05 0.500E-01 -0.261E-06 0.300E-01 0.300E-01 0.300E-01 0.300E-01
-0.820E-07 -0.477E-06 -0.133E-05 0.417E-06 -0.298E-06 -0.440E-06 0.969E-07 0.969E-07 0.500E-01 0.500E-01 0.500E-01 0.454E-06 -0.820E-07 -0.358E-06 -0.440E-06 0.156E-06 0.500E-01 0.216E-06 -0.261E-06 0.300E-01 -0.201E-06 -0.380E-06 0.155E-05 -0.440E-06 -0.440E-06 0.119E-06 0.500E-01 0.500E-01 0.500E-01 0.500E-01 0.500E-01 0.119E-06 -0.358E-06 -0.358E-06 -0.119E-06 -0.440E-06 0. 0.358E-06 -0.119E-06 0.417E-06 0.155E-05 -0.226E-05 0.300E-01 0.300E-01 0.155E-05 0.155E-05 -0.596E-07 -0.820E-07 0.500E-01 -0.440E-06 -0.596E-07 -0.596E-07 -0.596E-07 -0.820E-07 0.500E-01 0.500E-01 -0.440E-06 0.300E-01 -0.440E-06 -0.834E-06 0.300E-01
0.969E-07 -0.133E-05 0.100 0.500E-01 -0.820E-07 -0.440E-06 -0.820E-07 0.969E-07 0.500E-01 0.500E-01 0.500E-01 0.500E-01 0.500E-01 -0.596E-07 -0.596E-07 -0.440E-06 -0.238E-06 -0.820E-07 -0.820E-07 -0.820E-07 -0.820E-07 -0.440E-06 -0.226E-05 -0.440E-06 0.969E-07 0.300E-01 0.500E-01 0.300E-01 0.216E-06 0.500E-01 0.500E-01 -0.820E-07 -0.201E-06 0.969E-07 -0.131E-05 -0.133E-05 0.596E-06 -0.440E-06 -0.179E-06 -0.820E-07 0.417E-06 0.156E-06 -0.596E-07 -0.380E-06 -0.820E-07 0.238E-06 0.155E-05 -0.358E-06 0.500E-01 -0.440E-06 0.335E-06 -0.238E-06 -0.596E-07 -0.820E-07 0.500E-01 0.500E-01 0.969E-07 0.300E-01 0.300E-01 0.500E-01 0.300E-01
-0.820E-07 0.500E-01 0.500E-01 -0.440E-06 -0.440E-06 -0.440E-06 -0.440E-06 -0.380E-06 0.500E-01 0.500E-01 -0.440E-06 -0.596E-07 -0.596E-07 -0.596E-07 0.500E-01 0.119E-06 0.119E-06 -0.820E-07 0.335E-06 0.335E-06 0.969E-07 -0.618E-06 -0.596E-06 -0.226E-05 0.238E-06 -0.440E-06 -0.380E-06 -0.477E-06 -0.820E-07 0.216E-06 0.216E-06 -0.261E-06 -0.820E-07 -0.201E-06 0.500E-01 -0.820E-07 0.417E-06 -0.440E-06 0. -0.820E-07 0.417E-06 -0.261E-06 0.500E-01 0.500E-01 -0.820E-07 0.500E-01 0.500E-01 0.300E-01 0.500E-01 0.500E-01 -0.238E-06 0.373E-07 0.216E-06 -0.440E-06 0.500E-01 0.500E-01 -0.440E-06 -0.820E-07 -0.820E-07 0.969E-07 0.100
-0.133E-05 0.119E-06 -0.440E-06 0.335E-06 -0.440E-06 -0.380E-06 -0.440E-06 -0.440E-06 0.500E-01 0.500E-01 0.500E-01 0.216E-06 0.969E-07 0.454E-06 0.335E-06 0.300E-01 0.300E-01 -0.298E-06 0. -0.238E-06 -0.261E-06 0.500E-01 0.500E-01 0. -0.226E-05 0.335E-06 0.335E-06 -0.440E-06 -0.238E-06 -0.477E-06 -0.820E-07 -0.820E-07 -0.820E-07 -0.596E-07 0.500E-01 -0.820E-07 -0.596E-07 -0.201E-06 0. -0.820E-07 -0.820E-07 -0.201E-06 -0.201E-06 -0.596E-07 -0.201E-06 0.500E-01 -0.358E-06 0.100 0.500E-01 0.155E-05 0.119E-06 -0.477E-06 -0.440E-06 0.500E-01 0.100 0.100 0.500E-01 0.969E-07 -0.820E-07 -0.820E-07 0.500E-01
0.100 0.500E-01 -0.380E-06 0.969E-07 -0.440E-06 -0.440E-06 -0.618E-06 -0.440E-06 0.500E-01 0.969E-07 0.969E-07 0.969E-07 0.969E-07 0.300E-01 0.300E-01 0.300E-01 0.300E-01 -0.596E-07 -0.358E-06 -0.596E-07 -0.596E-07 0.300E-01 0.300E-01 0.500E-01 0.155E-05 0.969E-07 -0.820E-07 -0.820E-07 -0.380E-06 0.500E-01 0.300E-01 0.500E-01 -0.596E-07 -0.440E-06 -0.440E-06 -0.440E-06 -0.596E-07 -0.820E-07 -0.820E-07 -0.820E-07 -0.820E-07 -0.820E-07 -0.820E-07 -0.820E-07 -0.820E-07 0.500E-01 0.969E-07 0.100 0.100 0.300E-01 0.300E-01 0.238E-06 0.500E-01 0.500E-01 0.100 0.500E-01 0.100 -0.820E-07 0.969E-07 -0.820E-07 0.500E-01
0.156E-06 0.500E-01 0.500E-01 0.500E-01 -0.820E-07 -0.440E-06 -0.142E-06 0.500E-01 0.500E-01 -0.820E-07 -0.820E-07 -0.820E-07 -0.820E-07 0.373E-07 0.300E-01 0.300E-01 0.300E-01 -0.596E-07 -0.440E-06 -0.440E-06 -0.440E-06 0.300E-01 -0.440E-06 -0.440E-06 0.300E-01 0.153E-05 -0.440E-06 -0.358E-06 -0.440E-06 -0.820E-07 -0.820E-07 -0.596E-07 -0.417E-06 0.216E-06 0.216E-06 0.216E-06 0.216E-06 -0.596E-07 -0.238E-06 0.238E-06 -0.238E-06 -0.820E-07 -0.820E-07 -0.820E-07 0.969E-07 0.500E-01 0.300E-01 0.500E-01 0.500E-01 0.500E-01 0.300E-01 0.300E-01 0.300E-01 0.500E-01 0.500E-01 0.477E-06 0.500E-01 0.300E-01 0.300E-01 -0.380E-06 -0.596E-06
-0.440E-06 0.500E-01 0.500E-01 0.500E-01 -0.820E-07 0.500E-01 0.500E-01 0.500E-01 0.238E-06 0.216E-06 0.119E-06 0.335E-06 0.300E-01 0.500E-01 0.300E-01 -0.440E-06 0.300E-01 -0.596E-07 0.335E-06 -0.440E-06 0.477E-06 -0.440E-06 -0.440E-06 -0.820E-07 -0.820E-07 0.500E-01 0.500E-01 -0.440E-06 -0.596E-07 0.969E-07 0.969E-07 -0.596E-07 0.238E-06 -0.596E-07 -0.820E-07 0.358E-06 -0.358E-06 -0.596E-07 -0.820E-07 -0.596E-07 -0.358E-06 0.500E-01 -0.596E-07 -0.820E-07 -0.820E-07 -0.596E-07 -0.596E-07 0.500E-01 -0.596E-07 0.119E-06 0.500E-01 0.300E-01 0.300E-01 0.500E-01 0.300E-01 0.500E-01 0.300E-01 0.119E-06 -0.358E-06 0.500E-01 0.500E-01
-0.596E-07 0.216E-06 0.500E-01 0.500E-01 -0.820E-07 0.500E-01 0.500E-01 0.500E-01 0.477E-06 -0.298E-06 0.216E-06 0.358E-06 0.300E-01 -0.820E-07 0.300E-01 -0.820E-07 0.300E-01 -0.440E-06 0.335E-06 0.596E-06 -0.596E-07 -0.618E-06 0.969E-07 0.969E-07 0.500E-01 0.500E-01 -0.380E-06 0.335E-06 -0.440E-06 -0.380E-06 -0.820E-07 -0.596E-07 0.358E-06 -0.596E-07 -0.820E-07 -0.119E-06 -0.596E-07 -0.596E-07 -0.820E-07 -0.596E-07 -0.596E-07 0.300E-01 0.969E-07 -0.596E-07 -0.820E-07 -0.596E-07 -0.596E-07 -0.358E-06 0.216E-06 0.300E-01 0.500E-01 0.500E-01 0.155E-05 0.300E-01 0.500E-01 0.500E-01 0.300E-01 0.300E-01 0.500E-01 0.500E-01 0.500E-01
-0.358E-06 -0.238E-06 0.500E-01 0.500E-01 0.100 0.100 0.100 0.500E-01 0.216E-06 -0.380E-06 0.216E-06 -0.261E-06 0.300E-01 0.500E-01 0.300E-01 0.298E-06 -0.596E-06 -0.440E-06 -0.440E-06 -0.440E-06 -0.358E-06 -0.179E-06 0.156E-06 -0.440E-06 -0.440E-06 0.100 0.500E-01 0.500E-01 0.500E-01 0.500E-01 -0.820E-07 -0.820E-07 -0.358E-06 -0.596E-07 -0.820E-07 -0.358E-06 -0.261E-06 -0.596E-07 -0.596E-07 -0.238E-06 -0.238E-06 0.300E-01 0.500E-01 -0.238E-06 -0.596E-07 -0.596E-07 -0.238E-06 0.500E-01 0.500E-01 0.500E-01 0.500E-01 0.100 0.155E-05 0.300E-01 0.500E-01 -0.820E-07 0.119E-06 0.300E-01 0.500E-01 -0.596E-07 0.500E-01
