share/VS_Project/swb/x64/Debug/MASS_BALANCE_05_16_1990.asc
NCOLS        340
NROWS        316
XLLCORNER     528502.530
YLLCORNER     274871.653
CELLSIZE        100.000
NODATA_VALUE    -9999.000
[rows 224 to 251 of 316, columns 186 to 247 of 340]
0.100 0.500E-01 0.745E-08 0.500E-01 0.745E-08 0.500E-01 -0.946E-06 -0.946E-06 -0.946E-06 -0.946E-06 -0.946E-06 0.300E-01 0.500E-01 0.500E-01 0.745E-08 0.745E-08 0.745E-08 0.745E-08 0.745E-08 0.745E-08 0.745E-08 0.745E-08 0.745E-08 0.745E-08 0.745E-08 0.745E-08 0.745E-08 0.300E-01 0.300E-01 0.500E-01 0.745E-08 0.500E-01 0.745E-08 0.745E-08 0.745E-08 0.745E-08 0.745E-08 0.500E-01 0.500E-01 0.500E-01 0.745E-08 0.745E-08 0.745E-08 0.500E-01 0.300E-01 0.745E-08 0.500E-01 0.300E-01 0.300E-01 0.745E-08 0.745E-08 0.745E-08 0.745E-08 0.300E-01 0.500E-01 0.300E-01 0.300E-01 0.300E-01 0.300E-01 0.300E-01 0.745E-08 0.745E-08
0.500E-01 0.500E-01 0.500E-01 0.500E-01 0.500E-01 -0.946E-06 -0.946E-06 -0.834E-06 0.164E-06 0.745E-08 0.745E-08 0.500E-01 0.500E-01 0.300E-01 0.745E-08 0.745E-08 0.745E-08 0.745E-08 0.745E-08 0.745E-08 0.300E-01 0.300E-01 0.745E-08 0.745E-08 0.745E-08 0.745E-08 0.300E-01 0.300E-01 0.745E-08 0.745E-08 0.745E-08 0.745E-08 0.745E-08 0.745E-08 0.745E-08 0.500E-01 0.500E-01 0.745E-08 0.745E-08 0.500E-01 0.745E-08 0.300E-01 0.745E-08 0.100 0.100 0.500E-01 0.300E-01 0.300E-01 0.500E-01 0.745E-08 0.745E-08 0.745E-08 0.745E-08 0.745E-08 0.500E-01 0.300E-01 0.300E-01 0.300E-01 0.300E-01 0.745E-08 0.500E-01 0.300E-01
0.500E-01 0.500E-01 0.745E-08 0.745E-08 -0.946E-06 -0.946E-06 0.492E-06 0.209E-06 -0.231E-06 0.745E-08 0.500E-01 0.745E-08 0.300E-01 0.300E-01 0.745E-08 0.745E-08 0.300E-01 0.745E-08 0.745E-08 0.745E-08 0.745E-08 0.745E-08 0.745E-08 0.745E-08 0.745E-08 0.300E-01 0.300E-01 0.745E-08 0.745E-08 0.745E-08 0.500E-01 0.745E-08 0.745E-08 0.745E-08 0.745E-08 0.745E-08 0.500E-01 0.745E-08 0.745E-08 0.500E-01 0.745E-08 0.745E-08 0.745E-08 0.100 0.100 0.500E-01 0.500E-01 0.300E-01 0.745E-08 0.745E-08 0.745E-08 0.745E-08 0.745E-08 0.745E-08 0.500E-01 0.300E-01 0.300E-01 0.745E-08 0.745E-08 0.500E-01 0.745E-08 0.745E-08
0.745E-08 0.300E-01 0.300E-01 0.300E-01 -0.946E-06 -0.946E-06 -0.946E-06 0.300E-01 0.745E-08 0.745E-08 0.745E-08 0.745E-08 0.745E-08 0.745E-08 0.745E-08 0.745E-08 0.745E-08 0.745E-08 0.745E-08 0.745E-08 0.745E-08 0.745E-08 0.500E-01 0.500E-01 0.745E-08 -0.946E-06 0.745E-08 0.745E-08 0.745E-08 0.745E-08 0.745E-08 0.745E-08 0.745E-08 0.745E-08 0.745E-08 0.745E-08 0.745E-08 0.745E-08 0.500E-01 0.500E-01 0.745E-08 0.500E-01 0.745E-08 0.500E-01 0.500E-01 0.500E-01 0.745E-08 0.745E-08 0.745E-08 0.300E-01 0.300E-01 0.745E-08 0.745E-08 0.745E-08 0.500E-01 0.745E-08 0.745E-08 0.500E-01 0.500E-01 0.745E-08 0.500E-01 0.500E-01
0.500E-01 0.745E-08 0.745E-08 0.745E-08 -0.946E-06 0.500E-01 0.500E-01 0.300E-01 0.500E-01 0.745E-08 0.500E-01 0.745E-08 0.300E-01 0.745E-08 0.745E-08 0.745E-08 0.745E-08 0.500E-01 0.500E-01 0.745E-08 0.500E-01 0.745E-08 0.500E-01 0.745E-08 0.745E-08 0.500E-01 0.745E-08 0.745E-08 0.745E-08 0.745E-08 0.745E-08 0.745E-08 0.745E-08 0.745E-08 0.745E-08 0.745E-08 0.745E-08 0.745E-08 0.745E-08 0.745E-08 0.745E-08 0.300E-01 0.300E-01 0.745E-08 0.500E-01 0.500E-01 0.100 0.500E-01 0.500E-01 0.300E-01 0.300E-01 0.300E-01 0.745E-08 0.745E-08 0.300E-01 0.300E-01 0.500E-01 0.500E-01 0.500E-01 0.500E-01 0.500E-01 0.745E-08
0.500E-01 0.745E-08 0.745E-08 -0.946E-06 0.500E-01 0.492E-06 0.300E-01 0.745E-08 0.745E-08 0.745E-08 0.500E-01 0.745E-08 0.745E-08 0.745E-08 0.745E-08 0.745E-08 0.745E-08 0.500E-01 0.745E-08 0.745E-08 0.500E-01 0.500E-01 0.500E-01 0.745E-08 0.745E-08 0.500E-01 0.745E-08 0.745E-08 0.745E-08 0.745E-08 0.745E-08 0.745E-08 0.745E-08 0.745E-08 0.745E-08 0.500E-01 0.500E-01 0.745E-08 0.745E-08 0.500E-01 0.745E-08 0.500E-01 0.745E-08 0.745E-08 0.500E-01 0.745E-08 0.500E-01 0.300E-01 0.300E-01 0.745E-08 0.745E-08 0.745E-08 0.500E-01 0.500E-01 0.300E-01 0.300E-01 0.500E-01 0.500E-01 -0.946E-06 0.745E-08 0.500E-01 0.500E-01
0.745E-08 0.300E-01 0.300E-01 -0.946E-06 0.238E-06 0.745E-08 0.500E-01 0.500E-01 0.500E-01 0.745E-08 0.100 0.100 0.745E-08 0.745E-08 0.745E-08 0.745E-08 0.745E-08 0.300E-01 0.500E-01 0.745E-08 0.745E-08 0.500E-01 0.100 0.500E-01 0.745E-08 0.500E-01 0.745E-08 0.745E-08 0.745E-08 0.745E-08 0.745E-08 0.745E-08 0.745E-08 0.745E-08 0.745E-08 0.745E-08 0.745E-08 0.745E-08 0.745E-08 0.745E-08 0.745E-08 0.745E-08 0.745E-08 0.745E-08 0.500E-01 0.500E-01 0.300E-01 0.300E-01 0.745E-08 0.745E-08 0.745E-08 0.745E-08 0.745E-08 0.745E-08 0.300E-01 0.300E-01 0.500E-01 -0.946E-06 0.100 0.500E-01 0.100 0.500E-01
0.745E-08 0.300E-01 0.300E-01 0.179E-06 0.291E-06 0.500E-01 0.745E-08 0.500E-01 0.745E-08 0.745E-08 0.100 0.500E-01 0.745E-08 0.745E-08 0.745E-08 0.500E-01 0.745E-08 0.500E-01 0.745E-08 0.745E-08 0.745E-08 0.500E-01 0.100 0.745E-08 0.745E-08 0.500E-01 0.745E-08 0.745E-08 0.745E-08 0.745E-08 0.745E-08 0.745E-08 0.745E-08 0.745E-08 0.500E-01 0.500E-01 0.745E-08 0.745E-08 0.500E-01 0.500E-01 0.745E-08 0.745E-08 0.745E-08 0.745E-08 0.745E-08 0.745E-08 0.300E-01 0.300E-01 0.300E-01 0.745E-08 0.745E-08 0.500E-01 0.500E-01 0.745E-08 0.300E-01 0.745E-08 0.500E-01 0.500E-01 0.100 0.100 0.100 0.100
-0.753E-06 0.300E-01 0.300E-01 -0.946E-06 0.500E-01 0.100 0.100 0.500E-01 0.745E-08 0.745E-08 0.100 0.500E-01 0.745E-08 0.745E-08 0.745E-08 0.745E-08 0.745E-08 0.745E-08 0.300E-01 0.745E-08 0.745E-08 0.100 0.100 0.745E-08 0.745E-08 0.745E-08 0.745E-08 0.745E-08 0.745E-08 0.745E-08 0.745E-08 0.745E-08 0.500E-01 0.500E-01 0.745E-08 0.500E-01 0.500E-01 0.745E-08 0.745E-08 0.745E-08 0.745E-08 0.745E-08 0.745E-08 0.745E-08 0.500E-01 0.500E-01 0.745E-08 0.745E-08 0.300E-01 0.300E-01 0.500E-01 0.500E-01 0.500E-01 0.745E-08 0.745E-08 0.745E-08 0.500E-01 0.745E-08 0.100 0.100 0.100 0.100
-0.946E-06 -0.946E-06 -0.946E-06 -0.946E-06 0.500E-01 0.500E-01 0.500E-01 0.300E-01 0.500E-01 0.745E-08 0.500E-01 0.300E-01 0.745E-08 0.300E-01 0.500E-01 0.100 0.100 0.100 0.745E-08 0.745E-08 0.745E-08 0.100 0.100 0.500E-01 0.745E-08 0.745E-08 0.745E-08 0.745E-08 0.745E-08 0.745E-08 0.500E-01 0.745E-08 0.745E-08 0.745E-08 0.745E-08 0.745E-08 0.500E-01 0.745E-08 0.745E-08 0.745E-08 0.745E-08 0.745E-08 0.745E-08 0.745E-08 0.500E-01 0.100 0.745E-08 0.300E-01 0.745E-08 0.300E-01 0.300E-01 0.300E-01 0.300E-01 0.300E-01 0.300E-01 0.745E-08 0.500E-01 0.500E-01 0.100 0.100 0.100 0.500E-01
0.500E-01 -0.946E-06 0.500E-01 0.500E-01 0.500E-01 0.500E-01 0.500E-01 0.300E-01 0.100 0.745E-08 0.500E-01 0.300E-01 0.745E-08 0.300E-01 0.500E-01 0.500E-01 0.500E-01 0.500E-01 0.100 0.745E-08 0.500E-01 0.500E-01 0.100 0.500E-01 0.745E-08 0.500E-01 0.745E-08 0.745E-08 0.745E-08 0.745E-08 0.745E-08 0.745E-08 0.745E-08 0.745E-08 0.745E-08 0.745E-08 0.500E-01 0.500E-01 0.745E-08 0.745E-08 0.745E-08 -0.946E-06 0.745E-08 0.745E-08 0.500E-01 0.500E-01 0.300E-01 0.745E-08 0.300E-01 0.300E-01 0.300E-01 0.300E-01 0.300E-01 0.745E-08 0.745E-08 0.745E-08 0.745E-08 0.100 0.100 0.100 0.100 0.500E-01
0.500E-01 -0.946E-06 0.745E-08 0.745E-08 0.500E-01 0.500E-01 0.100 0.300E-01 0.500E-01 0.745E-08 0.500E-01 0.500E-01 0.500E-01 0.500E-01 0.500E-01 0.745E-08 0.745E-08 0.745E-08 0.500E-01 0.745E-08 0.745E-08 0.500E-01 0.500E-01 0.300E-01 0.300E-01 0.500E-01 0.745E-08 0.500E-01 0.745E-08 0.745E-08 0.745E-08 0.745E-08 0.500E-01 0.100 0.500E-01 0.745E-08 0.745E-08 0.500E-01 0.745E-08 0.745E-08 0.745E-08 0.745E-08 0.745E-08 0.745E-08 0.500E-01 0.500E-01 0.745E-08 0.745E-08 0.300E-01 0.745E-08 0.745E-08 0.745E-08 0.745E-08 0.745E-08 0.745E-08 0.745E-08 0.500E-01 0.100 0.100 0.100 0.500E-01 0.500E-01
0.500E-01 0.745E-08 0.500E-01 0.745E-08 0.500E-01 0.500E-01 0.500E-01 0.100 0.100 0.500E-01 0.500E-01 0.300E-01 0.500E-01 0.745E-08 0.500E-01 0.500E-01 0.745E-08 0.745E-08 0.745E-08 0.500E-01 0.500E-01 0.500E-01 0.500E-01 0.745E-08 0.745E-08 0.745E-08 0.100 0.100 0.100 0.100 0.745E-08 0.500E-01 0.100 0.500E-01 0.745E-08 0.745E-08 0.745E-08 0.745E-08 0.745E-08 0.745E-08 0.745E-08 0.745E-08 0.745E-08 0.745E-08 0.745E-08 0.300E-01 0.745E-08 0.300E-01 0.300E-01 0.300E-01 0.300E-01 0.300E-01 0.745E-08 0.745E-08 0.745E-08 0.745E-08 0.745E-08 0.100 0.500E-01 0.500E-01 0.745E-08 0.500E-01
0.745E-08 0.500E-01 0.745E-08 0.500E-01 0.745E-08 0.745E-08 0.500E-01 0.500E-01 0.100 0.300E-01 0.500E-01 0.500E-01 0.500E-01 0.500E-01 0.300E-01 0.500E-01 0.745E-08 0.300E-01 0.100 0.100 0.500E-01 0.500E-01 0.500E-01 0.745E-08 0.745E-08 0.745E-08 0.500E-01 0.745E-08 0.745E-08 0.500E-01 0.100 0.100 0.100 0.500E-01 0.745E-08 0.745E-08 0.745E-08 0.745E-08 0.745E-08 0.745E-08 0.745E-08 0.745E-08 0.500E-01 0.745E-08 0.745E-08 0.745E-08 0.300E-01 0.300E-01 0.300E-01 0.300E-01 0.300E-01 0.300E-01 0.300E-01 0.745E-08 0.745E-08 0.745E-08 -0.946E-06 -0.946E-06 0.500E-01 0.745E-08 0.500E-01 0.745E-08
0.745E-08 0.745E-08 0.745E-08 0.745E-08 0.745E-08 0.745E-08 0.745E-08 0.745E-08 0.500E-01 0.500E-01 0.500E-01 0.745E-08 0.500E-01 0.745E-08 0.300E-01 0.500E-01 0.745E-08 0.745E-08 0.500E-01 0.500E-01 0.745E-08 0.500E-01 0.745E-08 0.745E-08 0.745E-08 0.745E-08 0.745E-08 0.745E-08 0.745E-08 0.500E-01 0.100 0.100 0.100 0.500E-01 0.745E-08 0.745E-08 0.745E-08 0.745E-08 0.745E-08 0.745E-08 0.745E-08 0.745E-08 0.500E-01 0.745E-08 0.745E-08 0.300E-01 0.745E-08 0.300E-01 0.300E-01 0.300E-01 0.300E-01 0.300E-01 0.300E-01 0.745E-08 0.745E-08 0.745E-08 -0.946E-06 -0.946E-06 0.745E-08 0.745E-08 0.745E-08 0.500E-01
0.745E-08 0.100 0.100 0.500E-01 0.745E-08 0.745E-08 0.745E-08 0.500E-01 0.745E-08 0.300E-01 0.300E-01 0.500E-01 0.500E-01 0.500E-01 0.745E-08 0.500E-01 0.500E-01 0.500E-01 0.500E-01 0.745E-08 0.745E-08 0.745E-08 0.745E-08 0.745E-08 0.500E-01 0.745E-08 0.500E-01 0.745E-08 0.745E-08 0.500E-01 0.500E-01 0.500E-01 0.300E-01 0.745E-08 0.300E-01 0.300E-01 0.500E-01 0.500E-01 0.745E-08 0.745E-08 0.745E-08 0.745E-08 0.300E-01 0.300E-01 0.500E-01 0.500E-01 0.500E-01 0.300E-01 0.745E-08 -0.946E-06 0.300E-01 0.300E-01 0.300E-01 0.300E-01 0.745E-08 0.500E-01 0.500E-01 0.500E-01 0.745E-08 0.745E-08 0.745E-08 0.500E-01
0.745E-08 0.100 0.100 0.500E-01 0.745E-08 0.745E-08 0.745E-08 0.745E-08 0.300E-01 0.300E-01 0.500E-01 0.500E-01 0.500E-01 0.500E-01 0.745E-08 0.300E-01 0.500E-01 0.745E-08 0.745E-08 0.745E-08 0.745E-08 0.745E-08 0.745E-08 0.745E-08 0.745E-08 0.745E-08 0.745E-08 0.745E-08 0.745E-08 0.745E-08 0.300E-01 0.300E-01 0.300E-01 0.745E-08 0.745E-08 0.300E-01 0.300E-01 0.745E-08 0.300E-01 0.300E-01 0.300E-01 0.300E-01 0.300E-01 0.745E-08 0.745E-08 0.300E-01 0.300E-01 -0.522E-07 0.300E-01 0.300E-01 0.300E-01 0.300E-01 0.300E-01 0.300E-01 0.300E-01 0.500E-01 0.500E-01 0.745E-08 0.745E-08 0.745E-08 0.745E-08 0.500E-01
0.745E-08 0.100 0.100 0.100 0.100 0.100 0.500E-01 0.745E-08 0.300E-01 0.500E-01 0.745E-08 0.745E-08 0.745E-08 0.745E-08 0.300E-01 0.745E-08 0.500E-01 0.745E-08 0.745E-08 0.745E-08 0.745E-08 0.745E-08 0.745E-08 0.745E-08 0.745E-08 0.500E-01 0.745E-08 0.745E-08 0.745E-08 0.745E-08 0.300E-01 0.300E-01 0.300E-01 0.300E-01 0.745E-08 0.745E-08 0.300E-01 0.745E-08 0.745E-08 0.500E-01 0.300E-01 0.300E-01 0.745E-08 0.300E-01 0.300E-01 0.745E-08 0.500E-01 0.745E-08 0.119E-06 0.300E-01 0.300E-01 0.300E-01 0.300E-01 0.300E-01 0.275E-01 0.745E-08 0.300E-01 0.500E-01 0.745E-08 0.745E-08 0.745E-08 0.300E-01
0.745E-08 0.100 0.500E-01 0.500E-01 0.100 0.100 0.500E-01 0.500E-01 0.300E-01 0.500E-01 0.745E-08 0.745E-08 0.745E-08 0.745E-08 0.300E-01 0.745E-08 0.300E-01 0.745E-08 0.745E-08 0.500E-01 0.745E-08 0.745E-08 0.745E-08 0.745E-08 0.745E-08 0.745E-08 0.745E-08 0.745E-08 0.745E-08 0.745E-08 0.745E-08 0.745E-08 0.745E-08 0.745E-08 0.745E-08 0.300E-01 0.300E-01 0.300E-01 0.300E-01 0.300E-01 0.300E-01 0.745E-08 0.745E-08 0.500E-01 0.300E-01 0.300E-01 0.745E-08 0.745E-08 0.745E-08 0.300E-01 0.300E-01 0.300E-01 0.300E-01 0.300E-01 0.300E-01 0.500E-01 0.745E-08 0.300E-01 0.500E-01 0.500E-01 0.500E-01 -0.946E-06
0.745E-08 0.500E-01 0.500E-01 0.745E-08 0.745E-08 0.500E-01 0.500E-01 0.300E-01 0.300E-01 0.500E-01 0.300E-01 0.745E-08 0.745E-08 0.745E-08 0.300E-01 0.500E-01 0.100 0.500E-01 0.745E-08 0.100 0.500E-01 0.745E-08 0.745E-08 0.745E-08 0.500E-01 0.300E-01 0.100 0.100 0.745E-08 0.745E-08 0.745E-08 0.745E-08 0.745E-08 0.300E-01 0.300E-01 0.300E-01 0.745E-08 0.745E-08 0.745E-08 0.745E-08 0.300E-01 0.500E-01 0.745E-08 0.500E-01 0.745E-08 0.300E-01 0.745E-08 0.745E-08 0.745E-08 0.300E-01 0.300E-01 0.300E-01 0.300E-01 0.300E-01 -0.522E-07 0.492E-06 0.300E-01 0.300E-01 0.500E-01 0.500E-01 0.179E-06 0.171E-06
0.300E-01 0.500E-01 0.500E-01 0.500E-01 0.745E-08 0.745E-08 0.745E-08 0.500E-01 0.300E-01 0.300E-01 0.300E-01 0.500E-01 0.500E-01 0.300E-01 0.745E-08 0.500E-01 0.500E-01 0.500E-01 0.500E-01 0.100 0.500E-01 0.745E-08 0.745E-08 0.745E-08 0.745E-08 0.500E-01 0.500E-01 0.745E-08 0.745E-08 0.745E-08 0.745E-08 0.745E-08 0.300E-01 0.300E-01 0.300E-01 0.300E-01 0.300E-01 0.300E-01 0.300E-01 0.300E-01 0.300E-01 0.500E-01 0.100 0.500E-01 0.300E-01 0.300E-01 0.745E-08 0.745E-08 0.745E-08 0.300E-01 0.745E-08 0.500E-01 0.149E-07 0.201E-06 0.300E-01 -0.753E-06 -0.946E-06 -0.946E-06 0.745E-08 0.500E-01 -0.946E-06 0.500E-01
0.300E-01 0.500E-01 0.500E-01 0.500E-01 0.745E-08 0.745E-08 0.500E-01 0.745E-08 0.745E-08 0.745E-08 0.300E-01 0.745E-08 0.745E-08 0.745E-08 0.500E-01 0.500E-01 0.300E-01 0.300E-01 0.300E-01 0.300E-01 0.300E-01 0.300E-01 0.300E-01 0.300E-01 0.745E-08 0.500E-01 0.745E-08 0.745E-08 0.745E-08 0.745E-08 0.745E-08 0.745E-08 0.745E-08 0.300E-01 0.300E-01 0.300E-01 0.300E-01 0.500E-01 0.300E-01 0.300E-01 0.500E-01 0.500E-01 0.500E-01 0.500E-01 0.300E-01 0.300E-01 0.745E-08 0.745E-08 0.300E-01 0.300E-01 0.500E-01 0.500E-01 0.500E-01 0.745E-08 0.745E-08 0.581E-06 -0.946E-06 -0.946E-06 -0.946E-06 0.492E-06 0.745E-08 0.500E-01
0.300E-01 0.500E-01 0.100 0.100 0.745E-08 0.745E-08 0.745E-08 0.745E-08 0.745E-08 0.300E-01 0.300E-01 0.300E-01 0.745E-08 0.745E-08 0.745E-08 0.300E-01 0.300E-01 0.300E-01 0.300E-01 0.300E-01 0.300E-01 0.300E-01 0.300E-01 0.275E-01 0.300E-01 0.300E-01 0.745E-08 0.745E-08 0.745E-08 0.745E-08 0.745E-08 0.745E-08 0.300E-01 0.300E-01 0.300E-01 0.300E-01 0.300E-01 0.500E-01 0.745E-08 0.500E-01 0.300E-01 0.745E-08 0.745E-08 0.745E-08 0.745E-08 0.745E-08 0.745E-08 0.745E-08 0.300E-01 0.300E-01 0.745E-08 0.745E-08 0.745E-08 0.745E-08 0.745E-08 0.300E-01 -0.946E-06 -0.946E-06 -0.753E-06 -0.946E-06 0.500E-01 0.500E-01
0.500E-01 0.500E-01 0.500E-01 0.500E-01 0.500E-01 0.500E-01 0.745E-08 0.745E-08 0.745E-08 0.500E-01 0.500E-01 0.500E-01 0.500E-01 0.745E-08 0.745E-08 0.745E-08 0.300E-01 0.300E-01 0.300E-01 0.745E-08 0.300E-01 0.500E-01 0.300E-01 0.300E-01 0.300E-01 0.300E-01 0.300E-01 0.300E-01 0.300E-01 0.300E-01 0.300E-01 0.745E-08 0.300E-01 0.300E-01 0.300E-01 0.300E-01 0.300E-01 0.500E-01 0.745E-08 0.745E-08 0.745E-08 0.300E-01 0.300E-01 0.745E-08 0.745E-08 0.745E-08 0.745E-08 0.745E-08 0.300E-01 0.300E-01 0.745E-08 0.745E-08 0.745E-08 0.745E-08 0.745E-08 0.300E-01 -0.946E-06 -0.946E-06 0.462E-06 -0.946E-06 0.500E-01 0.745E-08
0.745E-08 0.745E-08 0.500E-01 0.745E-08 0.500E-01 0.745E-08 0.745E-08 0.745E-08 0.300E-01 0.300E-01 0.300E-01 0.745E-08 0.745E-08 0.745E-08 0.745E-08 0.745E-08 0.745E-08 0.745E-08 0.745E-08 0.500E-01 0.745E-08 0.500E-01 0.745E-08 0.745E-08 0.745E-08 0.745E-08 0.745E-08 0.745E-08 0.745E-08 0.500E-01 0.300E-01 0.275E-01 0.300E-01 0.300E-01 0.300E-01 0.745E-08 0.300E-01 0.300E-01 0.745E-08 0.745E-08 0.300E-01 0.300E-01 0.300E-01 0.300E-01 0.300E-01 0.300E-01 0.745E-08 0.745E-08 0.745E-08 0.745E-08 0.300E-01 0.300E-01 0.745E-08 0.300E-01 0.300E-01 0.275E-01 -0.946E-06 -0.946E-06 0.946E-06 -0.946E-06 0.745E-08 0.
0.745E-08 0.745E-08 0.500E-01 0.500E-01 0.745E-08 0.745E-08 0.745E-08 0.300E-01 0.745E-08 0.300E-01 0.745E-08 0.745E-08 0.745E-08 0.745E-08 0.745E-08 0.745E-08 0.745E-08 0.745E-08 0.745E-08 0.500E-01 0.500E-01 0.500E-01 0.500E-01 0.745E-08 0.500E-01 0.745E-08 0.745E-08 0.745E-08 0.745E-08 0.745E-08 0.745E-08 0.300E-01 0.300E-01 -0.946E-06 0.300E-01 0.300E-01 0.300E-01 0.745E-08 0.745E-08 0.745E-08 0.300E-01 0.300E-01 0.745E-08 0.300E-01 0.300E-01 0.300E-01 0.745E-08 -0.946E-06 0.745E-08 0.745E-08 0.745E-08 0.745E-08 0.745E-08 0.745E-08 0.745E-08 -0.946E-06 -0.484E-06 -0.946E-06 -0.946E-06 -0.775E-06 0.171E-06 0.500E-01
0.745E-08 0.500E-01 0.500E-01 0.500E-01 0.745E-08 0.745E-08 0.745E-08 0.300E-01 0.500E-01 0.300E-01 0.500E-01 0.745E-08 0.745E-08 0.745E-08 0.745E-08 0.745E-08 0.745E-08 0.745E-08 0.745E-08 0.745E-08 0.500E-01 0.500E-01 0.745E-08 0.745E-08 0.745E-08 0.500E-01 0.500E-01 0.745E-08 0.745E-08 0.745E-08 0.745E-08 0.745E-08 0.745E-08 0.300E-01 0.300E-01 0.300E-01 0.300E-01 0.745E-08 0.300E-01 0.300E-01 0.300E-01 0.745E-08 0.300E-01 0.300E-01 0.275E-01 0.142E-06 0.156E-06 -0.678E-06 0.149E-06 -0.849E-06 0.745E-08 0.300E-01 0.300E-01 0.300E-01 0.300E-01 0.300E-01 -0.946E-06 0.395E-06 -0.946E-06 -0.946E-06 0.745E-08 0.500E-01
0.500E-01 0.500E-01 0.500E-01 0.500E-01 0.745E-08 0.745E-08 0.745E-08 0.500E-01 0.745E-08 0.745E-08 0.745E-08 0.500E-01 0.500E-01 0.500E-01 0.500E-01 0.500E-01 0.745E-08 0.745E-08 0.745E-08 0.745E-08 0.745E-08 0.745E-08 0.745E-08 0.300E-01 0.745E-08 0.500E-01 0.300E-01 0.300E-01 0.300E-01 0.300E-01 0.300E-01 0.300E-01 0.275E-01 0.300E-01 0.500E-01 0.500E-01 -0.224E-06 0.447E-07 -0.149E-06 0.164E-06 -0.224E-06 0.300E-01 0.300E-01 0.500E-01 0.500E-01 0.500E-01 -0.946E-06 0.745E-08 0.745E-08 0.300E-01 0.300E-01 0.300E-01 0.300E-01 0.300E-01 0.300E-01 0.300E-01 0.300E-01 0.300E-01 0.179E-06 -0.946E-06 -0.946E-06 0.745E-08
