share/VS_Project/swb/x64/Debug/MASS_BALANCE_08_18_1990.asc
NCOLS        340
NROWS        316
XLLCORNER     528502.530
YLLCORNER     274871.653
CELLSIZE        100.000
NODATA_VALUE    -9999.000
[rows 216 to 242 of 316, columns 122 to 182 of 340]
0.112E-06 0.300E-01 -0.596E-07 0.112E-06 0.500E-01 0.500E-01 -0.596E-07 0.112E-06 0.500E-01 0.648E-06 -0.596E-07 -0.596E-07 0.112E-06 -0.179E-06 0.112E-06 -0.596E-07 0.300E-01 0.298E-06 -0.179E-06 0.447E-07 -0.596E-07 0.447E-07 0.300E-01 -0.596E-07 0.112E-06 0.112E-06 0.112E-06 0.112E-06 0.112E-06 -0.298E-06 -0.298E-06 0.500E-01 0.300E-01 -0.596E-07 0.300E-01 0.300E-01 0.300E-01 0.300E-01 0.300E-01 0.300E-01 0.298E-06 -0.179E-06 0.112E-06 -0.596E-07 -0.596E-07 -0.596E-07 0.500E-01 0.500E-01 -0.596E-07 -0.596E-07 0.300E-01 0.300E-01 0.300E-01 0.300E-01 -0.173E-05 -0.596E-07 0.300E-01 0.300E-01 0.112E-06 0.112E-06 -0.782E-06
0.500E-01 0.500E-01 -0.596E-07 0.112E-06 -0.305E-06 0.100 0.112E-06 0.112E-06 0.500E-01 -0.246E-06 0.500E-01 -0.186E-06 0.300E-01 -0.745E-07 0.300E-01 0.300E-01 0.298E-06 0.179E-06 0.179E-06 0.500E-01 0.300E-01 0.300E-01 0.300E-01 0.447E-07 -0.596E-07 -0.179E-06 0.500E-01 0.596E-07 -0.596E-07 -0.596E-07 -0.596E-07 0.500E-01 0.300E-01 -0.596E-07 0.300E-01 0.500E-01 0.500E-01 0.447E-07 -0.596E-07 -0.596E-07 -0.596E-07 0.300E-01 0.298E-06 0.596E-07 -0.596E-07 0.596E-07 0.500E-01 0.500E-01 0.112E-06 0.500E-01 0.300E-01 -0.596E-07 0.112E-06 0.500E-01 0.500E-01 0.179E-06 -0.173E-05 -0.745E-07 0.596E-07 -0.775E-06 -0.782E-06
0.100 0.500E-01 -0.596E-07 0.112E-06 0.112E-06 0.100 -0.246E-06 -0.246E-06 0.500E-01 -0.671E-07 -0.246E-06 0.300E-01 0.300E-01 -0.596E-07 0.300E-01 0.300E-01 0.300E-01 0.300E-01 0.300E-01 0.300E-01 0.300E-01 0.300E-01 -0.596E-07 -0.596E-07 -0.596E-07 -0.596E-07 0.112E-06 0.171E-06 0.500E-01 -0.298E-06 -0.179E-06 0.500E-01 0.500E-01 -0.596E-07 0.300E-01 0.300E-01 0.500E-01 0.500E-01 0.300E-01 0.300E-01 -0.596E-07 0.500E-01 -0.596E-07 0.112E-06 -0.596E-07 0.596E-07 0.500E-01 -0.246E-06 0.500E-01 0.500E-01 -0.596E-07 -0.596E-07 0.112E-06 0.500E-01 0.500E-01 0.500E-01 0.171E-06 0.171E-06 -0.775E-06 -0.775E-06 0.300E-01
-0.246E-06 0.100 0.500E-01 0.112E-06 0.500E-01 0.100 -0.246E-06 0.100 0.500E-01 -0.596E-07 0.300E-01 -0.186E-06 -0.596E-07 -0.596E-07 -0.596E-07 -0.596E-07 0.112E-06 -0.596E-07 -0.596E-07 -0.596E-07 0.447E-07 0.500E-01 -0.596E-07 -0.596E-07 -0.596E-07 -0.596E-07 -0.596E-07 0.112E-06 0.500E-01 0.596E-07 0.171E-06 0.500E-01 0.500E-01 -0.596E-07 0.179E-06 -0.596E-07 0.300E-01 0.500E-01 0.500E-01 0.447E-07 -0.596E-07 0.500E-01 0.500E-01 0.300E-01 -0.596E-07 0.179E-06 0.500E-01 -0.246E-06 -0.246E-06 -0.417E-06 -0.246E-06 0.231E-06 -0.671E-07 -0.179E-06 -0.596E-07 0.500E-01 0.500E-01 0.500E-01 -0.186E-06 -0.179E-06 0.417E-06
-0.745E-07 0.500E-01 0.100 0.112E-06 0.100 0.100 -0.298E-06 0.500E-01 -0.246E-06 0.500E-01 0.300E-01 -0.127E-06 0.300E-01 -0.596E-07 -0.596E-07 -0.596E-07 0.596E-07 0.112E-06 -0.596E-07 -0.596E-07 -0.596E-07 0.596E-07 0.298E-06 -0.596E-07 -0.596E-07 -0.596E-07 0.500E-01 0.500E-01 0.300E-01 0.300E-01 -0.671E-07 -0.596E-07 0.300E-01 -0.596E-07 0.500E-01 0.500E-01 0.500E-01 0.500E-01 0.500E-01 0.596E-07 0.100 0.500E-01 0.300E-01 0.300E-01 0.536E-06 0.596E-07 0.100 -0.246E-06 0.500E-01 0.298E-06 -0.298E-06 0.596E-07 0.300E-01 0.500E-01 -0.596E-07 -0.596E-07 -0.596E-07 0.447E-07 0.238E-06 0.300E-01 0.500E-01
0.298E-06 0.500E-01 0.100 0.410E-06 0.500E-01 0.500E-01 -0.305E-06 0.500E-01 0.500E-01 0.100 0.500E-01 0.300E-01 0.300E-01 -0.186E-06 -0.186E-06 -0.596E-07 -0.596E-07 0.300E-01 0.300E-01 0.300E-01 0.300E-01 0.300E-01 0.500E-01 0.300E-01 0.300E-01 0.300E-01 0.300E-01 0.300E-01 0.300E-01 -0.596E-07 0.500E-01 0.300E-01 -0.596E-07 0.500E-01 0.100 0.500E-01 0.500E-01 0.100 0.500E-01 0.500E-01 0.100 0.500E-01 0.300E-01 0.300E-01 0.500E-01 -0.179E-06 0.500E-01 -0.246E-06 0.500E-01 0.300E-01 0.300E-01 0.500E-01 0.500E-01 -0.246E-06 0.112E-06 0.112E-06 0.300E-01 0.596E-07 0.500E-01 0.500E-01 0.500E-01
-0.298E-06 0.112E-06 0.500E-01 0.500E-01 0.500E-01 0.500E-01 0.500E-01 0.500E-01 0.500E-01 0.100 0.112E-06 0.300E-01 0.300E-01 0.300E-01 -0.186E-06 -0.186E-06 0.112E-06 -0.186E-06 -0.596E-07 -0.745E-08 0.300E-01 0.300E-01 0.500E-01 0.300E-01 0.300E-01 0.500E-01 0.500E-01 0.300E-01 0.500E-01 -0.596E-07 0.300E-01 -0.596E-07 0.500E-01 0.500E-01 0.500E-01 0.596E-07 0.500E-01 0.500E-01 0.100 0.500E-01 0.500E-01 0.500E-01 0.300E-01 0.300E-01 0.500E-01 0.410E-06 0.500E-01 0.112E-06 0.300E-01 0.300E-01 0.500E-01 0.500E-01 0.500E-01 0.500E-01 0.300E-01 0.500E-01 0.596E-07 -0.596E-07 0.500E-01 0.100 0.100
0.179E-06 -0.298E-06 0.536E-06 0.500E-01 0.100 0.500E-01 0.112E-06 0.112E-06 -0.246E-06 0.500E-01 0.500E-01 0.500E-01 0.500E-01 0.417E-06 0. -0.186E-06 0.536E-06 -0.484E-06 0.112E-06 0.112E-06 0.112E-06 0.112E-06 0.112E-06 0.500E-01 0.500E-01 0.100 0.500E-01 0.300E-01 0.300E-01 0.300E-01 0.500E-01 0.300E-01 0.500E-01 0.500E-01 0.300E-01 0.500E-01 0.500E-01 0.500E-01 0.500E-01 0.300E-01 0.300E-01 0.300E-01 0.300E-01 0.112E-06 0.410E-06 0.500E-01 0.500E-01 0.112E-06 0.500E-01 0.500E-01 0.500E-01 0.500E-01 0.500E-01 -0.596E-07 0.596E-07 0.500E-01 0.500E-01 0.500E-01 0.100 -0.596E-07 -0.596E-07
0.500E-01 0.100 -0.671E-07 0.112E-06 0.500E-01 0.500E-01 -0.186E-06 -0.596E-07 0.300E-01 0.112E-06 0.300E-01 0.500E-01 -0.298E-06 0.522E-07 -0.246E-06 0.112E-06 0.447E-07 -0.246E-06 0.500E-01 0.500E-01 -0.246E-06 -0.246E-06 -0.179E-06 0.500E-01 -0.596E-07 -0.596E-07 0.300E-01 0.300E-01 0.500E-01 0.300E-01 -0.596E-07 0.171E-06 0.300E-01 0.300E-01 0.500E-01 0.300E-01 0.300E-01 0.500E-01 0.500E-01 0.300E-01 0.300E-01 0.500E-01 0.500E-01 0.112E-06 0.410E-06 -0.745E-08 0.300E-01 -0.186E-06 0.500E-01 0.500E-01 0.300E-01 -0.596E-07 -0.596E-07 0.500E-01 -0.186E-06 0.500E-01 0.112E-06 0.112E-06 0.500E-01 -0.596E-07 -0.596E-07
0.500E-01 0.100 0.358E-06 -0.596E-07 -0.596E-07 0.500E-01 0.500E-01 -0.186E-06 -0.246E-06 -0.246E-06 -0.246E-06 0.300E-01 0.300E-01 0.300E-01 -0.246E-06 -0.186E-06 0.447E-07 0.112E-06 0.112E-06 0.522E-07 0.522E-07 0.300E-01 0.500E-01 -0.596E-07 0.500E-01 0.500E-01 0.300E-01 0.300E-01 0.300E-01 0.300E-01 -0.186E-06 0.300E-01 0.300E-01 0.500E-01 -0.186E-06 0.300E-01 0.100 0.100 -0.596E-07 -0.186E-06 0.300E-01 0.300E-01 0.300E-01 0.112E-06 -0.179E-06 0.300E-01 0.300E-01 0.112E-06 0.500E-01 0.112E-06 0.300E-01 -0.596E-07 0.500E-01 0.500E-01 0.500E-01 -0.596E-07 -0.596E-07 -0.596E-07 -0.596E-07 -0.596E-07 0.410E-06
0.500E-01 0.500E-01 0.100 0.100 0.500E-01 0.100 0.500E-01 0.112E-06 0.300E-01 0.500E-01 0.500E-01 0.300E-01 -0.305E-06 -0.186E-06 0.500E-01 0.112E-06 0.522E-07 0.410E-06 -0.305E-06 -0.305E-06 -0.298E-06 0.500E-01 0.500E-01 0.500E-01 -0.596E-07 -0.596E-07 0.300E-01 0.300E-01 0.300E-01 0.300E-01 0.500E-01 0.300E-01 0.500E-01 0.500E-01 0.112E-06 0.500E-01 0.100 0.500E-01 0.298E-06 0.350E-06 0.300E-01 0.300E-01 0.112E-06 0.596E-07 0.522E-07 0.300E-01 0.300E-01 0.500E-01 0.500E-01 0.112E-06 0.500E-01 0.500E-01 0.300E-01 0.300E-01 -0.596E-07 -0.596E-07 -0.596E-07 0.112E-06 -0.246E-06 -0.596E-07 0.112E-06
0.112E-06 0.500E-01 0.100 0.100 0.500E-01 0.500E-01 -0.186E-06 -0.596E-07 0.500E-01 0.100 0.171E-06 -0.671E-07 -0.425E-06 0.300E-01 -0.246E-06 0.179E-06 -0.596E-07 0.171E-06 -0.305E-06 0.112E-06 0.300E-01 0.300E-01 0.500E-01 -0.298E-06 -0.596E-07 -0.596E-07 0.300E-01 0.300E-01 0.500E-01 0.300E-01 -0.365E-06 0.300E-01 0.500E-01 0.112E-06 0.500E-01 0.100 0.500E-01 0.112E-06 0.500E-01 -0.305E-06 -0.194E-06 0.112E-06 0.112E-06 -0.305E-06 0.112E-06 0.300E-01 0.300E-01 0.500E-01 0.500E-01 -0.596E-07 -0.596E-07 -0.596E-07 -0.596E-07 -0.596E-07 0.300E-01 0.300E-01 0.500E-01 0.500E-01 0.300E-01 0.500E-01 0.300E-01
0.500E-01 0.100 0.100 0.100 0.500E-01 0.500E-01 -0.186E-06 0.500E-01 0.100 0.100 0.112E-06 0.112E-06 0.500E-01 0.300E-01 0.112E-06 0.447E-07 0.112E-06 0.112E-06 0.112E-06 0.112E-06 0.300E-01 0.300E-01 -0.186E-06 0.300E-01 0.300E-01 -0.596E-07 0.300E-01 0.500E-01 0.300E-01 0.300E-01 0.500E-01 0.500E-01 -0.186E-06 0.112E-06 0.500E-01 0.100 0.300E-01 0.112E-06 0.300E-01 0.291E-06 0.300E-01 0.112E-06 0.112E-06 0.112E-06 0.112E-06 0.300E-01 0.300E-01 0.300E-01 -0.596E-07 -0.596E-07 -0.596E-07 -0.596E-07 -0.596E-07 0.500E-01 0.300E-01 0.300E-01 0.500E-01 0.300E-01 0.300E-01 0.500E-01 0.500E-01
0.500E-01 0.112E-06 0.500E-01 0.100 -0.358E-06 0.500E-01 -0.246E-06 0.100 0.100 0.100 0.500E-01 0.522E-07 0.112E-06 0.171E-06 0.300E-01 0.300E-01 -0.186E-06 0.112E-06 0.300E-01 0.291E-06 0.300E-01 0.300E-01 -0.186E-06 0.112E-06 0.112E-06 0.112E-06 0.300E-01 0.500E-01 0.300E-01 0.300E-01 0.300E-01 0.300E-01 -0.186E-06 0.529E-06 0.500E-01 0.300E-01 -0.186E-06 0.112E-06 0.500E-01 0.300E-01 0.300E-01 0.112E-06 -0.596E-07 -0.596E-07 -0.596E-07 -0.596E-07 0.300E-01 -0.596E-07 0.179E-06 0.112E-06 0.500E-01 0.500E-01 0.500E-01 0.500E-01 0.100 0.500E-01 0.300E-01 0.300E-01 0.300E-01 0.300E-01 0.300E-01
-0.596E-07 -0.596E-07 0.112E-06 0.500E-01 0.100 -0.365E-06 0.100 0.100 0.100 0.100 0.100 0.100 0.100 0.500E-01 0.300E-01 0.112E-06 -0.186E-06 -0.596E-07 -0.596E-07 0.447E-07 0.112E-06 0.300E-01 0.171E-06 0.112E-06 0.112E-06 -0.179E-06 0.300E-01 0.300E-01 0.300E-01 -0.246E-06 0.300E-01 0.300E-01 0.112E-06 -0.179E-06 0.300E-01 0.300E-01 -0.246E-06 -0.596E-07 0.522E-07 0.112E-06 0.112E-06 0.112E-06 -0.596E-07 -0.596E-07 0.112E-06 0.447E-07 -0.596E-07 0.300E-01 -0.596E-07 -0.596E-07 -0.596E-07 -0.186E-06 -0.186E-06 0.500E-01 0.300E-01 0.300E-01 0.500E-01 0.500E-01 0.300E-01 -0.305E-06 -0.723E-06
0.500E-01 0.500E-01 0.500E-01 0.100 0.100 0.500E-01 0.100 0.100 0.100 0.100 0.100 0.100 0.100 0.100 0.300E-01 0.300E-01 -0.186E-06 0.112E-06 -0.745E-08 0.300E-01 0.300E-01 0.112E-06 0.500E-01 0.112E-06 0.112E-06 -0.179E-06 0.300E-01 0.300E-01 0.300E-01 0.291E-06 0.112E-06 0.112E-06 0.300E-01 0.300E-01 0.500E-01 0.500E-01 0.500E-01 0.112E-06 0.112E-06 -0.186E-06 -0.596E-07 0.500E-01 0.596E-07 0.522E-07 0.410E-06 -0.596E-07 -0.596E-07 -0.596E-07 -0.596E-07 -0.596E-07 0.112E-06 0.112E-06 0.112E-06 0.410E-06 0.596E-07 0.171E-06 -0.238E-06 0.417E-06 0.500E-01 0.300E-01 0.500E-01
0.300E-01 0.500E-01 0.500E-01 0.500E-01 0.100 -0.179E-06 0.100 0.500E-01 0.300E-01 0.300E-01 0.500E-01 0.100 -0.246E-06 0.100 0.300E-01 0.300E-01 0.112E-06 0.112E-06 0.112E-06 -0.186E-06 0.300E-01 0.300E-01 -0.186E-06 -0.745E-07 -0.596E-07 -0.425E-06 -0.186E-06 0.300E-01 0.300E-01 0.112E-06 0.112E-06 0.112E-06 0.300E-01 0.300E-01 0.500E-01 0.300E-01 0.300E-01 0.300E-01 0.112E-06 -0.596E-07 0.112E-06 0.500E-01 -0.596E-07 -0.596E-07 -0.305E-06 0.500E-01 0.112E-06 0.112E-06 -0.596E-07 -0.596E-07 -0.596E-07 -0.417E-06 0.112E-06 0.112E-06 0.500E-01 -0.417E-06 -0.425E-06 0.112E-06 0.500E-01 0.417E-06 -0.305E-06
0.300E-01 0.300E-01 0.300E-01 0.300E-01 0.500E-01 0.500E-01 0.100 0.500E-01 0.500E-01 0.300E-01 -0.127E-06 -0.246E-06 -0.246E-06 0.500E-01 0.500E-01 0.300E-01 0.112E-06 0.500E-01 0.500E-01 0.500E-01 0.300E-01 0.300E-01 -0.186E-06 -0.745E-07 -0.186E-06 -0.186E-06 0.300E-01 0.300E-01 0.300E-01 0.300E-01 0.112E-06 0.536E-06 -0.186E-06 0.522E-07 0.300E-01 0.300E-01 0.179E-06 0.171E-06 0.500E-01 0.500E-01 0.300E-01 0.112E-06 -0.596E-07 -0.596E-07 0.112E-06 -0.298E-06 0.500E-01 0.112E-06 0.500E-01 0.112E-06 -0.596E-07 0.500E-01 0.500E-01 0.112E-06 0.500E-01 0.500E-01 -0.782E-06 0.171E-06 -0.596E-07 0.500E-01 0.500E-01
0.300E-01 0.300E-01 0.300E-01 0.500E-01 0.500E-01 0.500E-01 0.100 0.469E-06 0.291E-06 -0.246E-06 0.112E-06 0.298E-06 -0.246E-06 0.500E-01 0.500E-01 -0.484E-06 -0.246E-06 0.112E-06 -0.745E-08 0.500E-01 0.447E-07 -0.596E-07 -0.186E-06 -0.745E-07 -0.246E-06 -0.186E-06 0.112E-06 0.300E-01 -0.246E-06 0.500E-01 0.500E-01 0.300E-01 0.300E-01 0.300E-01 0.112E-06 -0.246E-06 0.291E-06 0.300E-01 0.500E-01 0.500E-01 0.500E-01 0.179E-06 0.112E-06 -0.596E-07 0.112E-06 0.171E-06 0.596E-07 0.500E-01 0.500E-01 0.100 0.500E-01 0.500E-01 0.500E-01 0.500E-01 0.596E-07 0.596E-07 -0.596E-07 0.300E-01 0.500E-01 0.500E-01 0.500E-01
0.300E-01 0.300E-01 0.300E-01 0.500E-01 0.500E-01 0.500E-01 0.500E-01 -0.246E-06 -0.246E-06 0.112E-06 0.112E-06 -0.186E-06 -0.246E-06 0.300E-01 0.500E-01 0.500E-01 0.291E-06 -0.186E-06 0.112E-06 0.112E-06 0.112E-06 -0.186E-06 -0.186E-06 -0.186E-06 -0.596E-07 0.171E-06 -0.305E-06 -0.596E-07 -0.246E-06 -0.246E-06 -0.596E-07 -0.246E-06 -0.246E-06 -0.246E-06 -0.246E-06 0.179E-06 -0.246E-06 0.300E-01 0.300E-01 0.500E-01 0.500E-01 0.410E-06 0.410E-06 0.112E-06 0.112E-06 -0.745E-08 -0.782E-06 0.500E-01 0.500E-01 0.596E-07 0.596E-07 0.500E-01 0.500E-01 -0.544E-06 0.529E-06 -0.186E-06 0.300E-01 0.500E-01 0.500E-01 0.500E-01 0.500E-01
0.500E-01 0.500E-01 0.171E-06 0.500E-01 0. 0.100 0.500E-01 0.500E-01 -0.246E-06 -0.671E-07 0.447E-07 -0.745E-07 -0.745E-07 0.500E-01 0.500E-01 -0.745E-08 -0.298E-06 0.447E-07 0.112E-06 0.410E-06 0.179E-06 0.291E-06 -0.186E-06 0.112E-06 0.112E-06 -0.298E-06 0.300E-01 0.300E-01 0.300E-01 -0.246E-06 -0.179E-06 -0.246E-06 -0.417E-06 -0.671E-07 -0.246E-06 0.500E-01 0.500E-01 0.300E-01 0.300E-01 -0.782E-06 -0.246E-06 0.112E-06 0.500E-01 0.112E-06 0.112E-06 0.112E-06 -0.745E-08 0.500E-01 0.500E-01 0.500E-01 0.101E-05 0.500E-01 -0.909E-06 -0.544E-06 0.648E-06 -0.179E-06 0.300E-01 0.500E-01 0.500E-01 0.300E-01 0.112E-06
0.500E-01 0.500E-01 0.100 0.100 0.100 0.100 0.100 0.100 0.171E-06 -0.194E-06 0.596E-07 -0.745E-07 -0.246E-06 0.300E-01 0.500E-01 0.500E-01 0.112E-06 0.447E-07 0. -0.305E-06 -0.671E-07 0.300E-01 0.529E-06 0.300E-01 0.300E-01 0.112E-06 0.410E-06 0.656E-06 0.300E-01 -0.246E-06 -0.298E-06 -0.246E-06 -0.425E-06 -0.544E-06 -0.246E-06 -0.246E-06 -0.246E-06 0.300E-01 0.300E-01 0.500E-01 0.500E-01 0.500E-01 0.500E-01 0.500E-01 0.112E-06 0.112E-06 0.112E-06 0.500E-01 0.500E-01 0.500E-01 0.500E-01 -0.782E-06 0.113E-05 0.522E-07 0.300E-01 0.231E-06 0.500E-01 0.500E-01 0.500E-01 -0.596E-07 0.112E-06
0.100 0.500E-01 0.447E-07 0.447E-07 0.500E-01 0.100 0.100 0.100 0.500E-01 0.500E-01 0.447E-07 0.447E-07 -0.246E-06 -0.246E-06 -0.246E-06 0.447E-07 0.447E-07 -0.745E-07 0.112E-06 0.112E-06 0.112E-06 0.410E-06 0.656E-06 -0.298E-06 0.112E-06 0.112E-06 0.112E-06 0.410E-06 0.300E-01 0.300E-01 -0.305E-06 0.112E-06 -0.305E-06 -0.246E-06 -0.246E-06 -0.246E-06 -0.246E-06 0.112E-06 0.300E-01 0.300E-01 0.500E-01 0.500E-01 0.500E-01 0.500E-01 0.112E-06 0.112E-06 0.112E-06 -0.596E-07 -0.596E-07 0.500E-01 -0.596E-07 0.500E-01 0.500E-01 0.500E-01 0.500E-01 0.500E-01 0.500E-01 0.500E-01 -0.596E-07 0.112E-06 0.500E-01
0.100 0.500E-01 0.447E-07 0.447E-07 0.596E-07 0.100 0.100 0.100 0.100 0.100 -0.246E-06 0.500E-01 0.447E-07 0.447E-07 -0.745E-07 -0.745E-07 -0.745E-07 0.596E-07 0.112E-06 -0.745E-07 -0.745E-07 -0.745E-07 0.500E-01 0.500E-01 0.171E-06 0.410E-06 0.112E-06 0.112E-06 -0.782E-06 0.300E-01 0.447E-07 0.300E-01 -0.246E-06 0.300E-01 0.112E-06 0.410E-06 -0.179E-06 -0.246E-06 0.112E-06 -0.246E-06 0.112E-06 0.500E-01 0.500E-01 0.171E-06 0.596E-07 -0.596E-07 0.300E-01 -0.596E-07 0.500E-01 0.500E-01 -0.596E-07 0.164E-06 -0.596E-07 -0.246E-06 0.500E-01 0.300E-01 0.300E-01 0.500E-01 0.112E-06 0.410E-06 -0.186E-06
0.500E-01 0.500E-01 -0.745E-07 -0.745E-07 -0.745E-07 0.100 0.100 0.100 0.100 0.100 0.100 0.100 0.100 0.100 0.447E-07 0.596E-07 0.164E-06 0.179E-06 -0.246E-06 -0.246E-06 -0.194E-06 -0.745E-07 -0.246E-06 -0.246E-06 -0.246E-06 0.171E-06 0.112E-06 0.112E-06 -0.596E-07 -0.782E-06 -0.179E-06 -0.298E-06 0.500E-01 0.500E-01 0.300E-01 0.300E-01 0.179E-06 0.112E-06 0.500E-01 0.410E-06 0.410E-06 0.500E-01 -0.246E-06 0.500E-01 0.500E-01 0.179E-06 -0.596E-07 -0.596E-07 -0.596E-07 -0.596E-07 0.500E-01 0.300E-01 0.500E-01 -0.246E-06 0.500E-01 0.300E-01 0.300E-01 0.500E-01 -0.596E-07 0.112E-06 0.500E-01
0.300E-01 0.300E-01 0.447E-07 0.179E-06 0.171E-06 0.100 0.100 0.100 0.100 0.100 0.100 0.100 0.500E-01 -0.246E-06 0.447E-07 0.447E-07 -0.194E-06 -0.298E-06 0.596E-07 -0.745E-07 -0.745E-07 0.447E-07 0.447E-07 -0.745E-07 -0.745E-07 -0.246E-06 -0.298E-06 -0.298E-06 -0.298E-06 -0.221E-05 -0.174E-05 0.500E-01 -0.221E-05 0.500E-01 0.500E-01 0.500E-01 0.500E-01 0.500E-01 0.500E-01 0.500E-01 0.500E-01 0.500E-01 -0.417E-06 0.596E-07 0.300E-01 0.300E-01 0.500E-01 0.500E-01 0.500E-01 0.500E-01 0.500E-01 0.500E-01 0.500E-01 -0.305E-06 -0.246E-06 -0.246E-06 0.300E-01 0.171E-06 -0.179E-06 0.500E-01 0.100
0.500E-01 0.500E-01 0.447E-07 0.447E-07 0.100 0.500E-01 0.500E-01 -0.745E-08 0.500E-01 0.447E-07 0.100 0.100 0.100 0.500E-01 0.112E-06 0.112E-06 0.112E-06 0.410E-06 -0.298E-06 -0.745E-07 -0.745E-07 -0.536E-06 0.112E-06 -0.194E-06 0.300E-01 0.522E-07 -0.544E-06 0.500E-01 0.500E-01 -0.246E-06 0.231E-06 -0.246E-06 0.500E-01 0.500E-01 0.500E-01 0.300E-01 0.300E-01 0.300E-01 0.300E-01 0.300E-01 0.542E-05 0.500E-01 0.500E-01 0.500E-01 0.500E-01 0.500E-01 0.500E-01 0.100 0.500E-01 0.500E-01 0.100 0.500E-01 0.112E-06 -0.246E-06 0.112E-06 0.500E-01 0.300E-01 -0.596E-07 -0.596E-07 0.112E-06 0.300E-01
