share/VS_Project/swb/x64/Debug/MASS_BALANCE_08_24_1990.asc
NCOLS        340
NROWS        316
XLLCORNER     528502.530
YLLCORNER     274871.653
CELLSIZE        100.000
NODATA_VALUE    -9999.000
[rows 0 to 26 of 316, columns 62 to 123 of 340]
0.300E-01 0.300E-01 0.500E-01 -0.924E-06 -0.745E-06 0. 0.671E-07 -0.201E-06 0. 0.500E-01 0.500E-01 0.500E-01 0.500E-01 0.500E-01 -0.924E-06 0.500E-01 0.400E-01 -0.298E-07 0.500E-01 0.500E-01 0.500E-01 -0.298E-07 -0.298E-07 0.500E-01 -0.298E-07 -0.298E-07 -0.298E-07 -0.298E-07 -0.298E-07 -0.894E-07 0.298E-07 -0.298E-07 -0.298E-07 -0.298E-07 -0.298E-07 -0.179E-06 -0.447E-07 0.596E-07 0.224E-06 0.134E-06 0.447E-07 0.298E-07 0.209E-06 0.224E-06 0.149E-06 0.149E-06 -0.224E-06 -0.224E-06 0.596E-07 0.300E-01 0.300E-01 0.300E-01 0.300E-01 0.300E-01 -0.149E-06 0.300E-01 0.298E-06 0.507E-06 0.400E-01 0.400E-01 0.400E-01 -0.924E-06
0.300E-01 0.500E-01 0. -0.328E-06 0.500E-01 -0.149E-06 0.596E-07 0. 0. 0.100 0.500E-01 0.500E-01 0.500E-01 0.500E-01 -0.924E-06 0.500E-01 0.500E-01 -0.298E-07 -0.298E-07 0.500E-01 0.500E-01 0.800E-01 -0.298E-07 -0.298E-07 -0.298E-07 -0.298E-07 -0.298E-07 -0.298E-07 -0.298E-07 0.298E-07 0.209E-06 0.149E-06 0.298E-07 -0.298E-07 -0.298E-07 0.134E-06 0.224E-06 0.224E-06 -0.745E-07 -0.134E-06 0. 0.500E-01 0.800E-01 0.800E-01 -0.224E-06 -0.224E-06 0.209E-06 0.209E-06 0.209E-06 0.209E-06 0.209E-06 0.209E-06 0.300E-01 0.300E-01 0.119E-06 -0.447E-07 0.224E-06 0.596E-07 -0.179E-06 0.596E-07 0.400E-01 0.500E-01
0.500E-01 0.500E-01 -0.924E-06 0.500E-01 0. 0. 0. 0. 0.500E-01 0.100 0.500E-01 0.500E-01 -0.924E-06 0.500E-01 0.500E-01 0.500E-01 0.400E-01 -0.298E-07 -0.298E-07 0.500E-01 0.100 0.500E-01 0.800E-01 -0.298E-07 -0.298E-07 -0.298E-07 -0.298E-07 0.209E-06 0.209E-06 0.209E-06 0.209E-06 0.209E-06 -0.298E-07 -0.298E-07 -0.298E-07 0.194E-06 0.134E-06 -0.596E-07 -0.596E-07 -0.149E-06 0.300E-01 0.300E-01 0.300E-01 0.300E-01 0.300E-01 0.300E-01 0.300E-01 0.300E-01 0.300E-01 0.300E-01 0.209E-06 0.209E-06 0.300E-01 0.300E-01 -0.119E-06 0.149E-06 -0.924E-06 0.400E-01 -0.224E-06 -0.224E-06 0.100 0.500E-01
0.500E-01 -0.924E-06 0.500E-01 0.500E-01 0. 0. 0. 0. 0.100 0.500E-01 0.500E-01 0.500E-01 0.500E-01 -0.924E-06 0.400E-01 0.400E-01 0.500E-01 0.500E-01 0.100 0.500E-01 0.100 0.100 0.100 -0.298E-07 -0.298E-07 0.300E-01 0.300E-01 0.300E-01 0.300E-01 0.300E-01 0.300E-01 0.209E-06 0.447E-07 0.209E-06 -0.238E-06 0.298E-07 0.300E-01 0.300E-01 0.300E-01 0.300E-01 0.596E-07 0.104E-06 -0.134E-06 0.300E-01 0.300E-01 0.300E-01 0.300E-01 0.209E-06 0.209E-06 0.300E-01 0.209E-06 0.209E-06 0.300E-01 0.300E-01 -0.134E-06 -0.224E-06 0.500E-01 0.500E-01 -0.298E-07 0.500E-01 0.500E-01 -0.119E-06
-0.924E-06 -0.924E-06 0.500E-01 0. 0. 0.500E-01 0. -0.924E-06 0.100 0.100 0.500E-01 0.500E-01 0.745E-06 0.298E-06 -0.924E-06 0.500E-01 0.500E-01 0.800E-01 0.800E-01 0.800E-01 0.500E-01 0.100 0.100 -0.298E-07 -0.298E-07 0.300E-01 0.300E-01 0.300E-01 0.300E-01 0.300E-01 0.300E-01 0.209E-06 0.209E-06 -0.149E-07 0.596E-07 0.300E-01 0.300E-01 0.300E-01 -0.447E-07 0.300E-01 -0.194E-06 0. -0.209E-06 -0.179E-06 0.300E-01 0.300E-01 0.300E-01 0.209E-06 0.300E-01 0.300E-01 0.300E-01 0.500E-01 0.500E-01 0.300E-01 0.300E-01 0.209E-06 0.500E-01 0.500E-01 -0.894E-07 -0.224E-06 0.119E-06 0.179E-06
0.100 0.500E-01 0. 0. 0. 0. 0. -0.924E-06 0.100 0.100 0.100 0.500E-01 -0.745E-06 -0.924E-06 -0.924E-06 0.500E-01 -0.298E-07 0.800E-01 0.800E-01 0.800E-01 0.800E-01 0.500E-01 0.500E-01 -0.298E-07 -0.298E-07 0.300E-01 0.300E-01 0.300E-01 0.300E-01 0.300E-01 0.300E-01 0.300E-01 -0.894E-07 -0.894E-07 0.119E-06 -0.194E-06 0.300E-01 0.300E-01 0.300E-01 0.745E-07 0.209E-06 0.179E-06 0.300E-01 0.300E-01 0.300E-01 0.300E-01 0.300E-01 0.209E-06 0.300E-01 0.300E-01 0.300E-01 0.300E-01 0.300E-01 0.300E-01 0.500E-01 0.500E-01 0.500E-01 0.164E-06 0.209E-06 0.179E-06 -0.179E-06 0.596E-07
0.100 -0.924E-06 0. 0. 0. 0. -0.924E-06 0.100 0.500E-01 0.500E-01 0.500E-01 -0.924E-06 0.500E-01 -0.924E-06 0.400E-01 0.500E-01 -0.298E-07 0.800E-01 0.800E-01 0.500E-01 0.500E-01 0.500E-01 -0.298E-07 -0.298E-07 -0.298E-07 0.300E-01 0.300E-01 0.300E-01 0.300E-01 0.300E-01 0.300E-01 0.300E-01 0.298E-07 -0.209E-06 0.104E-06 0.134E-06 0.300E-01 0.300E-01 0.300E-01 0.300E-01 -0.164E-06 0.179E-06 0.300E-01 0.300E-01 0.300E-01 0.300E-01 0.300E-01 0.300E-01 0.300E-01 0.300E-01 0.300E-01 0.300E-01 0.300E-01 0.300E-01 0.300E-01 0.300E-01 0.209E-06 0.209E-06 0.119E-06 -0.164E-06 0.596E-07 0.596E-07
-0.924E-06 0. 0. 0. 0. -0.745E-06 -0.924E-06 0.500E-01 0.500E-01 0.500E-01 0.500E-01 0.500E-01 0.500E-01 -0.924E-06 -0.924E-06 -0.924E-06 -0.298E-07 -0.298E-07 0.800E-01 0.500E-01 0.500E-01 0.500E-01 0.500E-01 -0.298E-07 0.300E-01 0.300E-01 0.300E-01 0.300E-01 0.300E-01 0.300E-01 0.300E-01 0.300E-01 0.209E-06 0.298E-07 0.894E-07 0.238E-06 0.300E-01 0.300E-01 0.300E-01 0.300E-01 -0.194E-06 0.119E-06 0.300E-01 0.300E-01 0.300E-01 0.300E-01 0.300E-01 0.209E-06 0.300E-01 0.300E-01 0.209E-06 0.300E-01 0.300E-01 0.500E-01 0.300E-01 0.300E-01 -0.894E-07 0.149E-06 -0.224E-06 0.179E-06 0.224E-06 0.596E-07
0. 0. 0. 0. -0.745E-06 -0.924E-06 0.100 0.100 0.500E-01 0.500E-01 0.500E-01 0.500E-01 0.400E-01 0.298E-06 0.400E-01 -0.745E-06 0.500E-01 0.500E-01 0.500E-01 -0.298E-07 -0.298E-07 0.500E-01 -0.298E-07 0.209E-06 0.300E-01 0.300E-01 0.300E-01 0.300E-01 0.300E-01 0.300E-01 0.300E-01 0.300E-01 0.209E-06 0.596E-07 0.104E-06 0.179E-06 -0.224E-06 0.238E-06 -0.209E-06 -0.209E-06 -0.194E-06 -0.745E-07 0.300E-01 0.300E-01 0.300E-01 0.300E-01 0.300E-01 0.209E-06 0.300E-01 0.300E-01 0.300E-01 0.800E-01 0.596E-07 0.298E-07 -0.447E-07 0.300E-01 -0.224E-06 -0.164E-06 0.179E-06 0.596E-07 0.596E-07 -0.924E-06
0. 0. 0. 0. 0. 0.100 0.100 0.500E-01 0.500E-01 0.100 0.500E-01 -0.924E-06 0.400E-01 0.954E-06 0.164E-06 0.209E-06 0.209E-06 0.500E-01 0.800E-01 0.209E-06 0.209E-06 0.500E-01 0.209E-06 0.209E-06 0.300E-01 0.300E-01 0.300E-01 0.300E-01 0.300E-01 0.300E-01 0.300E-01 -0.894E-07 0.179E-06 0.596E-07 0.300E-01 0.596E-07 0.179E-06 -0.745E-07 -0.134E-06 -0.134E-06 0.596E-07 -0.447E-07 0.300E-01 0.300E-01 -0.134E-06 0.300E-01 0.300E-01 0.194E-06 0.149E-07 -0.149E-07 0.209E-06 0.209E-06 0.300E-01 0.194E-06 -0.224E-06 0.894E-07 0.300E-01 0.300E-01 0.300E-01 0.209E-06 0.209E-06 0.500E-01
0. 0. 0. 0. 0.100 0.100 0.100 0.500E-01 0.100 0.100 0.400E-01 0.400E-01 0.400E-01 0.581E-06 -0.924E-06 0.209E-06 0.500E-01 0.800E-01 0.209E-06 0.209E-06 0.209E-06 0.209E-06 0.209E-06 0.300E-01 0.300E-01 0.300E-01 0.300E-01 0.300E-01 0.300E-01 -0.447E-07 0.300E-01 0.447E-07 0.134E-06 -0.298E-07 0.300E-01 0.596E-07 0.596E-07 0.300E-01 0.300E-01 0.300E-01 0.800E-01 0.300E-01 0.300E-01 0.300E-01 0.300E-01 0.300E-01 -0.179E-06 0.300E-01 0.104E-06 0.119E-06 0.209E-06 0.300E-01 0.134E-06 -0.894E-07 0.119E-06 0.596E-07 0.300E-01 0.300E-01 0.300E-01 0.300E-01 -0.298E-07 -0.298E-07
0. 0. 0.100 0.500E-01 0.500E-01 0.100 0.100 0.100 0.500E-01 0.500E-01 0.164E-06 -0.924E-06 0.400E-01 0.500E-01 0.500E-01 0.500E-01 0.500E-01 0.400E-01 -0.164E-06 -0.924E-06 0.500E-01 0.500E-01 0.400E-01 0.164E-06 0.149E-06 -0.224E-06 -0.209E-06 -0.194E-06 0.119E-06 0.300E-01 0.104E-06 0.300E-01 -0.298E-07 -0.224E-06 0.300E-01 0.179E-06 0.596E-07 0.596E-07 0.596E-07 0.596E-07 0.179E-06 0.179E-06 0. 0.300E-01 0.224E-06 0.894E-07 0.224E-06 0.224E-06 0.224E-06 -0.164E-06 -0.119E-06 0.149E-06 0.238E-06 -0.238E-06 0.149E-07 0.745E-07 0.300E-01 0.300E-01 0.300E-01 -0.298E-07 -0.298E-07 0.800E-01
0. 0. 0.500E-01 0.500E-01 0.500E-01 0.100 0.500E-01 0.500E-01 -0.924E-06 -0.879E-06 -0.745E-06 -0.924E-06 -0.298E-07 -0.298E-07 0.500E-01 0.149E-06 -0.224E-06 0.500E-01 0.209E-06 0.500E-01 0.500E-01 0.500E-01 0.500E-01 -0.924E-06 0.500E-01 0.500E-01 0.400E-01 0.400E-01 -0.745E-06 -0.745E-06 -0.745E-06 -0.924E-06 -0.298E-07 -0.224E-06 -0.924E-06 0.596E-07 0.596E-07 0.596E-07 0.596E-07 0.596E-07 0.596E-07 0.596E-07 0.104E-06 0.300E-01 0.298E-07 -0.224E-06 0.298E-07 0.298E-07 0.298E-07 -0.104E-06 0.500E-01 -0.104E-06 0.179E-06 0.119E-06 0.596E-07 -0.373E-06 0.300E-01 0.500E-01 0.300E-01 -0.298E-07 0.800E-01 -0.298E-07
0. 0.100 0.500E-01 0.500E-01 0.500E-01 0.500E-01 -0.894E-06 0.500E-01 0.400E-01 0.400E-01 -0.924E-06 0.400E-01 0.500E-01 0.500E-01 0.209E-06 0.209E-06 0.209E-06 -0.224E-06 0.400E-01 0.500E-01 0.500E-01 0.500E-01 0.500E-01 0.500E-01 0.400E-01 0.400E-01 0.400E-01 0.500E-01 0.500E-01 -0.745E-06 -0.924E-06 -0.924E-06 0.500E-01 0.924E-06 -0.924E-06 0.179E-06 0.179E-06 0.179E-06 0.179E-06 0.179E-06 0.300E-01 0.596E-07 0.300E-01 -0.224E-06 0.500E-01 0.500E-01 0.500E-01 0.500E-01 0.500E-01 -0.224E-06 -0.447E-07 0.500E-01 0.596E-07 -0.298E-07 0.283E-06 0.400E-01 -0.894E-07 -0.298E-07 0.500E-01 -0.298E-07 -0.298E-07 0.500E-01
0.500E-01 0.500E-01 0.500E-01 0.500E-01 0.500E-01 0.500E-01 0.500E-01 -0.149E-07 -0.745E-06 -0.745E-06 -0.924E-06 0.500E-01 0.500E-01 0.209E-06 0.209E-06 0.209E-06 0.164E-06 0.209E-06 0.500E-01 0.300E-01 0.300E-01 0.500E-01 -0.924E-06 0.500E-01 0.400E-01 0.500E-01 -0.924E-06 0.500E-01 -0.924E-06 0.500E-01 0.400E-01 0.400E-01 0.209E-06 -0.536E-06 0.400E-01 0.238E-06 0.238E-06 0.238E-06 0.238E-06 0.238E-06 0.104E-06 0.300E-01 -0.745E-06 -0.924E-06 0.300E-01 -0.745E-07 0.300E-01 0.300E-01 0.300E-01 0.300E-01 0.300E-01 0.300E-01 0.300E-01 0.300E-01 0.596E-07 -0.134E-06 0.298E-07 -0.298E-07 -0.298E-07 -0.298E-07 -0.298E-07 -0.298E-07
0.500E-01 0.500E-01 0.500E-01 0.500E-01 0.500E-01 -0.924E-06 0.500E-01 -0.745E-06 -0.745E-06 -0.924E-06 0.209E-06 0.209E-06 0.500E-01 0.209E-06 0.209E-06 0.209E-06 0.209E-06 -0.298E-07 0.209E-06 0.300E-01 0.300E-01 0.500E-01 0.500E-01 0.400E-01 0.500E-01 0.500E-01 0.400E-01 0.209E-06 -0.745E-06 0.209E-06 0.400E-01 0.500E-01 0.400E-01 0.671E-06 -0.924E-06 0.134E-06 0.134E-06 0.209E-06 0. -0.149E-06 0.500E-01 0.300E-01 0.300E-01 -0.224E-06 0.209E-06 -0.417E-06 0.300E-01 0.300E-01 0.300E-01 0.300E-01 0.300E-01 0.300E-01 0.300E-01 0.300E-01 0.209E-06 0.300E-01 0.300E-01 -0.298E-07 -0.298E-07 -0.298E-07 -0.298E-07 0.500E-01
0.500E-01 0.500E-01 0.500E-01 0.500E-01 0.500E-01 -0.745E-06 -0.745E-06 -0.924E-06 0.209E-06 0.500E-01 0.209E-06 0.209E-06 0.209E-06 0.209E-06 0.209E-06 0.209E-06 0.209E-06 -0.298E-07 0.209E-06 0.500E-01 0.300E-01 0.500E-01 0.300E-01 0.400E-01 0.500E-01 0.400E-01 0.500E-01 0.209E-06 0.400E-01 0.209E-06 0.209E-06 -0.224E-06 -0.924E-06 -0.745E-06 -0.179E-06 -0.209E-06 -0.767E-06 0.417E-06 0.253E-06 0.300E-01 0.500E-01 0.300E-01 0.300E-01 0.209E-06 0.253E-06 0.253E-06 0.209E-06 0.300E-01 0.300E-01 0.300E-01 0.300E-01 0.500E-01 0.300E-01 0.300E-01 0.596E-07 0.300E-01 0.300E-01 -0.298E-07 0.209E-06 -0.298E-07 -0.298E-07 0.100
0.500E-01 0.500E-01 0.500E-01 -0.626E-06 0.500E-01 0.500E-01 0. -0.924E-06 0.500E-01 -0.298E-07 0.500E-01 0.500E-01 0.209E-06 0.500E-01 0.400E-01 0.209E-06 0.209E-06 0.209E-06 0.209E-06 0.500E-01 0.300E-01 0.500E-01 0.300E-01 0.164E-06 0.500E-01 0.400E-01 0.500E-01 0.209E-06 0.209E-06 -0.924E-06 -0.924E-06 0.462E-06 0.194E-06 0.447E-07 0.492E-06 0.500E-01 0.500E-01 0.300E-01 0.300E-01 0.300E-01 0.300E-01 0.300E-01 0.300E-01 0.300E-01 0.300E-01 0.300E-01 0.300E-01 0.300E-01 0.300E-01 0.300E-01 0.300E-01 0.500E-01 0.300E-01 0.596E-07 0.104E-06 0.300E-01 0.300E-01 0.119E-06 -0.224E-06 0.209E-06 0.500E-01 0.100
0.500E-01 0.500E-01 -0.745E-06 -0.924E-06 -0.924E-06 0.500E-01 0.500E-01 0.500E-01 0.500E-01 -0.298E-07 0.500E-01 0.500E-01 0.500E-01 0.500E-01 0.500E-01 0.209E-06 0.209E-06 -0.298E-07 0.500E-01 0.300E-01 0.300E-01 0.500E-01 0.300E-01 0.209E-06 0.500E-01 0.800E-01 0.800E-01 -0.924E-06 -0.581E-06 0.253E-06 0.760E-06 -0.879E-06 0.209E-06 0.500E-01 0.500E-01 0.500E-01 0.300E-01 0.300E-01 0.300E-01 0.300E-01 0.300E-01 0.300E-01 0.300E-01 0.300E-01 0.300E-01 0.300E-01 0.300E-01 0.300E-01 0.300E-01 0.300E-01 0.300E-01 0.300E-01 0.300E-01 0.300E-01 -0.224E-06 0.209E-06 -0.745E-07 0.500E-01 -0.224E-06 0.209E-06 0.500E-01 0.100
0.500E-01 0.500E-01 -0.745E-06 -0.924E-06 -0.745E-06 0.500E-01 0.500E-01 0.500E-01 0.500E-01 0.500E-01 0.500E-01 0.500E-01 0.500E-01 0.209E-06 0.400E-01 0.209E-06 -0.298E-07 -0.298E-07 0.500E-01 -0.745E-07 0.300E-01 0.500E-01 0.500E-01 0.800E-01 0.800E-01 -0.745E-06 -0.745E-06 -0.745E-06 0.500E-01 0.500E-01 0.500E-01 0.500E-01 0.500E-01 0.500E-01 0. 0.500E-01 0.300E-01 0.300E-01 0.300E-01 0.300E-01 0.300E-01 0.300E-01 0.300E-01 0.300E-01 0.300E-01 0.300E-01 0.300E-01 0.300E-01 0.300E-01 0.300E-01 0.300E-01 0.300E-01 0.300E-01 0.300E-01 0.500E-01 0.500E-01 0.209E-06 -0.224E-06 0.209E-06 0.500E-01 0.500E-01 0.100
0.500E-01 -0.924E-06 -0.745E-06 -0.924E-06 -0.745E-06 0.500E-01 0.500E-01 0.500E-01 0.500E-01 0.500E-01 -0.924E-06 -0.924E-06 -0.924E-06 0.209E-06 0.209E-06 0.209E-06 -0.298E-07 0.209E-06 0.149E-07 -0.298E-07 0.209E-06 0.400E-01 -0.924E-06 -0.715E-06 -0.507E-06 0.400E-01 0.500E-01 0.500E-01 0.500E-01 0.500E-01 0.300E-01 0.300E-01 0.300E-01 -0.298E-07 0.238E-06 0.500E-01 0.300E-01 0.300E-01 0.300E-01 0.300E-01 0.300E-01 0.300E-01 0.300E-01 0.300E-01 0.300E-01 0.300E-01 0.300E-01 0.300E-01 0.300E-01 0.300E-01 0.300E-01 0.500E-01 0.149E-06 0.209E-06 0.500E-01 -0.298E-07 -0.224E-06 -0.924E-06 0.209E-06 0.500E-01 0.100 0.100
-0.924E-06 0.400E-01 -0.745E-06 -0.745E-06 -0.745E-06 0.500E-01 0.500E-01 0.500E-01 -0.924E-06 -0.924E-06 0.447E-06 0.298E-06 -0.924E-06 0.400E-01 0.209E-06 -0.298E-07 0.209E-06 0.209E-06 -0.924E-06 -0.745E-06 0.149E-06 -0.432E-06 -0.730E-06 0.400E-01 0.400E-01 0.500E-01 0.500E-01 0.300E-01 0.500E-01 0.300E-01 0.300E-01 0.300E-01 0.300E-01 0.300E-01 -0.224E-06 0.300E-01 0.300E-01 0.300E-01 0.300E-01 0.300E-01 0.300E-01 0.300E-01 0.300E-01 0.300E-01 0.300E-01 0.300E-01 0.300E-01 0.300E-01 0.300E-01 0.300E-01 0.300E-01 0.300E-01 -0.224E-06 0.209E-06 0.500E-01 0.500E-01 -0.924E-06 -0.745E-06 0.209E-06 0.100 0.100 -0.224E-06
-0.745E-06 -0.924E-06 -0.745E-06 -0.745E-06 -0.745E-06 0.500E-01 0.500E-01 0.500E-01 0.298E-06 -0.745E-06 0.179E-06 -0.924E-06 -0.745E-06 0.400E-01 0.209E-06 -0.924E-06 -0.745E-06 -0.745E-06 0.447E-07 -0.790E-06 0.300E-01 0.500E-01 -0.924E-06 0.500E-01 0.500E-01 0.500E-01 0.300E-01 0.209E-06 0.500E-01 -0.745E-06 0.500E-01 0.300E-01 0.300E-01 0.300E-01 0.300E-01 0.596E-07 0.300E-01 0.300E-01 0.300E-01 0.500E-01 0.300E-01 0.300E-01 0.300E-01 0.300E-01 0.300E-01 0.300E-01 0.300E-01 0.300E-01 0.300E-01 0.300E-01 0.300E-01 0.500E-01 0.209E-06 0.500E-01 0.500E-01 0.500E-01 0.447E-06 -0.924E-06 0.209E-06 0.100 0.100 0.500E-01
-0.745E-06 -0.566E-06 -0.566E-06 -0.566E-06 -0.566E-06 0.400E-01 0.400E-01 0.402E-06 -0.879E-06 -0.924E-06 -0.864E-06 -0.745E-06 0.164E-06 -0.924E-06 -0.924E-06 0.447E-06 -0.924E-06 -0.939E-06 -0.924E-06 -0.224E-06 0.119E-06 0.300E-01 0.300E-01 0.500E-01 0.500E-01 0.500E-01 0.300E-01 0.500E-01 0.500E-01 -0.924E-06 0.500E-01 0.300E-01 0.300E-01 0.300E-01 0.300E-01 0.300E-01 0.300E-01 0.500E-01 0.300E-01 0.500E-01 0.300E-01 0.300E-01 0.300E-01 0.500E-01 -0.447E-07 0.300E-01 0.300E-01 0.300E-01 0.300E-01 0.300E-01 0.300E-01 0.500E-01 0.500E-01 0.134E-06 0.596E-07 -0.194E-06 0.596E-07 0.209E-06 0.500E-01 0.100 0.500E-01 0.298E-07
0.500E-01 0.500E-01 -0.566E-06 -0.566E-06 0.500E-01 -0.939E-06 0.834E-06 -0.238E-06 -0.834E-06 0.879E-06 0.500E-01 -0.343E-06 -0.298E-07 -0.119E-06 0.775E-06 -0.924E-06 -0.343E-06 -0.656E-06 0.373E-06 -0.224E-06 0.300E-01 0.300E-01 0.300E-01 -0.298E-07 0.500E-01 0.500E-01 0.300E-01 0.209E-06 0.300E-01 -0.924E-06 0.500E-01 0.300E-01 0.300E-01 0.300E-01 -0.298E-07 0.300E-01 0.500E-01 0.500E-01 0.500E-01 0.500E-01 0.500E-01 0.500E-01 0.300E-01 0.500E-01 0.300E-01 0.300E-01 0.300E-01 0.300E-01 0.149E-07 0.300E-01 0.300E-01 0.300E-01 0.500E-01 -0.924E-06 -0.805E-06 -0.119E-06 0.596E-07 0.209E-06 0.500E-01 0.100 0.500E-01 -0.224E-06
-0.924E-06 -0.745E-06 -0.745E-06 -0.745E-06 0.358E-06 -0.313E-06 -0.507E-06 -0.745E-06 0.358E-06 -0.745E-06 0.500E-01 0.500E-01 0.500E-01 0.500E-01 0.500E-01 -0.834E-06 0.400E-01 -0.924E-06 0.119E-06 0.300E-01 0.300E-01 0.300E-01 0.500E-01 0.300E-01 0.300E-01 0.300E-01 0.300E-01 0.300E-01 0.300E-01 0.300E-01 -0.924E-06 -0.149E-06 0.209E-06 0.209E-06 0.300E-01 0.500E-01 0.300E-01 0.300E-01 0.300E-01 0.300E-01 0.300E-01 0.300E-01 0.300E-01 0.300E-01 0. 0.224E-06 0.447E-07 -0.119E-06 0.300E-01 0.300E-01 0.300E-01 0.300E-01 0.209E-06 -0.924E-06 0.209E-06 0.400E-01 -0.924E-06 0.209E-06 0.500E-01 0.500E-01 -0.224E-06 -0.224E-06
0.400E-01 -0.924E-06 -0.745E-06 -0.745E-06 -0.343E-06 0.805E-06 -0.343E-06 -0.745E-06 -0.730E-06 0.790E-06 -0.745E-06 0.500E-01 0.500E-01 0.500E-01 0.879E-06 0.596E-07 0.641E-06 0.400E-01 0.400E-01 0.745E-07 0.300E-01 0.300E-01 -0.298E-07 0.300E-01 0.300E-01 0.300E-01 0.300E-01 0.300E-01 0.300E-01 0.500E-01 0.300E-01 0.209E-06 0.300E-01 0.300E-01 0.300E-01 0.300E-01 0.500E-01 0.500E-01 0.500E-01 0.500E-01 0.300E-01 0.300E-01 0.300E-01 0.300E-01 -0.164E-06 0.104E-06 0.298E-07 0.500E-01 0.300E-01 -0.104E-06 0.300E-01 0.300E-01 -0.224E-06 -0.745E-06 -0.745E-06 -0.745E-06 -0.924E-06 -0.298E-07 0.500E-01 -0.298E-07 0.149E-06 0.800E-01
