share/VS_Project/swb/x64/Debug/MASS_BALANCE_07_19_1989.asc
NCOLS        340
NROWS        316
XLLCORNER     528502.530
YLLCORNER     274871.653
CELLSIZE        100.000
NODATA_VALUE    -9999.000
[rows 27 to 53 of 316, columns 248 to 309 of 340]
0.969E-07 0.969E-07 0.969E-07 0.969E-07 0.969E-07 0.969E-07 0.969E-07 0.500E-01 0.969E-07 0.300E-01 0.300E-01 0.969E-07 0.969E-07 0.969E-07 0.500E-01 0.500E-01 0.969E-07 0.969E-07 0.969E-07 -0.201E-06 0.969E-07 0.969E-07 0.969E-07 0.969E-07 0.969E-07 -0.820E-07 0.300E-01 0.969E-07 0.969E-07 0.969E-07 -0.820E-07 -0.820E-07 -0.820E-07 0.500E-01 0.500E-01 0.969E-07 -0.820E-07 0.969E-07 -0.820E-07 -0.820E-07 -0.820E-07 -0.820E-07 -0.201E-06 0.156E-06 0.300E-01 0.300E-01 0.300E-01 0.300E-01 -0.820E-07 0.300E-01 -0.201E-06 -0.380E-06 0.276E-06 -0.224E-07 0.969E-07 0.100 0.500E-01 0.969E-07 -0.201E-06 0.969E-07 0.969E-07 0.300E-01
0.969E-07 0.969E-07 0.969E-07 0.969E-07 0.969E-07 0.969E-07 0.969E-07 0.969E-07 0.300E-01 0.300E-01 -0.820E-07 0.969E-07 0.969E-07 0.500E-01 0.500E-01 0.500E-01 0.969E-07 0.969E-07 0.969E-07 -0.820E-07 0.969E-07 0.969E-07 0.969E-07 0.969E-07 0.149E-06 0.300E-01 0.300E-01 0.300E-01 0.969E-07 0.969E-07 -0.820E-07 0.373E-07 -0.142E-06 0.300E-01 0.500E-01 0.969E-07 0.969E-07 0.969E-07 -0.201E-06 0.373E-07 -0.820E-07 0.156E-06 -0.201E-06 0.300E-01 0.300E-01 0.300E-01 0.300E-01 -0.820E-07 -0.201E-06 0.300E-01 -0.499E-06 -0.224E-07 -0.440E-06 0.969E-07 0.300E-01 0.800E-01 -0.201E-06 -0.201E-06 -0.820E-07 0.300E-01 0.300E-01 0.300E-01
-0.261E-06 0.969E-07 0.969E-07 0.969E-07 0.969E-07 0.969E-07 0.969E-07 0.300E-01 0.300E-01 0.300E-01 0.969E-07 0.969E-07 0.969E-07 0.969E-07 0.969E-07 0.969E-07 0.969E-07 0.969E-07 0.969E-07 0.300E-01 0.300E-01 -0.201E-06 0.969E-07 -0.820E-07 -0.820E-07 0.300E-01 0.300E-01 0.969E-07 0.969E-07 -0.820E-07 0.969E-07 0.969E-07 0.969E-07 -0.820E-07 0.969E-07 0.969E-07 0.969E-07 0.969E-07 0.969E-07 0.373E-07 -0.201E-06 0.373E-07 0.300E-01 0.300E-01 0.300E-01 0.969E-07 -0.820E-07 0.216E-06 -0.201E-06 0.300E-01 -0.380E-06 0.300E-01 0.300E-01 0.300E-01 0.300E-01 0.500E-01 0.300E-01 0.300E-01 0.300E-01 0.969E-07 0.969E-07 -0.201E-06
0.373E-07 0.156E-06 0.969E-07 0.969E-07 0.969E-07 0.969E-07 0.969E-07 -0.820E-07 0.969E-07 0.300E-01 0.300E-01 0.500E-01 0.500E-01 0.300E-01 0.969E-07 0.969E-07 0.969E-07 0.969E-07 0.969E-07 -0.820E-07 0.373E-07 0.216E-06 0.969E-07 0.300E-01 0.300E-01 0.300E-01 0.300E-01 -0.820E-07 -0.820E-07 -0.820E-07 -0.820E-07 0.300E-01 0.300E-01 0.300E-01 -0.201E-06 0.300E-01 0.300E-01 0.300E-01 -0.820E-07 0.300E-01 0.300E-01 0.300E-01 0.300E-01 0.300E-01 0.969E-07 0.969E-07 0.300E-01 0.298E-07 -0.224E-07 -0.201E-06 0.373E-07 0.300E-01 -0.261E-06 -0.201E-06 0.969E-07 0.500E-01 0.969E-07 0.300E-01 -0.820E-07 -0.201E-06 0.969E-07 -0.201E-06
0.969E-07 0.500E-01 0.500E-01 0.969E-07 0.969E-07 0.969E-07 -0.201E-06 0.300E-01 0.969E-07 0.300E-01 0.300E-01 0.500E-01 0.969E-07 -0.820E-07 0.969E-07 0.969E-07 0.969E-07 -0.820E-07 0.373E-07 -0.224E-07 0.969E-07 0.969E-07 -0.201E-06 0.300E-01 0.300E-01 0.300E-01 0.300E-01 0.156E-06 -0.820E-07 0.156E-06 0.373E-07 0.216E-06 0.969E-07 0.300E-01 0.216E-06 0.300E-01 0.300E-01 0.300E-01 -0.201E-06 0.300E-01 0.300E-01 0.300E-01 0.300E-01 0.969E-07 0.969E-07 0.300E-01 0.969E-07 -0.820E-07 0.216E-06 0.300E-01 0.300E-01 0.300E-01 -0.261E-06 0.969E-07 0.969E-07 0.500E-01 -0.820E-07 -0.820E-07 0.300E-01 0.969E-07 0.969E-07 -0.820E-07
0.969E-07 -0.201E-06 0.500E-01 0.969E-07 0.969E-07 0.969E-07 -0.820E-07 0.969E-07 0.969E-07 0.300E-01 0.300E-01 0.300E-01 0.969E-07 0.969E-07 0.969E-07 0.969E-07 0.969E-07 0.373E-07 0.300E-01 0.500E-01 -0.201E-06 0.969E-07 0.969E-07 0.969E-07 0.300E-01 0.300E-01 0.300E-01 -0.201E-06 -0.261E-06 -0.201E-06 -0.142E-06 0.373E-07 -0.201E-06 0.969E-07 -0.142E-06 0.300E-01 0.969E-07 -0.261E-06 -0.820E-07 -0.224E-07 -0.820E-07 0.300E-01 0.300E-01 -0.820E-07 -0.820E-07 -0.820E-07 -0.820E-07 -0.820E-07 0.373E-07 0.300E-01 0.300E-01 0.300E-01 0.300E-01 0.969E-07 0.800E-01 0.800E-01 0.156E-06 0.373E-07 -0.820E-07 0.969E-07 0.969E-07 0.300E-01
0.969E-07 0.969E-07 0.500E-01 0.969E-07 0.969E-07 0.969E-07 0.969E-07 0.300E-01 0.300E-01 0.300E-01 0.300E-01 0.800E-01 0.969E-07 0.969E-07 0.969E-07 0.969E-07 0.969E-07 -0.820E-07 -0.820E-07 0.300E-01 -0.820E-07 -0.820E-07 0.969E-07 0.969E-07 0.300E-01 0.300E-01 0.300E-01 -0.820E-07 -0.201E-06 0.216E-06 -0.820E-07 0.104E-06 0.164E-06 0.969E-07 0.969E-07 0.969E-07 0.969E-07 0.969E-07 0.969E-07 0.969E-07 0.969E-07 0.969E-07 -0.820E-07 0.373E-07 0.298E-07 -0.201E-06 0.969E-07 -0.820E-07 0.373E-07 0.300E-01 0.300E-01 0.300E-01 0.300E-01 -0.142E-06 0.800E-01 -0.820E-07 -0.201E-06 0.156E-06 -0.820E-07 0.969E-07 0.300E-01 0.300E-01
0.969E-07 0.969E-07 0.969E-07 0.969E-07 -0.820E-07 0.300E-01 0.300E-01 0.969E-07 -0.820E-07 0.300E-01 0.800E-01 0.969E-07 0.969E-07 0.969E-07 0.969E-07 0.969E-07 0.969E-07 0.969E-07 0.969E-07 0.300E-01 0.969E-07 0.969E-07 -0.201E-06 0.969E-07 0.969E-07 0.969E-07 0.969E-07 0.300E-01 0.300E-01 0.300E-01 0.300E-01 0.300E-01 0.998E-06 -0.820E-07 0.300E-01 0.300E-01 -0.820E-07 0.500E-01 0.969E-07 0.969E-07 0.969E-07 0.969E-07 -0.201E-06 -0.142E-06 -0.142E-06 0.300E-01 0.300E-01 0.969E-07 -0.201E-06 -0.142E-06 0.216E-06 0.216E-06 0.216E-06 -0.224E-07 0.500E-01 0.500E-01 0.969E-07 0.969E-07 0.969E-07 0.300E-01 0.969E-07 0.156E-06
0.969E-07 0.969E-07 0.300E-01 0.969E-07 -0.201E-06 0.300E-01 0.300E-01 0.969E-07 0.156E-06 0.300E-01 0.500E-01 0.969E-07 0.969E-07 0.969E-07 0.969E-07 0.969E-07 0.969E-07 0.969E-07 0.969E-07 0.300E-01 -0.820E-07 0.969E-07 0.969E-07 0.969E-07 0.969E-07 0.969E-07 0.969E-07 -0.820E-07 0.300E-01 0.300E-01 -0.142E-06 0.276E-06 0. 0. 0.969E-07 0.373E-07 -0.820E-07 0.500E-01 -0.201E-06 0.300E-01 0.300E-01 0.300E-01 0.373E-07 -0.142E-06 0.969E-07 0.300E-01 0.300E-01 -0.201E-06 0.216E-06 -0.142E-06 -0.142E-06 0.300E-01 -0.820E-07 0.373E-07 0.500E-01 0.156E-06 0.969E-07 0.969E-07 0.969E-07 -0.820E-07 0.969E-07 0.969E-07
-0.201E-06 -0.820E-07 -0.820E-07 0.300E-01 0.969E-07 -0.820E-07 0.300E-01 0.216E-06 -0.820E-07 0.300E-01 0.500E-01 0.300E-01 0.969E-07 0.969E-07 0.969E-07 0.300E-01 0.969E-07 0.969E-07 0.969E-07 0.969E-07 0.969E-07 0.969E-07 0.969E-07 0.969E-07 0.969E-07 -0.820E-07 0.300E-01 0.300E-01 0.300E-01 -0.380E-06 0.276E-06 0.500E-01 0.969E-07 0.969E-07 -0.820E-07 0.373E-07 -0.224E-07 0.300E-01 0.300E-01 0.454E-06 0.276E-06 -0.820E-07 0.969E-07 0.969E-07 0.969E-07 0.300E-01 0.300E-01 0.216E-06 0.969E-07 -0.201E-06 0.300E-01 0.300E-01 0.300E-01 0.300E-01 0.300E-01 -0.201E-06 -0.201E-06 0.969E-07 0.969E-07 0.969E-07 0.969E-07 -0.201E-06
-0.201E-06 -0.820E-07 0.969E-07 0.300E-01 0.969E-07 0.969E-07 0.969E-07 0.156E-06 0.300E-01 0.300E-01 0.500E-01 0.300E-01 0.969E-07 0.969E-07 0.969E-07 0.300E-01 0.969E-07 0.969E-07 0.969E-07 0.969E-07 0.969E-07 0.969E-07 0.969E-07 0.969E-07 0.969E-07 0.969E-07 0.300E-01 0.300E-01 0.300E-01 0.300E-01 -0.201E-06 0.969E-07 -0.820E-07 0.969E-07 0.969E-07 0.373E-07 0.500E-01 0.300E-01 0.300E-01 0.216E-06 0.300E-01 -0.224E-07 0.969E-07 0.969E-07 -0.201E-06 0.300E-01 0.300E-01 0.969E-07 -0.142E-06 0.969E-07 0.300E-01 0.300E-01 0.500E-01 -0.820E-07 0.300E-01 0.156E-06 0.969E-07 0.300E-01 0.969E-07 0.969E-07 -0.820E-07 0.969E-07
0.100 0.500E-01 0.300E-01 0.300E-01 0.969E-07 0.969E-07 0.300E-01 -0.820E-07 -0.224E-07 0.500E-01 0.500E-01 0.969E-07 0.969E-07 0.969E-07 0.969E-07 0.969E-07 -0.224E-07 0.969E-07 0.969E-07 0.969E-07 0.969E-07 0.969E-07 0.969E-07 0.969E-07 0.969E-07 0.276E-06 -0.224E-07 0.300E-01 0.156E-06 -0.820E-07 -0.820E-07 0.969E-07 0.969E-07 0.300E-01 0.300E-01 0.969E-07 0.969E-07 0.500E-01 0.969E-07 0.969E-07 0.300E-01 0.300E-01 0.300E-01 0.300E-01 0.300E-01 0.300E-01 0.300E-01 0.300E-01 0.300E-01 0.300E-01 0.969E-07 0.969E-07 0.969E-07 0.969E-07 0.500E-01 0.969E-07 -0.142E-06 0.300E-01 0.373E-07 0.300E-01 0.969E-07 0.969E-07
0. 0.500E-01 0.500E-01 0.300E-01 0.300E-01 0.300E-01 0.300E-01 0.300E-01 0.300E-01 -0.820E-07 -0.820E-07 0.969E-07 -0.820E-07 -0.820E-07 0.969E-07 0.969E-07 0.969E-07 0.969E-07 -0.820E-07 0.300E-01 0.300E-01 0.300E-01 0.300E-01 0.500E-01 -0.142E-06 -0.201E-06 -0.261E-06 0.300E-01 -0.201E-06 -0.820E-07 -0.820E-07 0.969E-07 0.969E-07 0.969E-07 0.300E-01 0.500E-01 0.500E-01 0.500E-01 0.969E-07 0.969E-07 0.300E-01 0.300E-01 0.300E-01 0.300E-01 0.300E-01 0.300E-01 0.300E-01 0.969E-07 -0.201E-06 0.300E-01 0.969E-07 0.373E-07 0.969E-07 0.969E-07 0.969E-07 0.969E-07 0.969E-07 0.300E-01 -0.820E-07 0.969E-07 0.969E-07 0.969E-07
0. 0. 0.300E-01 0.300E-01 0.300E-01 0.300E-01 -0.820E-07 0.300E-01 0.300E-01 0.300E-01 -0.820E-07 -0.224E-07 -0.224E-07 0.969E-07 0.969E-07 0.969E-07 0.969E-07 -0.820E-07 -0.820E-07 0.300E-01 0.300E-01 0.300E-01 0.300E-01 0.373E-07 -0.201E-06 -0.201E-06 0.300E-01 0.300E-01 -0.820E-07 -0.261E-06 0.300E-01 0.969E-07 -0.820E-07 0.300E-01 0.300E-01 0.500E-01 0.500E-01 0.500E-01 0.500E-01 -0.201E-06 0.969E-07 0.969E-07 0.969E-07 0.969E-07 0.969E-07 0.300E-01 0.969E-07 0.969E-07 0.969E-07 -0.142E-06 0.300E-01 -0.142E-06 0.969E-07 0.969E-07 0.969E-07 0.969E-07 0.969E-07 0.969E-07 -0.201E-06 0.969E-07 0.969E-07 0.969E-07
0. 0. 0. 0. 0. 0.298E-06 0.179E-06 -0.201E-06 0.156E-06 0.969E-07 -0.820E-07 -0.201E-06 -0.820E-07 0.300E-01 0.969E-07 0.969E-07 0.969E-07 -0.820E-07 0.300E-01 0.300E-01 0.300E-01 0.300E-01 0.300E-01 -0.201E-06 -0.820E-07 0.300E-01 0.300E-01 -0.820E-07 0.300E-01 0.300E-01 0.300E-01 0.969E-07 0.500E-01 0.969E-07 -0.820E-07 -0.224E-07 0.500E-01 0.300E-01 -0.820E-07 0.969E-07 0.969E-07 0.969E-07 0.969E-07 0.969E-07 0.969E-07 0.156E-06 -0.261E-06 0.969E-07 0.969E-07 0.149E-06 0.969E-07 0.969E-07 0.969E-07 0.969E-07 0.969E-07 0.969E-07 0.500E-01 0.969E-07 0.969E-07 -0.820E-07 0.969E-07 0.969E-07
0. 0. 0. 0. 0. 0.596E-07 0.373E-07 0.156E-06 0.969E-07 0.969E-07 0.969E-07 0.969E-07 0.969E-07 0.216E-06 0.969E-07 0.969E-07 0.969E-07 0.300E-01 0.300E-01 0.300E-01 0.300E-01 0.300E-01 0.300E-01 0.969E-07 0.969E-07 0.969E-07 -0.820E-07 -0.820E-07 0.969E-07 -0.201E-06 0.969E-07 0.969E-07 0.500E-01 0.969E-07 0.969E-07 0.969E-07 -0.820E-07 0.969E-07 0.969E-07 0.969E-07 0.969E-07 0.300E-01 0.500E-01 0.969E-07 0.300E-01 0.300E-01 0.300E-01 0.300E-01 0.300E-01 -0.820E-07 0.373E-07 -0.142E-06 0.969E-07 -0.820E-07 0.300E-01 0.969E-07 0.500E-01 0.969E-07 0.969E-07 -0.820E-07 -0.201E-06 0.969E-07
0. 0. 0. 0. -0.179E-06 0.300E-01 -0.820E-07 0.500E-01 0.969E-07 0.969E-07 0.500E-01 0.500E-01 0.969E-07 0.969E-07 -0.820E-07 0.969E-07 -0.820E-07 0.300E-01 0.300E-01 0.300E-01 0.300E-01 0.300E-01 0.300E-01 0.969E-07 0.969E-07 0.300E-01 -0.820E-07 -0.820E-07 -0.820E-07 -0.820E-07 0.969E-07 -0.820E-07 0.300E-01 0.969E-07 0.969E-07 0.969E-07 -0.820E-07 0.216E-06 0.300E-01 0.969E-07 0.156E-06 0.500E-01 0.969E-07 0.969E-07 0.300E-01 0.300E-01 0.300E-01 0.300E-01 0.300E-01 0.969E-07 0.969E-07 0.500E-01 0.969E-07 -0.820E-07 0.300E-01 0.300E-01 0.969E-07 0.969E-07 0.969E-07 0.969E-07 0.969E-07 0.969E-07
-0.820E-07 0.156E-06 -0.820E-07 -0.201E-06 0.969E-07 0.500E-01 0.969E-07 -0.201E-06 0.969E-07 0.969E-07 -0.820E-07 0.969E-07 0.969E-07 0.969E-07 0.969E-07 0.300E-01 0.300E-01 -0.820E-07 -0.820E-07 0.300E-01 0.300E-01 0.300E-01 0.969E-07 -0.820E-07 -0.820E-07 -0.179E-06 0. -0.201E-06 0.969E-07 0.300E-01 0.300E-01 0.969E-07 0.969E-07 0.969E-07 0.969E-07 -0.201E-06 0.969E-07 -0.820E-07 0.300E-01 0.500E-01 0.500E-01 0.500E-01 0.969E-07 0.969E-07 0.969E-07 0.300E-01 0.300E-01 0.300E-01 -0.142E-06 0.969E-07 0.969E-07 0.969E-07 0.969E-07 -0.142E-06 0.300E-01 0.300E-01 0.969E-07 0.969E-07 0.969E-07 0.969E-07 0.969E-07 0.969E-07
0.500E-01 -0.820E-07 0.969E-07 0.969E-07 0.500E-01 0.969E-07 -0.820E-07 0.969E-07 0.969E-07 0.969E-07 0.969E-07 0.969E-07 0.500E-01 0.500E-01 0.373E-07 0.216E-06 0.300E-01 0.969E-07 0.300E-01 0.300E-01 0.300E-01 0.300E-01 0.300E-01 -0.201E-06 -0.894E-07 0.969E-07 0.969E-07 0.969E-07 -0.820E-07 0.300E-01 0.300E-01 0.969E-07 0.969E-07 0.969E-07 -0.142E-06 -0.820E-07 0.969E-07 0.298E-07 0.969E-07 0.500E-01 0.500E-01 0.300E-01 0.969E-07 0.969E-07 0.969E-07 0.969E-07 0.969E-07 0.969E-07 -0.820E-07 -0.224E-07 0.969E-07 -0.142E-06 0.500E-01 0.969E-07 0.300E-01 0.300E-01 0.969E-07 0.969E-07 0.969E-07 0.969E-07 0.969E-07 -0.224E-07
0.969E-07 0.969E-07 0.500E-01 0.500E-01 0.500E-01 0.969E-07 0.969E-07 0.969E-07 0.969E-07 0.969E-07 0.969E-07 0.969E-07 0.500E-01 0.100 -0.820E-07 0.300E-01 0.969E-07 -0.820E-07 0.300E-01 0.300E-01 0.300E-01 0.300E-01 0.156E-06 -0.261E-06 0.969E-07 0.373E-07 0.969E-07 0.969E-07 -0.142E-06 0.300E-01 0.300E-01 0.969E-07 0.969E-07 0.969E-07 -0.820E-07 -0.820E-07 0.969E-07 -0.820E-07 0.300E-01 0.500E-01 0.100 0.500E-01 0.156E-06 -0.820E-07 0.969E-07 0.500E-01 0.300E-01 0.969E-07 -0.201E-06 -0.440E-06 0.300E-01 0.969E-07 0.969E-07 0.300E-01 0.300E-01 0.300E-01 0.300E-01 0.300E-01 0.969E-07 0.969E-07 0.969E-07 0.969E-07
0.969E-07 0.500E-01 0.100 0.500E-01 0.969E-07 0.969E-07 0.969E-07 0.969E-07 0.969E-07 -0.820E-07 -0.201E-06 0.969E-07 0.300E-01 0.300E-01 0.500E-01 0.969E-07 0.300E-01 -0.820E-07 -0.201E-06 -0.224E-07 0.300E-01 0.373E-07 0.500E-01 0.373E-07 -0.820E-07 0.300E-01 0.969E-07 0.969E-07 0.969E-07 0.156E-06 0.969E-07 0.969E-07 0.969E-07 0.300E-01 -0.820E-07 -0.820E-07 0.969E-07 0.969E-07 0.500E-01 0.100 0.100 0.500E-01 0.373E-07 0.969E-07 0.373E-07 -0.820E-07 0.300E-01 0.216E-06 -0.224E-07 0.969E-07 0.969E-07 0.969E-07 0.969E-07 0.300E-01 0.500E-01 0.500E-01 0.500E-01 0.500E-01 0.969E-07 0.969E-07 0.969E-07 0.969E-07
0.800E-01 0.500E-01 0.500E-01 0.300E-01 0.969E-07 0.969E-07 0.969E-07 0.300E-01 -0.820E-07 0.969E-07 0.969E-07 0.969E-07 0.300E-01 0.300E-01 0.300E-01 0.969E-07 0.300E-01 0.969E-07 0.969E-07 0.300E-01 -0.820E-07 0.156E-06 0.300E-01 0.969E-07 0.300E-01 0.300E-01 0.969E-07 0.969E-07 0.969E-07 0.300E-01 0.300E-01 0.300E-01 0.300E-01 0.300E-01 0.969E-07 0.969E-07 0.969E-07 0.969E-07 0.969E-07 0.100 0.100 -0.820E-07 0.300E-01 0.300E-01 0.216E-06 0.156E-06 0.335E-06 0.276E-06 0.276E-06 0.276E-06 0.969E-07 0.969E-07 0.969E-07 0.216E-06 0.276E-06 0.216E-06 0.216E-06 0.276E-06 0.216E-06 0.276E-06 0.276E-06 0.276E-06
0.500E-01 0.500E-01 0.500E-01 0.969E-07 0.969E-07 0.969E-07 0.969E-07 0.969E-07 0.969E-07 0.969E-07 -0.820E-07 0.969E-07 0.300E-01 0.300E-01 -0.820E-07 0.300E-01 0.300E-01 0.300E-01 0.300E-01 0.300E-01 0.300E-01 0.500E-01 0.300E-01 0.300E-01 0.300E-01 0.300E-01 0.969E-07 -0.820E-07 -0.820E-07 0.373E-07 0.300E-01 0.300E-01 0.300E-01 0.969E-07 -0.820E-07 0.969E-07 0.969E-07 0.969E-07 0.969E-07 0.969E-07 -0.142E-06 0.373E-07 0.500E-01 -0.440E-06 -0.224E-07 0.500E-01 0.276E-06 -0.820E-07 0.276E-06 0.216E-06 0.276E-06 0.276E-06 0.276E-06 0. 0.969E-07 0.276E-06 -0.499E-06 0.276E-06 0.335E-06 0.216E-06 0.276E-06 0.276E-06
0.969E-07 0.969E-07 0.300E-01 0.969E-07 0.969E-07 0.969E-07 0.969E-07 0.969E-07 0.969E-07 0.969E-07 0.969E-07 0.300E-01 0.300E-01 0.300E-01 -0.201E-06 0.300E-01 0.300E-01 0.300E-01 0.300E-01 0.300E-01 0.300E-01 0.100 0.969E-07 0.969E-07 0.969E-07 0.300E-01 0.300E-01 0.500E-01 0.300E-01 0.156E-06 0.969E-07 0.969E-07 0.300E-01 0.969E-07 0.300E-01 0.373E-07 0.969E-07 0.500E-01 0.969E-07 0.156E-06 0.500E-01 -0.820E-07 0.500E-01 0.276E-06 -0.380E-06 0.373E-07 -0.380E-06 0.500E-01 -0.820E-07 0.500E-01 0.500E-01 0.216E-06 0.216E-06 0.998E-06 -0.432E-06 0.373E-07 0.276E-06 -0.440E-06 0.216E-06 -0.142E-06 0.216E-06 0.216E-06
0.969E-07 0.969E-07 0.969E-07 0.969E-07 0.969E-07 0.500E-01 0.969E-07 0.969E-07 0.969E-07 0.969E-07 0.969E-07 0.969E-07 0.969E-07 0.300E-01 -0.149E-06 0.300E-01 0.300E-01 0.500E-01 0.300E-01 0.300E-01 0.300E-01 0.100 0.500E-01 0.969E-07 0.969E-07 0.300E-01 0.300E-01 0.969E-07 0.969E-07 0.969E-07 0.969E-07 0.300E-01 -0.820E-07 -0.820E-07 -0.820E-07 0.969E-07 0.969E-07 0.500E-01 -0.820E-07 -0.201E-06 0.969E-07 -0.820E-07 0.500E-01 0.156E-06 0.276E-06 0.276E-06 0.276E-06 0.276E-06 0.276E-06 0.276E-06 0.276E-06 0.216E-06 0.335E-06 -0.142E-06 0.216E-06 0.335E-06 0.156E-06 0.969E-07 0.216E-06 0.969E-07 0.216E-06 0.969E-07
0.969E-07 0.969E-07 0.969E-07 0.969E-07 0.969E-07 0.100 0.969E-07 -0.820E-07 -0.820E-07 0.969E-07 0.969E-07 0.969E-07 0.373E-07 0.300E-01 0.300E-01 0.300E-01 0.300E-01 0.500E-01 0.969E-07 0.300E-01 0.500E-01 0.100 -0.820E-07 0.969E-07 0.969E-07 0.300E-01 0.300E-01 0.969E-07 0.969E-07 0.216E-06 0.156E-06 0.300E-01 -0.820E-07 -0.820E-07 -0.820E-07 -0.201E-06 0.969E-07 0.500E-01 0.969E-07 -0.201E-06 0.969E-07 0.300E-01 0.300E-01 0.276E-06 0.216E-06 0.969E-07 0.276E-06 0.276E-06 0.276E-06 0.216E-06 -0.224E-07 0.373E-07 -0.142E-06 0.156E-06 -0.820E-07 0.335E-06 -0.142E-06 -0.380E-06 -0.440E-06 0.276E-06 0.276E-06 0.335E-06
0.969E-07 0.969E-07 0.969E-07 0.969E-07 0.969E-07 0.969E-07 0.300E-01 0.300E-01 -0.261E-06 0.156E-06 0.969E-07 -0.820E-07 0.300E-01 0.300E-01 0.300E-01 0.300E-01 0.969E-07 0.969E-07 -0.820E-07 0.969E-07 0.969E-07 0.969E-07 0.969E-07 0.969E-07 0.969E-07 0.300E-01 0.300E-01 -0.820E-07 0.969E-07 0.300E-01 0.298E-07 0.300E-01 -0.224E-07 0.300E-01 0.969E-07 -0.820E-07 -0.820E-07 0.373E-07 0.500E-01 0.500E-01 -0.201E-06 0.300E-01 0.300E-01 -0.201E-06 0.395E-06 0.969E-07 0.395E-06 -0.142E-06 0.276E-06 -0.224E-07 -0.201E-06 0.969E-07 -0.440E-06 0.216E-06 0.216E-06 0.276E-06 0.335E-06 0.216E-06 0.156E-06 -0.320E-06 0.373E-07 0.335E-06
