share/VS_Project/swb/x64/Debug/MASS_BALANCE_05_19_1990.asc
NCOLS        340
NROWS        316
XLLCORNER     528502.530
YLLCORNER     274871.653
CELLSIZE        100.000
NODATA_VALUE    -9999.000
[rows 189 to 215 of 316, columns 244 to 304 of 340]
-0.596E-07 -0.596E-06 -0.238E-06 0.358E-06 -0.358E-06 -0.358E-06 0.358E-06 0. -0.119E-06 0.300E-01 0.300E-01 0.300E-01 0.300E-01 0.358E-06 0.358E-06 -0.358E-06 -0.358E-06 -0.358E-06 0.358E-06 -0.358E-06 -0.596E-07 0.300E-01 0.300E-01 0.300E-01 0.300E-01 0.300E-01 0.300E-01 0.300E-01 0.300E-01 -0.238E-06 0.417E-06 0.417E-06 0.300E-01 0.300E-01 0.300E-01 0.300E-01 -0.596E-07 -0.358E-06 -0.358E-06 -0.596E-07 -0.358E-06 -0.358E-06 -0.477E-06 -0.358E-06 -0.358E-06 -0.596E-07 -0.238E-06 -0.238E-06 0.238E-06 -0.596E-07 -0.596E-07 -0.596E-07 -0.238E-06 0.596E-07 -0.596E-07 0.300E-01 0.300E-01 0.300E-01 0.300E-01 0.300E-01 0.596E-07
-0.238E-06 -0.238E-06 0.119E-06 -0.358E-06 -0.358E-06 -0.358E-06 0.119E-06 0.238E-06 -0.119E-06 0.300E-01 0.300E-01 0.300E-01 0.300E-01 -0.358E-06 -0.358E-06 -0.358E-06 -0.358E-06 -0.238E-06 0.119E-06 -0.358E-06 -0.358E-06 0.300E-01 0.300E-01 0.300E-01 0.300E-01 0.300E-01 0.300E-01 0.300E-01 0.300E-01 0.298E-06 0.300E-01 0.300E-01 0.300E-01 -0.596E-07 -0.596E-07 -0.238E-06 -0.596E-07 -0.596E-07 -0.358E-06 -0.358E-06 -0.358E-06 -0.358E-06 -0.596E-07 -0.596E-07 0.417E-06 0.417E-06 -0.238E-06 0.300E-01 -0.596E-07 -0.596E-07 -0.596E-07 -0.596E-07 -0.238E-06 0.596E-07 0.596E-07 -0.596E-07 -0.596E-07 -0.596E-07 0.300E-01 0.300E-01 0.596E-07
-0.596E-07 0.300E-01 0.358E-06 0.119E-06 0.358E-06 -0.358E-06 -0.358E-06 0.119E-06 0.417E-06 0.300E-01 0.300E-01 0.119E-06 -0.596E-07 -0.358E-06 -0.226E-05 -0.596E-07 0.238E-06 -0.358E-06 -0.358E-06 -0.358E-06 -0.358E-06 0.119E-06 0.300E-01 0.300E-01 0.300E-01 0.300E-01 0.300E-01 0.300E-01 0.300E-01 0.300E-01 0.300E-01 0.300E-01 0.300E-01 0.300E-01 0.300E-01 0.300E-01 -0.596E-07 0.300E-01 0. 0.119E-06 0.300E-01 -0.596E-07 -0.596E-07 0.300E-01 0.300E-01 -0.596E-07 -0.119E-06 -0.119E-06 -0.596E-07 0.300E-01 -0.596E-07 -0.596E-07 -0.596E-07 -0.238E-06 -0.477E-06 -0.596E-07 0.298E-06 -0.119E-06 -0.238E-06 -0.119E-06 0.119E-06
-0.596E-07 0.119E-06 -0.596E-07 -0.358E-06 -0.596E-07 -0.596E-07 -0.596E-07 -0.238E-06 -0.238E-06 0.119E-06 -0.596E-07 -0.238E-06 -0.358E-06 -0.596E-07 0.155E-05 0.119E-06 -0.119E-06 -0.596E-07 0.300E-01 -0.596E-07 -0.596E-07 0.119E-06 -0.119E-06 -0.358E-06 -0.358E-06 0.300E-01 0.300E-01 0.300E-01 0.300E-01 -0.596E-07 -0.596E-07 0.500E-01 -0.596E-07 0.298E-06 0.238E-06 -0.596E-07 -0.596E-07 0.300E-01 0.358E-06 -0.596E-07 0.300E-01 0.300E-01 0.300E-01 -0.358E-06 0.300E-01 0.300E-01 0.300E-01 0.119E-06 0.300E-01 0.300E-01 -0.238E-06 -0.238E-06 -0.238E-06 -0.358E-06 -0.596E-07 -0.358E-06 -0.119E-06 0.596E-07 -0.119E-06 0.596E-07 0.119E-06
-0.238E-06 -0.596E-07 0.119E-06 -0.358E-06 -0.596E-07 0.300E-01 0.300E-01 0.358E-06 -0.119E-06 -0.358E-06 -0.358E-06 0.596E-06 0.119E-06 0.596E-06 -0.358E-06 -0.226E-05 0.155E-05 -0.596E-07 0.238E-06 -0.596E-07 -0.596E-07 0.417E-06 -0.596E-06 -0.358E-06 -0.119E-06 0.300E-01 0.300E-01 0.300E-01 0.300E-01 -0.596E-07 -0.596E-07 -0.596E-07 -0.238E-06 -0.596E-07 -0.596E-06 -0.238E-06 -0.596E-07 0.300E-01 -0.238E-06 0.119E-06 0.300E-01 0.300E-01 -0.358E-06 0.500E-01 0.300E-01 0.300E-01 0.300E-01 0.300E-01 0.300E-01 0.300E-01 -0.596E-07 -0.596E-07 -0.596E-07 -0.238E-06 -0.596E-07 -0.596E-07 0.500E-01 0.596E-07 0.298E-07 -0.298E-07 0.596E-07
0.500E-01 -0.119E-06 -0.358E-06 -0.596E-07 -0.596E-07 -0.238E-06 0.119E-06 -0.119E-06 -0.596E-07 -0.238E-06 -0.596E-07 -0.596E-07 -0.596E-07 -0.358E-06 0.358E-06 -0.596E-07 -0.596E-07 -0.226E-05 0.300E-01 -0.596E-07 -0.596E-07 -0.358E-06 0.155E-05 0.238E-06 0.477E-06 0.300E-01 0.300E-01 0.300E-01 0.300E-01 0.300E-01 0.300E-01 -0.596E-07 0.300E-01 0.300E-01 0.300E-01 0.300E-01 0.300E-01 0.300E-01 -0.358E-06 0. 0.300E-01 0.300E-01 -0.596E-07 -0.596E-07 0.300E-01 0.300E-01 0.300E-01 0.300E-01 0.500E-01 -0.596E-07 -0.596E-07 -0.238E-06 -0.596E-07 -0.596E-07 -0.596E-07 0.417E-06 -0.596E-07 0.596E-07 -0.119E-06 -0.536E-06 -0.119E-06
0.500E-01 -0.119E-06 -0.477E-06 0.500E-01 -0.358E-06 0.358E-06 -0.596E-07 -0.596E-07 -0.596E-07 -0.238E-06 -0.238E-06 -0.596E-07 -0.596E-07 -0.596E-07 -0.596E-07 -0.596E-07 -0.596E-07 -0.596E-07 0.155E-05 -0.596E-07 -0.596E-07 0.155E-05 -0.477E-06 -0.477E-06 -0.358E-06 0.300E-01 0.300E-01 0.300E-01 0.300E-01 0.300E-01 0.300E-01 0.300E-01 0.300E-01 0.300E-01 0.300E-01 0.300E-01 0.300E-01 -0.596E-07 0.119E-06 -0.596E-07 0.300E-01 0.300E-01 0.300E-01 0.300E-01 0.300E-01 0.300E-01 0.300E-01 0.300E-01 0.300E-01 -0.596E-07 -0.238E-06 -0.238E-06 -0.238E-06 -0.596E-07 0.300E-01 -0.596E-07 -0.596E-07 0.596E-07 -0.596E-07 -0.596E-07 0.300E-01
0.500E-01 -0.358E-06 -0.596E-07 0.500E-01 0. 0.119E-06 0.500E-01 -0.596E-07 -0.298E-06 -0.596E-07 -0.596E-07 -0.358E-06 -0.358E-06 0.119E-06 0.119E-06 -0.596E-07 -0.238E-06 -0.238E-06 0.155E-05 -0.596E-07 0.119E-06 -0.358E-06 0.238E-06 -0.477E-06 -0.358E-06 0.300E-01 0.500E-01 -0.596E-07 0.300E-01 0.300E-01 0.300E-01 0.300E-01 0.300E-01 0.300E-01 0.300E-01 0.300E-01 0.300E-01 -0.596E-07 0.596E-06 -0.596E-07 -0.238E-06 0.300E-01 0.300E-01 0.300E-01 0.300E-01 0.300E-01 0.300E-01 0.300E-01 0.300E-01 0.298E-06 -0.596E-07 -0.238E-06 -0.238E-06 -0.238E-06 0.300E-01 -0.596E-07 -0.596E-07 -0.238E-06 -0.596E-07 -0.238E-06 -0.596E-07
0.500E-01 0.500E-01 0.500E-01 0.500E-01 -0.596E-07 -0.596E-07 -0.358E-06 0.358E-06 0.500E-01 0.500E-01 -0.596E-07 -0.596E-07 0. 0.238E-06 -0.596E-07 0.596E-06 0.119E-06 -0.834E-06 -0.226E-05 -0.596E-07 -0.358E-06 -0.358E-06 -0.477E-06 -0.358E-06 0.358E-06 0.300E-01 -0.596E-07 -0.596E-07 0.300E-01 0.300E-01 0.300E-01 0.300E-01 0.300E-01 0.300E-01 0.300E-01 0.300E-01 0.298E-06 -0.358E-06 -0.596E-07 -0.477E-06 -0.477E-06 0.300E-01 0.300E-01 0.300E-01 0.300E-01 0.300E-01 0.300E-01 0.300E-01 0.300E-01 0.298E-06 -0.238E-06 -0.238E-06 -0.238E-06 -0.596E-07 0.300E-01 0.596E-07 -0.238E-06 -0.238E-06 -0.358E-06 -0.596E-07 0.
-0.358E-06 0.500E-01 0.500E-01 -0.596E-07 0.500E-01 0.238E-06 -0.238E-06 -0.596E-07 -0.596E-07 0.500E-01 0.500E-01 0.500E-01 -0.596E-07 -0.358E-06 -0.358E-06 0.358E-06 0. 0.298E-06 0.155E-05 -0.596E-07 -0.226E-05 -0.477E-06 -0.358E-06 -0.358E-06 -0.358E-06 0.300E-01 -0.596E-07 -0.596E-07 0.300E-01 0.300E-01 0.300E-01 0.300E-01 0.300E-01 0.300E-01 -0.596E-07 0.300E-01 0.300E-01 -0.596E-07 -0.596E-07 0.300E-01 0.417E-06 0.300E-01 0.300E-01 0.300E-01 0.300E-01 0.300E-01 0.300E-01 0.300E-01 0.300E-01 0.298E-06 -0.596E-07 -0.238E-06 -0.238E-06 -0.596E-06 -0.358E-06 -0.596E-07 -0.238E-06 -0.596E-07 -0.596E-07 -0.596E-07 -0.596E-07
-0.596E-07 0.500E-01 -0.596E-07 0.500E-01 0.238E-06 0.500E-01 -0.596E-07 0.500E-01 -0.596E-07 0.500E-01 0.500E-01 0.500E-01 -0.596E-07 -0.358E-06 0.358E-06 -0.119E-06 -0.596E-07 -0.358E-06 -0.179E-06 0.155E-05 -0.358E-06 -0.477E-06 -0.477E-06 -0.358E-06 0.358E-06 0.500E-01 0.300E-01 0.300E-01 0.300E-01 0.300E-01 0.300E-01 0.300E-01 0.300E-01 0.300E-01 0.300E-01 0.300E-01 0.300E-01 -0.596E-07 -0.596E-07 -0.596E-07 0.300E-01 0.300E-01 0.300E-01 0.300E-01 0.300E-01 0.300E-01 0.300E-01 0.300E-01 -0.596E-07 -0.596E-07 0.500E-01 0.500E-01 -0.238E-06 -0.238E-06 0.300E-01 -0.477E-06 -0.596E-07 0.417E-06 -0.596E-07 0.417E-06 -0.596E-07
0. 0.500E-01 -0.596E-07 -0.596E-07 -0.596E-07 -0.596E-07 -0.596E-07 -0.596E-07 -0.596E-07 -0.596E-07 -0.596E-07 0.500E-01 0.238E-06 0.298E-06 0.300E-01 0.300E-01 0.300E-01 0.300E-01 -0.596E-07 -0.358E-06 0.155E-05 -0.358E-06 -0.596E-07 -0.358E-06 -0.477E-06 0.300E-01 0.300E-01 0.300E-01 0.300E-01 0.300E-01 -0.596E-07 0.300E-01 0.300E-01 0.300E-01 0.300E-01 0.300E-01 0.300E-01 -0.596E-07 0.300E-01 -0.596E-07 -0.596E-07 -0.596E-07 0.300E-01 -0.596E-07 -0.596E-07 0.300E-01 0.300E-01 0.300E-01 -0.596E-07 -0.596E-07 -0.596E-07 -0.596E-07 -0.238E-06 0.417E-06 0.119E-06 -0.358E-06 0.500E-01 0.300E-01 -0.596E-07 -0.596E-07 0.300E-01
0.500E-01 0.100 0.500E-01 0.500E-01 0.500E-01 0.500E-01 -0.596E-07 -0.596E-07 -0.596E-07 -0.596E-07 -0.596E-07 -0.596E-07 0.300E-01 -0.596E-07 -0.596E-07 0.300E-01 0.300E-01 -0.596E-07 -0.596E-07 -0.358E-06 0.119E-06 -0.274E-05 0.358E-06 -0.477E-06 -0.596E-07 0.300E-01 -0.596E-07 0.300E-01 0.300E-01 -0.596E-07 0. 0.300E-01 0.300E-01 0.300E-01 0.300E-01 0.300E-01 0.300E-01 -0.238E-06 0.300E-01 0.300E-01 0.300E-01 0.300E-01 0.300E-01 0.300E-01 -0.596E-07 0.300E-01 -0.358E-06 0.300E-01 -0.596E-07 -0.238E-06 -0.596E-07 -0.596E-07 -0.596E-07 -0.596E-07 0.358E-06 0.500E-01 0.500E-01 -0.596E-07 -0.596E-07 -0.596E-07 -0.596E-07
0.100 0.500E-01 0.500E-01 0.500E-01 0.500E-01 0.500E-01 0.500E-01 -0.596E-07 0.500E-01 -0.596E-07 -0.596E-07 -0.596E-07 -0.596E-07 -0.596E-07 -0.596E-07 -0.596E-07 0.300E-01 0.298E-06 -0.238E-06 -0.596E-07 -0.358E-06 -0.274E-05 -0.358E-06 -0.417E-06 0.477E-06 0.300E-01 0.300E-01 0.300E-01 -0.596E-07 0.238E-06 0.300E-01 0.300E-01 0.300E-01 0.300E-01 0.300E-01 0.300E-01 0.238E-06 -0.358E-06 0.300E-01 -0.596E-07 -0.596E-07 0.300E-01 0.300E-01 -0.596E-07 -0.596E-07 0.300E-01 0.300E-01 0.300E-01 -0.596E-07 -0.238E-06 -0.238E-06 -0.596E-07 -0.596E-07 -0.596E-07 0.417E-06 0.500E-01 0.500E-01 -0.596E-07 0.417E-06 -0.119E-06 0.596E-07
0.100 0.500E-01 0.500E-01 0.100 0.100 0.500E-01 -0.596E-07 0.500E-01 0.500E-01 -0.238E-06 0.477E-06 -0.238E-06 -0.596E-07 0.500E-01 0.238E-06 0.500E-01 0.300E-01 0.300E-01 0.300E-01 0.300E-01 -0.596E-07 0.300E-01 0.300E-01 0.300E-01 0.417E-06 0.300E-01 -0.596E-07 -0.119E-06 -0.238E-06 -0.358E-06 0.500E-01 0.298E-06 0.300E-01 0.300E-01 0.500E-01 0.417E-06 -0.596E-07 -0.119E-06 -0.596E-07 -0.596E-07 -0.596E-07 -0.596E-07 0.238E-06 0.300E-01 0.119E-06 0.300E-01 0.300E-01 -0.358E-06 0.500E-01 -0.119E-06 -0.358E-06 -0.238E-06 -0.596E-07 -0.596E-07 0.500E-01 0.500E-01 0.500E-01 -0.358E-06 -0.596E-07 0.417E-06 -0.596E-07
0.300E-01 0.500E-01 0.500E-01 0.100 0.100 0.100 0.500E-01 0.500E-01 0.238E-06 -0.119E-06 0.238E-06 -0.358E-06 -0.596E-07 0.500E-01 0.238E-06 -0.596E-07 -0.596E-07 0.300E-01 -0.596E-07 -0.596E-07 -0.596E-07 0.300E-01 0.298E-06 0.155E-05 -0.358E-06 -0.596E-07 -0.596E-07 -0.477E-06 0. -0.596E-07 0.500E-01 0.500E-01 -0.596E-07 0.500E-01 0.500E-01 0.300E-01 -0.596E-07 -0.596E-07 0.300E-01 0.300E-01 -0.417E-06 0.300E-01 0.300E-01 -0.596E-07 -0.596E-07 0.300E-01 0.300E-01 0.300E-01 0.358E-06 0.119E-06 0.300E-01 0.300E-01 0.300E-01 0.500E-01 0.500E-01 0.500E-01 0. -0.596E-07 -0.596E-07 -0.596E-07 -0.596E-07
0.500E-01 0. 0.500E-01 0.100 0.100 0.500E-01 0.500E-01 0.500E-01 -0.596E-07 -0.596E-07 -0.238E-06 0.300E-01 -0.596E-07 -0.238E-06 -0.596E-07 -0.596E-07 -0.596E-07 -0.596E-07 -0.596E-07 -0.596E-07 -0.596E-07 0.300E-01 0.300E-01 0.155E-05 -0.596E-07 0.300E-01 0.300E-01 -0.358E-06 -0.596E-07 0.417E-06 -0.596E-07 0.500E-01 0.500E-01 0.500E-01 -0.596E-07 -0.596E-07 0.417E-06 -0.596E-07 -0.596E-07 0.300E-01 0.417E-06 0.300E-01 0.300E-01 -0.596E-07 -0.596E-07 0.500E-01 0.300E-01 0.300E-01 -0.358E-06 0.100 0.300E-01 0.300E-01 0.500E-01 -0.358E-06 0.300E-01 0.500E-01 0.500E-01 0.500E-01 0.500E-01 -0.596E-07 -0.596E-07
-0.358E-06 -0.119E-06 0.500E-01 0.969E-07 0.500E-01 0.100 0.300E-01 -0.596E-07 -0.596E-07 -0.596E-07 -0.238E-06 -0.238E-06 0.119E-06 -0.834E-06 -0.238E-06 -0.238E-06 -0.596E-07 -0.238E-06 0.300E-01 -0.596E-07 -0.596E-07 0.300E-01 0.300E-01 0.119E-06 0.155E-05 0.300E-01 0.300E-01 -0.119E-06 0.300E-01 0.300E-01 -0.596E-07 -0.596E-07 -0.596E-07 -0.596E-07 -0.596E-07 -0.596E-07 0.300E-01 -0.596E-07 -0.596E-07 -0.596E-07 0.417E-06 0.417E-06 0. 0.300E-01 -0.596E-07 -0.596E-07 0.500E-01 0.298E-06 0.298E-06 0.500E-01 0.500E-01 0.500E-01 0.500E-01 0.300E-01 0.500E-01 0.500E-01 0.500E-01 0.500E-01 0.500E-01 -0.596E-07 -0.358E-06
-0.358E-06 0.500E-01 0.500E-01 0.500E-01 0.500E-01 0.100 0.500E-01 0.500E-01 0.500E-01 -0.596E-07 -0.238E-06 -0.596E-07 -0.596E-07 -0.238E-06 0.300E-01 -0.358E-06 -0.358E-06 0.300E-01 -0.358E-06 -0.358E-06 -0.358E-06 0.300E-01 0.300E-01 -0.358E-06 -0.608E-05 0.300E-01 0.300E-01 0.238E-06 -0.358E-06 -0.358E-06 -0.596E-07 -0.238E-06 -0.238E-06 -0.238E-06 -0.596E-07 -0.596E-07 -0.596E-07 -0.596E-07 -0.596E-07 -0.596E-07 -0.596E-07 0.300E-01 0.300E-01 0.300E-01 0.500E-01 0.500E-01 -0.238E-06 0.238E-06 -0.596E-07 -0.238E-06 -0.358E-06 0.500E-01 0.477E-06 0.300E-01 0.500E-01 0.500E-01 0.500E-01 -0.596E-07 -0.596E-07 0.500E-01 0.358E-06
0.500E-01 0.500E-01 0.100 0.500E-01 0.100 0.500E-01 0.100 0.100 0.100 -0.596E-07 -0.596E-07 -0.596E-07 -0.596E-07 0.300E-01 0.300E-01 0.238E-06 -0.238E-06 -0.596E-07 -0.238E-06 0.300E-01 0.300E-01 -0.596E-07 -0.596E-07 -0.238E-06 -0.608E-05 0.119E-06 -0.596E-07 -0.596E-07 -0.596E-07 -0.596E-07 -0.238E-06 -0.238E-06 -0.238E-06 -0.238E-06 -0.238E-06 -0.596E-07 -0.596E-07 -0.596E-07 -0.596E-07 -0.596E-07 -0.596E-07 -0.596E-07 -0.596E-07 -0.596E-07 -0.596E-07 -0.238E-06 -0.477E-06 -0.358E-06 0.300E-01 0.300E-01 0.300E-01 0.300E-01 0.300E-01 -0.596E-07 -0.358E-06 -0.358E-06 -0.358E-06 0.500E-01 0.500E-01 0.100 -0.119E-06
0.500E-01 0.395E-06 0.500E-01 0.500E-01 0.500E-01 0.100 0.100 0.100 0.100 -0.358E-06 0.358E-06 -0.477E-06 0.500E-01 0.300E-01 0.300E-01 -0.358E-06 -0.596E-07 0.298E-06 0.500E-01 0.500E-01 0.500E-01 -0.596E-07 -0.238E-06 -0.596E-07 0.300E-01 0.119E-06 -0.596E-07 -0.596E-07 -0.358E-06 0.300E-01 0.300E-01 0.300E-01 -0.238E-06 -0.596E-07 -0.596E-07 -0.596E-07 -0.238E-06 -0.238E-06 0.500E-01 -0.596E-07 -0.596E-07 -0.596E-07 -0.596E-07 -0.596E-07 -0.596E-07 -0.358E-06 0.300E-01 0.300E-01 -0.119E-06 0.300E-01 0.300E-01 0.300E-01 0.300E-01 0.300E-01 -0.596E-07 -0.596E-07 -0.596E-07 -0.596E-07 -0.596E-07 -0.596E-07 -0.119E-06
0.100 -0.440E-06 0.100 0.500E-01 0.477E-06 0.100 0.100 0.100 0.100 -0.358E-06 0.358E-06 -0.477E-06 -0.477E-06 0.300E-01 0.300E-01 0.298E-06 0.300E-01 -0.596E-07 0.500E-01 0.500E-01 0.500E-01 0.500E-01 0.500E-01 0.300E-01 -0.608E-05 -0.358E-06 -0.596E-07 -0.358E-06 -0.358E-06 0.300E-01 0.119E-06 -0.238E-06 -0.596E-07 -0.596E-07 0.300E-01 0.300E-01 -0.238E-06 0.238E-06 0.100 -0.596E-07 -0.596E-07 -0.596E-07 -0.596E-07 -0.238E-06 0.300E-01 0.300E-01 0.300E-01 0.298E-06 0.300E-01 0.300E-01 0.300E-01 0.300E-01 0.300E-01 0.300E-01 0.300E-01 0.300E-01 0.300E-01 0.300E-01 0.358E-06 -0.238E-06 0.596E-06
-0.596E-07 -0.596E-07 0.100 0.119E-06 0.500E-01 0.500E-01 0.100 0.100 0.500E-01 -0.596E-07 -0.596E-07 -0.358E-06 -0.477E-06 0.300E-01 0.300E-01 0.300E-01 0.300E-01 0.298E-06 0.500E-01 0.500E-01 0.500E-01 0.500E-01 0.300E-01 0.300E-01 0.168E-04 -0.596E-07 -0.596E-07 -0.358E-06 -0.119E-06 0.119E-06 -0.358E-06 0. 0.298E-06 0.300E-01 -0.119E-06 0.300E-01 -0.596E-07 0.500E-01 0.500E-01 0.238E-06 -0.596E-07 -0.596E-07 0.119E-06 -0.238E-06 0.300E-01 -0.596E-07 -0.596E-07 -0.596E-07 0.300E-01 0.300E-01 0.300E-01 0.300E-01 0.300E-01 0.300E-01 0.300E-01 0.300E-01 -0.596E-07 -0.238E-06 0. 0.119E-06 -0.596E-07
0.500E-01 0.119E-06 0.500E-01 -0.119E-06 0.500E-01 0.500E-01 0.500E-01 0.500E-01 0.500E-01 -0.238E-06 -0.596E-07 -0.358E-06 0.500E-01 0.300E-01 0.300E-01 0.300E-01 0.300E-01 -0.596E-07 -0.596E-07 -0.596E-07 -0.596E-07 -0.596E-07 -0.358E-06 -0.358E-06 0.168E-04 0. -0.358E-06 0.358E-06 0.119E-06 -0.358E-06 0.300E-01 0.300E-01 0.300E-01 -0.596E-07 -0.596E-07 -0.596E-07 -0.596E-07 -0.596E-07 -0.596E-07 -0.358E-06 -0.358E-06 -0.358E-06 0.300E-01 -0.119E-06 -0.119E-06 0.417E-06 0.417E-06 -0.358E-06 0.300E-01 0.300E-01 0.300E-01 0.300E-01 0.300E-01 0.300E-01 -0.596E-07 0.300E-01 0.300E-01 0.300E-01 -0.596E-07 0.300E-01 -0.596E-07
-0.119E-06 -0.358E-06 0.596E-06 0.500E-01 0.100 0.500E-01 0.500E-01 -0.820E-07 0.500E-01 -0.238E-06 0.500E-01 0.500E-01 0.500E-01 0.500E-01 0.300E-01 0.300E-01 0.300E-01 0.119E-06 -0.238E-06 -0.238E-06 -0.596E-07 -0.238E-06 0.417E-06 -0.119E-06 0.225E-04 0.238E-06 -0.358E-06 0.119E-06 0.298E-06 0.300E-01 0.300E-01 0.300E-01 -0.596E-07 -0.596E-07 -0.596E-07 -0.596E-07 -0.596E-07 -0.596E-07 -0.596E-07 -0.358E-06 -0.358E-06 -0.358E-06 -0.358E-06 -0.358E-06 0.300E-01 -0.596E-06 0.596E-06 -0.358E-06 0.300E-01 0.300E-01 0.300E-01 0.300E-01 0.300E-01 -0.358E-06 -0.596E-07 0.298E-06 0.300E-01 0.300E-01 0.238E-06 0.300E-01 -0.596E-07
0.596E-06 0.300E-01 0.300E-01 -0.596E-07 0.100 0.500E-01 -0.820E-07 -0.358E-06 0.500E-01 0.500E-01 -0.596E-07 -0.596E-07 -0.596E-07 -0.596E-07 0.238E-06 0.300E-01 0.500E-01 0.238E-06 -0.358E-06 0.596E-06 -0.238E-06 0.300E-01 0.358E-06 0.119E-06 0.298E-06 0.168E-04 -0.358E-06 0.119E-06 -0.119E-06 0.300E-01 0.500E-01 0.300E-01 0.300E-01 -0.596E-07 -0.596E-07 -0.596E-07 0.300E-01 0.300E-01 -0.238E-06 0.300E-01 0.300E-01 0.300E-01 0.300E-01 0.300E-01 0.238E-06 0.477E-06 -0.477E-06 0.119E-06 0.500E-01 0.300E-01 0.300E-01 0.300E-01 0.300E-01 0.300E-01 -0.596E-07 0.300E-01 0.300E-01 0.300E-01 -0.834E-06 0.300E-01 -0.596E-07
-0.358E-06 -0.358E-06 0.500E-01 0.500E-01 0.100 0.500E-01 0.100 0.100 0.500E-01 0.500E-01 0.500E-01 -0.596E-07 -0.358E-06 0. -0.238E-06 -0.238E-06 0.500E-01 0.500E-01 -0.596E-07 -0.596E-07 -0.358E-06 -0.596E-07 -0.596E-07 -0.238E-06 -0.238E-06 0.168E-04 0.119E-06 0.477E-06 0.300E-01 0.300E-01 0.500E-01 -0.596E-07 -0.596E-07 0.238E-06 -0.238E-06 -0.238E-06 0.298E-06 0.298E-06 -0.238E-06 0.300E-01 0.300E-01 0.300E-01 0.300E-01 -0.358E-06 0.300E-01 -0.358E-06 0.119E-06 0.500E-01 0.500E-01 0.300E-01 0.300E-01 0.300E-01 0.300E-01 0.300E-01 -0.596E-07 0.300E-01 0.300E-01 0.300E-01 0.300E-01 0.300E-01 -0.596E-07
