share/VS_Project/swb/x64/Debug/MASS_BALANCE_08_22_1989.asc
NCOLS        340
NROWS        316
XLLCORNER     528502.530
YLLCORNER     274871.653
CELLSIZE        100.000
NODATA_VALUE    -9999.000
[rows 216 to 242 of 316, columns 122 to 182 of 340]
0.745E-07 0.300E-01 0.253E-06 0.745E-07 0.500E-01 0.500E-01 0.253E-06 0.745E-07 0.500E-01 0.134E-06 0.253E-06 0.253E-06 0.745E-07 0.149E-07 0.745E-07 0.253E-06 0.300E-01 0.194E-06 0.253E-06 -0.164E-06 0.253E-06 -0.164E-06 0.300E-01 0.253E-06 0.745E-07 0.745E-07 0.745E-07 0.745E-07 0.745E-07 -0.447E-07 -0.224E-06 0.500E-01 0.300E-01 0.253E-06 0.300E-01 0.300E-01 0.300E-01 0.300E-01 0.300E-01 0.300E-01 0.149E-07 -0.164E-06 0.745E-07 -0.224E-06 -0.224E-06 -0.224E-06 0.500E-01 0.500E-01 -0.447E-07 0.253E-06 0.300E-01 0.300E-01 0.300E-01 0.300E-01 0.194E-06 0.253E-06 0.300E-01 0.300E-01 0.745E-07 0.745E-07 0.149E-07
0.500E-01 0.500E-01 0.253E-06 0.745E-07 -0.104E-06 0.100 0.745E-07 0.745E-07 0.500E-01 -0.164E-06 0.500E-01 0.194E-06 0.300E-01 -0.164E-06 0.300E-01 0.300E-01 0.149E-07 0.194E-06 -0.164E-06 0.500E-01 0.300E-01 0.300E-01 0.300E-01 -0.164E-06 0.253E-06 0.745E-07 0.500E-01 -0.447E-07 0.253E-06 0.253E-06 -0.164E-06 0.500E-01 0.300E-01 0.253E-06 0.300E-01 0.500E-01 0.500E-01 -0.164E-06 0.253E-06 0.253E-06 0.253E-06 0.300E-01 -0.447E-07 -0.447E-07 0.253E-06 -0.224E-06 0.500E-01 0.500E-01 0.134E-06 0.500E-01 0.300E-01 0.253E-06 0.745E-07 0.500E-01 0.500E-01 -0.224E-06 -0.164E-06 -0.164E-06 -0.447E-07 -0.104E-06 0.745E-07
0.100 0.500E-01 -0.224E-06 0.745E-07 0.745E-07 0.100 -0.164E-06 -0.164E-06 0.500E-01 0.194E-06 -0.164E-06 0.300E-01 0.300E-01 0.253E-06 0.300E-01 0.300E-01 0.300E-01 0.300E-01 0.300E-01 0.300E-01 0.300E-01 0.300E-01 0.253E-06 0.253E-06 0.253E-06 0.253E-06 0.745E-07 0.134E-06 0.500E-01 -0.164E-06 -0.164E-06 0.500E-01 0.500E-01 0.253E-06 0.300E-01 0.300E-01 0.500E-01 0.500E-01 0.300E-01 0.300E-01 0.253E-06 0.500E-01 -0.224E-06 0.745E-07 0.253E-06 0.253E-06 0.500E-01 -0.164E-06 0.500E-01 0.500E-01 0.253E-06 0.253E-06 0.745E-07 0.500E-01 0.500E-01 0.500E-01 0.134E-06 0.261E-06 0.253E-06 -0.224E-06 0.300E-01
-0.164E-06 0.100 0.500E-01 0.745E-07 0.500E-01 0.100 -0.164E-06 0.100 0.500E-01 0.253E-06 0.300E-01 -0.224E-06 0.253E-06 0.253E-06 0.253E-06 0.253E-06 0.745E-07 0.253E-06 0.253E-06 0.253E-06 -0.164E-06 0.500E-01 -0.224E-06 -0.224E-06 0.253E-06 0.253E-06 0.253E-06 0.745E-07 0.500E-01 -0.224E-06 0.253E-06 0.500E-01 0.500E-01 0.253E-06 0.745E-07 0.253E-06 0.300E-01 0.500E-01 0.500E-01 -0.164E-06 -0.104E-06 0.500E-01 0.500E-01 0.300E-01 0.253E-06 -0.164E-06 0.500E-01 -0.164E-06 -0.164E-06 0.194E-06 -0.164E-06 -0.164E-06 0.194E-06 -0.224E-06 0.253E-06 0.500E-01 0.500E-01 0.500E-01 -0.224E-06 0.134E-06 -0.104E-06
0.149E-07 0.500E-01 0.100 0.745E-07 0.100 0.100 0.194E-06 0.500E-01 -0.164E-06 0.500E-01 0.300E-01 0.194E-06 0.300E-01 0.253E-06 0.253E-06 -0.224E-06 -0.447E-07 0.745E-07 0.253E-06 0.253E-06 -0.224E-06 -0.104E-06 -0.224E-06 0.253E-06 -0.224E-06 -0.224E-06 0.500E-01 0.500E-01 0.300E-01 0.300E-01 0.149E-07 0.253E-06 0.300E-01 0.253E-06 0.500E-01 0.500E-01 0.500E-01 0.500E-01 0.500E-01 -0.164E-06 0.100 0.500E-01 0.300E-01 0.300E-01 0.194E-06 -0.164E-06 0.100 -0.164E-06 0.500E-01 0.253E-06 -0.447E-07 -0.164E-06 0.300E-01 0.500E-01 0.253E-06 0.253E-06 0.253E-06 0.134E-06 -0.596E-07 0.300E-01 0.500E-01
-0.104E-06 0.500E-01 0.100 0.134E-06 0.500E-01 0.500E-01 0.134E-06 0.500E-01 0.500E-01 0.100 0.500E-01 0.300E-01 0.300E-01 -0.224E-06 -0.224E-06 0.253E-06 0.253E-06 0.300E-01 0.300E-01 0.300E-01 0.300E-01 0.300E-01 0.500E-01 0.300E-01 0.300E-01 0.300E-01 0.300E-01 0.300E-01 0.300E-01 0.253E-06 0.500E-01 0.300E-01 0.253E-06 0.500E-01 0.100 0.500E-01 0.500E-01 0.100 0.500E-01 0.500E-01 0.100 0.500E-01 0.300E-01 0.300E-01 0.500E-01 -0.447E-07 0.500E-01 -0.164E-06 0.500E-01 0.300E-01 0.300E-01 0.500E-01 0.500E-01 -0.164E-06 0.745E-07 0.745E-07 0.300E-01 -0.447E-07 0.500E-01 0.500E-01 0.500E-01
0.432E-06 0.134E-06 0.500E-01 0.500E-01 0.500E-01 0.500E-01 0.500E-01 0.500E-01 0.500E-01 0.100 0.745E-07 0.300E-01 0.300E-01 0.300E-01 -0.224E-06 -0.224E-06 0.745E-07 0.134E-06 -0.447E-07 0.134E-06 0.300E-01 0.300E-01 0.500E-01 0.300E-01 0.300E-01 0.500E-01 0.500E-01 0.300E-01 0.500E-01 0.253E-06 0.300E-01 0.253E-06 0.500E-01 0.500E-01 0.500E-01 0.134E-06 0.500E-01 0.500E-01 0.100 0.500E-01 0.500E-01 0.500E-01 0.300E-01 0.300E-01 0.500E-01 0.194E-06 0.500E-01 0.745E-07 0.300E-01 0.300E-01 0.500E-01 0.500E-01 0.500E-01 0.500E-01 0.300E-01 0.500E-01 -0.164E-06 0.253E-06 0.500E-01 0.100 0.100
0.194E-06 0.149E-07 0.313E-06 0.500E-01 0.100 0.500E-01 0.745E-07 0.745E-07 -0.164E-06 0.500E-01 0.500E-01 0.500E-01 0.500E-01 0.417E-06 0. -0.224E-06 0.149E-07 0.194E-06 0.745E-07 0.745E-07 0.745E-07 0.745E-07 0.745E-07 0.500E-01 0.500E-01 0.100 0.500E-01 0.300E-01 0.300E-01 0.300E-01 0.500E-01 0.300E-01 0.500E-01 0.500E-01 0.300E-01 0.500E-01 0.500E-01 0.500E-01 0.500E-01 0.300E-01 0.300E-01 0.300E-01 0.300E-01 0.745E-07 0.134E-06 0.500E-01 0.500E-01 0.745E-07 0.500E-01 0.500E-01 0.500E-01 0.500E-01 0.500E-01 -0.224E-06 -0.224E-06 0.500E-01 0.500E-01 0.500E-01 0.100 0.253E-06 0.253E-06
0.500E-01 0.100 0.194E-06 0.134E-06 0.500E-01 0.500E-01 -0.224E-06 0.253E-06 0.300E-01 0.745E-07 0.300E-01 0.500E-01 -0.119E-06 -0.447E-07 -0.164E-06 0.745E-07 0.134E-06 -0.164E-06 0.500E-01 0.500E-01 -0.164E-06 -0.164E-06 -0.104E-06 0.500E-01 0.253E-06 0.253E-06 0.300E-01 0.300E-01 0.500E-01 0.300E-01 0.253E-06 0.253E-06 0.300E-01 0.300E-01 0.500E-01 0.300E-01 0.300E-01 0.500E-01 0.500E-01 0.300E-01 0.300E-01 0.500E-01 0.500E-01 0.745E-07 0.134E-06 -0.164E-06 0.300E-01 0.253E-06 0.500E-01 0.500E-01 0.300E-01 0.253E-06 0.253E-06 0.500E-01 -0.224E-06 0.500E-01 0.745E-07 0.745E-07 0.500E-01 0.253E-06 0.253E-06
0.500E-01 0.100 0.194E-06 0.253E-06 -0.164E-06 0.500E-01 0.500E-01 -0.224E-06 -0.164E-06 -0.164E-06 -0.164E-06 0.300E-01 0.300E-01 0.300E-01 -0.164E-06 -0.224E-06 0.134E-06 0.745E-07 0.745E-07 0.134E-06 0.134E-06 0.300E-01 0.500E-01 0.253E-06 0.500E-01 0.500E-01 0.300E-01 0.300E-01 0.300E-01 0.300E-01 0.194E-06 0.300E-01 0.300E-01 0.500E-01 -0.224E-06 0.300E-01 0.100 0.100 0.194E-06 0.253E-06 0.300E-01 0.300E-01 0.300E-01 0.745E-07 0.745E-07 0.300E-01 0.300E-01 0.745E-07 0.500E-01 0.745E-07 0.300E-01 0.253E-06 0.500E-01 0.500E-01 0.500E-01 0.253E-06 0.253E-06 0.253E-06 0.253E-06 0.253E-06 0.745E-07
0.500E-01 0.500E-01 0.100 0.100 0.500E-01 0.100 0.500E-01 0.745E-07 0.300E-01 0.500E-01 0.500E-01 0.300E-01 0.745E-07 -0.224E-06 0.500E-01 0.745E-07 -0.447E-07 -0.104E-06 0.745E-07 -0.164E-06 -0.164E-06 0.500E-01 0.500E-01 0.500E-01 0.253E-06 0.253E-06 0.300E-01 0.300E-01 0.300E-01 0.300E-01 0.500E-01 0.300E-01 0.500E-01 0.500E-01 0.745E-07 0.500E-01 0.100 0.500E-01 -0.447E-07 0.253E-06 0.300E-01 0.300E-01 0.745E-07 -0.447E-07 -0.224E-06 0.300E-01 0.300E-01 0.500E-01 0.500E-01 0.745E-07 0.500E-01 0.500E-01 0.300E-01 0.300E-01 0.253E-06 0.253E-06 0.253E-06 0.745E-07 -0.164E-06 0.253E-06 0.745E-07
0.745E-07 0.500E-01 0.100 0.100 0.500E-01 0.500E-01 -0.224E-06 0.253E-06 0.500E-01 0.100 0.194E-06 0.194E-06 -0.164E-06 0.300E-01 -0.164E-06 0.745E-07 -0.164E-06 0.149E-07 0.149E-07 0.745E-07 0.300E-01 0.300E-01 0.500E-01 0.194E-06 -0.224E-06 0.253E-06 0.300E-01 0.300E-01 0.500E-01 0.300E-01 0.134E-06 0.300E-01 0.500E-01 0.745E-07 0.500E-01 0.100 0.500E-01 0.745E-07 0.500E-01 -0.127E-06 0.194E-06 0.745E-07 0.745E-07 -0.104E-06 0.745E-07 0.300E-01 0.300E-01 0.500E-01 0.500E-01 0.253E-06 0.253E-06 0.253E-06 0.253E-06 0.253E-06 0.300E-01 0.300E-01 0.500E-01 0.500E-01 0.300E-01 0.500E-01 0.300E-01
0.500E-01 0.100 0.100 0.100 0.500E-01 0.500E-01 -0.224E-06 0.500E-01 0.100 0.100 0.745E-07 0.745E-07 0.500E-01 0.300E-01 0.745E-07 0.134E-06 0.745E-07 0.745E-07 0.745E-07 0.745E-07 0.300E-01 0.300E-01 -0.224E-06 0.300E-01 0.300E-01 0.253E-06 0.300E-01 0.500E-01 0.300E-01 0.300E-01 0.500E-01 0.500E-01 -0.224E-06 0.745E-07 0.500E-01 0.100 0.300E-01 0.745E-07 0.300E-01 0.194E-06 0.300E-01 0.745E-07 0.745E-07 0.745E-07 0.745E-07 0.300E-01 0.300E-01 0.300E-01 0.253E-06 0.253E-06 0.253E-06 0.253E-06 0.253E-06 0.500E-01 0.300E-01 0.300E-01 0.500E-01 0.300E-01 0.300E-01 0.500E-01 0.500E-01
0.500E-01 0.745E-07 0.500E-01 0.100 -0.447E-07 0.500E-01 -0.164E-06 0.100 0.100 0.100 0.500E-01 0.134E-06 0.745E-07 0.253E-06 0.300E-01 0.300E-01 -0.224E-06 0.745E-07 0.300E-01 -0.224E-06 0.300E-01 0.300E-01 -0.224E-06 0.745E-07 0.745E-07 0.745E-07 0.300E-01 0.500E-01 0.300E-01 0.300E-01 0.300E-01 0.300E-01 -0.224E-06 0.745E-07 0.500E-01 0.300E-01 -0.224E-06 0.745E-07 0.500E-01 0.300E-01 0.300E-01 0.745E-07 0.253E-06 0.253E-06 0.253E-06 0.253E-06 0.300E-01 0.253E-06 -0.447E-07 0.745E-07 0.500E-01 0.500E-01 0.500E-01 0.500E-01 0.100 0.500E-01 0.300E-01 0.300E-01 0.300E-01 0.300E-01 0.300E-01
0.253E-06 0.253E-06 0.745E-07 0.500E-01 0.100 0.745E-07 0.100 0.100 0.100 0.100 0.100 0.100 0.100 0.500E-01 0.300E-01 0.745E-07 -0.224E-06 0.253E-06 -0.224E-06 0.134E-06 0.745E-07 0.300E-01 0.194E-06 0.745E-07 0.745E-07 0.745E-07 0.300E-01 0.300E-01 0.300E-01 -0.164E-06 0.300E-01 0.300E-01 0.745E-07 -0.447E-07 0.300E-01 0.300E-01 -0.164E-06 0.253E-06 0.745E-07 0.745E-07 0.745E-07 0.745E-07 0.253E-06 0.253E-06 0.745E-07 -0.164E-06 0.253E-06 0.300E-01 0.253E-06 0.253E-06 0.253E-06 -0.224E-06 -0.224E-06 0.500E-01 0.300E-01 0.300E-01 0.500E-01 0.500E-01 0.300E-01 0.745E-07 -0.104E-06
0.500E-01 0.500E-01 0.500E-01 0.100 0.100 0.500E-01 0.100 0.100 0.100 0.100 0.100 0.100 0.100 0.100 0.300E-01 0.300E-01 -0.224E-06 0.745E-07 0.134E-06 0.300E-01 0.300E-01 0.745E-07 0.500E-01 0.745E-07 0.745E-07 0.149E-07 0.300E-01 0.300E-01 0.300E-01 0.194E-06 0.745E-07 0.745E-07 0.300E-01 0.300E-01 0.500E-01 0.500E-01 0.500E-01 0.745E-07 0.745E-07 -0.224E-06 0.253E-06 0.500E-01 -0.447E-07 0.745E-07 0.134E-06 0.253E-06 0.253E-06 0.253E-06 0.253E-06 0.253E-06 0.745E-07 0.745E-07 0.745E-07 0.134E-06 -0.343E-06 0.253E-06 0.313E-06 -0.224E-06 0.500E-01 0.300E-01 0.500E-01
0.300E-01 0.500E-01 0.500E-01 0.500E-01 0.100 0.373E-06 0.100 0.500E-01 0.300E-01 0.300E-01 0.500E-01 0.100 -0.164E-06 0.100 0.300E-01 0.300E-01 0.745E-07 0.745E-07 0.745E-07 0.745E-07 0.300E-01 0.300E-01 -0.224E-06 0.149E-07 -0.224E-06 0.745E-07 -0.224E-06 0.300E-01 0.300E-01 0.745E-07 0.745E-07 0.745E-07 0.300E-01 0.300E-01 0.500E-01 0.300E-01 0.300E-01 0.300E-01 0.745E-07 0.253E-06 0.745E-07 0.500E-01 0.253E-06 -0.224E-06 -0.447E-07 0.500E-01 0.745E-07 0.745E-07 -0.224E-06 0.253E-06 0.253E-06 0.745E-07 0.745E-07 0.745E-07 0.500E-01 -0.224E-06 0.745E-07 0.745E-07 0.500E-01 -0.224E-06 0.194E-06
0.300E-01 0.300E-01 0.300E-01 0.300E-01 0.500E-01 0.500E-01 0.100 0.500E-01 0.500E-01 0.300E-01 0.149E-07 -0.164E-06 -0.164E-06 0.500E-01 0.500E-01 0.300E-01 0.745E-07 0.500E-01 0.500E-01 0.500E-01 0.300E-01 0.300E-01 -0.224E-06 0.149E-07 -0.224E-06 -0.224E-06 0.300E-01 0.300E-01 0.300E-01 0.300E-01 0.745E-07 -0.447E-07 0.253E-06 0.142E-06 0.300E-01 0.300E-01 0.194E-06 0.253E-06 0.500E-01 0.500E-01 0.300E-01 0.745E-07 0.253E-06 -0.224E-06 0.745E-07 -0.447E-07 0.500E-01 0.745E-07 0.500E-01 0.745E-07 0.253E-06 0.500E-01 0.500E-01 0.745E-07 0.500E-01 0.500E-01 0.745E-07 -0.104E-06 0.253E-06 0.500E-01 0.500E-01
0.300E-01 0.300E-01 0.300E-01 0.500E-01 0.500E-01 0.500E-01 0.100 0.134E-06 0.194E-06 -0.164E-06 0.745E-07 0.149E-07 -0.164E-06 0.500E-01 0.500E-01 0.194E-06 -0.164E-06 0.745E-07 0.134E-06 0.500E-01 0.134E-06 0.253E-06 -0.224E-06 0.149E-07 -0.164E-06 -0.224E-06 0.745E-07 0.300E-01 -0.164E-06 0.500E-01 0.500E-01 0.300E-01 0.300E-01 0.300E-01 0.745E-07 -0.164E-06 -0.164E-06 0.300E-01 0.500E-01 0.500E-01 0.500E-01 0.194E-06 0.745E-07 0.253E-06 0.745E-07 -0.104E-06 -0.164E-06 0.500E-01 0.500E-01 0.100 0.500E-01 0.500E-01 0.500E-01 0.500E-01 -0.164E-06 -0.164E-06 0.253E-06 0.300E-01 0.500E-01 0.500E-01 0.500E-01
0.300E-01 0.300E-01 0.300E-01 0.500E-01 0.500E-01 0.500E-01 0.500E-01 -0.164E-06 -0.164E-06 0.745E-07 0.745E-07 -0.216E-06 -0.164E-06 0.300E-01 0.500E-01 0.500E-01 -0.447E-07 -0.224E-06 0.745E-07 0.745E-07 0.745E-07 -0.224E-06 -0.224E-06 -0.224E-06 -0.224E-06 0.745E-07 0.194E-06 0.253E-06 -0.164E-06 -0.164E-06 0.253E-06 -0.164E-06 -0.164E-06 -0.164E-06 -0.164E-06 -0.164E-06 -0.164E-06 0.300E-01 0.300E-01 0.500E-01 0.500E-01 0.134E-06 0.134E-06 0.745E-07 0.745E-07 0.134E-06 0.291E-06 0.500E-01 0.500E-01 -0.164E-06 -0.164E-06 0.500E-01 0.500E-01 0.253E-06 0.745E-07 -0.969E-07 0.300E-01 0.500E-01 0.500E-01 0.500E-01 0.500E-01
0.500E-01 0.500E-01 0.253E-06 0.500E-01 0. 0.100 0.500E-01 0.500E-01 -0.164E-06 -0.164E-06 -0.447E-07 0.745E-07 0.745E-07 0.500E-01 0.500E-01 0.134E-06 0.149E-07 0.134E-06 0.745E-07 0.134E-06 -0.104E-06 0.745E-07 -0.224E-06 0.745E-07 0.745E-07 0.149E-07 0.300E-01 0.300E-01 0.300E-01 -0.164E-06 0.194E-06 -0.164E-06 0.194E-06 0.194E-06 -0.164E-06 0.500E-01 0.500E-01 0.300E-01 0.300E-01 0.745E-07 -0.164E-06 0.745E-07 0.500E-01 0.745E-07 0.745E-07 0.745E-07 0.134E-06 0.500E-01 0.500E-01 0.500E-01 -0.224E-06 0.500E-01 -0.402E-06 0.432E-06 0.745E-07 -0.164E-06 0.300E-01 0.500E-01 0.500E-01 0.300E-01 0.745E-07
0.500E-01 0.500E-01 0.100 0.100 0.100 0.100 0.100 0.100 -0.447E-07 0.149E-07 0.238E-06 0.745E-07 -0.164E-06 0.300E-01 0.500E-01 0.500E-01 0.745E-07 0.134E-06 0. -0.969E-07 -0.216E-06 0.300E-01 0.745E-07 0.300E-01 0.300E-01 0.745E-07 0.134E-06 0.134E-06 0.300E-01 -0.164E-06 0.194E-06 -0.164E-06 -0.164E-06 0.253E-06 -0.164E-06 -0.164E-06 -0.164E-06 0.300E-01 0.300E-01 0.500E-01 0.500E-01 0.500E-01 0.500E-01 0.500E-01 0.745E-07 0.745E-07 0.745E-07 0.500E-01 0.500E-01 0.500E-01 0.500E-01 0.745E-07 0.492E-06 0.134E-06 0.300E-01 0.194E-06 0.500E-01 0.500E-01 0.500E-01 0.253E-06 0.745E-07
0.100 0.500E-01 -0.447E-07 -0.447E-07 0.500E-01 0.100 0.100 0.100 0.500E-01 0.500E-01 -0.164E-06 -0.447E-07 -0.164E-06 -0.164E-06 -0.164E-06 -0.447E-07 -0.447E-07 0.745E-07 0.745E-07 0.745E-07 0.745E-07 0.134E-06 -0.238E-06 0. 0.745E-07 0.745E-07 0.745E-07 0.134E-06 0.300E-01 0.300E-01 0.194E-06 0.745E-07 -0.447E-07 -0.164E-06 -0.164E-06 -0.164E-06 -0.164E-06 0.745E-07 0.300E-01 0.300E-01 0.500E-01 0.500E-01 0.500E-01 0.500E-01 0.745E-07 0.745E-07 0.745E-07 0.253E-06 0.253E-06 0.500E-01 0.253E-06 0.500E-01 0.500E-01 0.500E-01 0.500E-01 0.500E-01 0.500E-01 0.500E-01 0.253E-06 0.745E-07 0.500E-01
0.100 0.500E-01 -0.447E-07 -0.447E-07 0.238E-06 0.100 0.100 0.100 0.100 0.100 -0.164E-06 0.500E-01 -0.447E-07 -0.447E-07 0.745E-07 0.745E-07 0.745E-07 0.253E-06 0.745E-07 0.745E-07 0.745E-07 0.745E-07 0.500E-01 0.500E-01 0.142E-06 0.134E-06 0.745E-07 0.745E-07 0.134E-06 0.300E-01 0.134E-06 0.300E-01 -0.164E-06 0.300E-01 0.745E-07 0.149E-07 -0.104E-06 -0.164E-06 0.745E-07 -0.164E-06 0.745E-07 0.500E-01 0.500E-01 -0.447E-07 -0.447E-07 0.253E-06 0.300E-01 -0.224E-06 0.500E-01 0.500E-01 0.253E-06 -0.104E-06 0.253E-06 -0.164E-06 0.500E-01 0.300E-01 0.300E-01 0.500E-01 0.745E-07 0.134E-06 -0.224E-06
0.500E-01 0.500E-01 0.745E-07 0.745E-07 0.745E-07 0.100 0.100 0.100 0.100 0.100 0.100 0.100 0.100 0.100 -0.447E-07 0.149E-07 0.149E-07 0.194E-06 -0.164E-06 -0.164E-06 0.149E-07 0.745E-07 -0.164E-06 -0.164E-06 -0.164E-06 0.253E-06 0.745E-07 0.745E-07 0.253E-06 0.194E-06 -0.104E-06 0.134E-06 0.500E-01 0.500E-01 0.300E-01 0.300E-01 0.194E-06 0.745E-07 0.500E-01 0.149E-07 0.134E-06 0.500E-01 -0.164E-06 0.500E-01 0.500E-01 0.745E-07 -0.447E-07 0.253E-06 0.253E-06 -0.224E-06 0.500E-01 0.300E-01 0.500E-01 -0.164E-06 0.500E-01 0.300E-01 0.300E-01 0.500E-01 0.253E-06 0.745E-07 0.500E-01
0.300E-01 0.300E-01 -0.447E-07 0.745E-07 0.194E-06 0.100 0.100 0.100 0.100 0.100 0.100 0.100 0.500E-01 -0.164E-06 -0.447E-07 -0.447E-07 0.149E-07 -0.596E-07 0.194E-06 0.745E-07 0.745E-07 -0.164E-06 0.745E-07 0.745E-07 0.745E-07 -0.164E-06 0.253E-06 -0.104E-06 -0.447E-07 0.194E-06 0.149E-07 0.500E-01 -0.164E-06 0.500E-01 0.500E-01 0.500E-01 0.500E-01 0.500E-01 0.500E-01 0.500E-01 0.500E-01 0.500E-01 0.194E-06 -0.164E-06 0.300E-01 0.300E-01 0.500E-01 0.500E-01 0.500E-01 0.500E-01 0.500E-01 0.500E-01 0.500E-01 -0.164E-06 -0.164E-06 -0.164E-06 0.300E-01 0.253E-06 0.253E-06 0.500E-01 0.100
0.500E-01 0.500E-01 -0.447E-07 -0.447E-07 0.100 0.500E-01 0.500E-01 0.134E-06 0.500E-01 -0.447E-07 0.100 0.100 0.100 0.500E-01 0.745E-07 0.745E-07 0.745E-07 0.134E-06 0. 0.134E-06 0.745E-07 0. 0.745E-07 0.149E-07 0.300E-01 -0.745E-08 -0.104E-06 0.500E-01 0.500E-01 -0.164E-06 -0.164E-06 -0.164E-06 0.500E-01 0.500E-01 0.500E-01 0.300E-01 0.300E-01 0.300E-01 0.300E-01 0.300E-01 0.134E-06 0.500E-01 0.500E-01 0.500E-01 0.500E-01 0.500E-01 0.500E-01 0.100 0.500E-01 0.500E-01 0.100 0.500E-01 0.134E-06 -0.164E-06 0.134E-06 0.500E-01 0.300E-01 0.253E-06 0.253E-06 0.745E-07 0.300E-01
