share/VS_Project/swb/x64/Debug/MASS_BALANCE_06_28_1990.asc
NCOLS        340
NROWS        316
XLLCORNER     528502.530
YLLCORNER     274871.653
CELLSIZE        100.000
NODATA_VALUE    -9999.000
[rows 84 to 111 of 316, columns 189 to 251 of 340]
0.300E-01 0.500E-01 0.500E-01 0.500E-01 0.500E-01 0.500E-01 0.500E-01 -0.119E-06 0. 0.119E-06 0.119E-06 0.238E-06 0.500E-01 0.119E-06 0. -0.119E-06 0.119E-06 0.119E-06 -0.119E-06 0. 0.500E-01 0.119E-06 -0.238E-06 0.300E-01 -0.119E-06 -0.119E-06 0.119E-06 0.119E-06 0.119E-06 0.119E-06 -0.238E-06 0. 0. 0.500E-01 0.119E-06 0.300E-01 0.119E-06 0.500E-01 0.500E-01 0.119E-06 -0.119E-06 0.300E-01 0.300E-01 0.300E-01 0.300E-01 0.300E-01 0.119E-06 0. 0.238E-06 0.300E-01 0.119E-06 0.100 0.100 0.119E-06 0.119E-06 -0.119E-06 -0.119E-06 0.119E-06 0.119E-06 0.119E-06 0.119E-06 0.119E-06 0.
0.300E-01 -0.119E-06 0.500E-01 0.500E-01 0.500E-01 0.300E-01 0.300E-01 0.500E-01 0.500E-01 0.300E-01 -0.238E-06 0.100 0.500E-01 0.119E-06 0.119E-06 0.119E-06 -0.119E-06 0.119E-06 -0.358E-06 0.238E-06 0.119E-06 -0.238E-06 0.300E-01 0.119E-06 0. 0.119E-06 0.119E-06 0.119E-06 -0.119E-06 0. 0. -0.238E-06 0. 0.500E-01 0.119E-06 0.300E-01 0.119E-06 0.500E-01 0.100 0.119E-06 0.119E-06 0.300E-01 0.300E-01 0.300E-01 0.300E-01 0.300E-01 0.300E-01 -0.119E-06 -0.119E-06 0.300E-01 0.119E-06 0.238E-06 0.100 0. 0.119E-06 -0.238E-06 0.119E-06 -0.238E-06 0.119E-06 0.119E-06 0.119E-06 -0.119E-06 0.800E-01
0.300E-01 0.119E-06 0.500E-01 0.500E-01 0.119E-06 0.119E-06 0.119E-06 0.119E-06 0.119E-06 0.119E-06 0.119E-06 0. 0.119E-06 0.596E-06 0.119E-06 0.119E-06 0.119E-06 0.119E-06 -0.119E-06 -0.358E-06 0.596E-06 0. 0.800E-01 0.800E-01 0.119E-06 0.500E-01 0.500E-01 0.119E-06 0.119E-06 0.119E-06 0.238E-06 0.500E-01 0. 0.300E-01 0.300E-01 0.300E-01 0.238E-06 0.300E-01 0.300E-01 -0.238E-06 0.300E-01 0.300E-01 0.300E-01 0.300E-01 0.300E-01 0.300E-01 0.300E-01 0.300E-01 0.238E-06 0.500E-01 0.119E-06 0. 0.100 0. 0.119E-06 0.238E-06 0.500E-01 0.500E-01 -0.358E-06 0.119E-06 -0.119E-06 0.500E-01 0.500E-01
0.300E-01 -0.119E-06 0.119E-06 0.119E-06 -0.358E-06 0.119E-06 -0.238E-06 0.119E-06 0.119E-06 0. 0.119E-06 0.500E-01 0. -0.358E-06 0.119E-06 0.119E-06 0.500E-01 0.119E-06 0.119E-06 0.358E-06 0.500E-01 0.500E-01 0.500E-01 0.500E-01 0.119E-06 0.100 0.500E-01 0.500E-01 0.500E-01 0.119E-06 -0.119E-06 0. 0.300E-01 0.300E-01 0.300E-01 -0.119E-06 0.300E-01 0.119E-06 0.119E-06 0.238E-06 0.300E-01 0.300E-01 0.500E-01 0.500E-01 0.300E-01 0.500E-01 0.119E-06 0.119E-06 0. 0.300E-01 0.500E-01 0. 0.500E-01 0.300E-01 0.119E-06 0.119E-06 0.100 0.500E-01 -0.358E-06 0.119E-06 0.119E-06 0.100 0.500E-01
0.500E-01 0.500E-01 0.119E-06 0.119E-06 -0.358E-06 0.238E-06 0.238E-06 0.119E-06 0.119E-06 0.500E-01 0.500E-01 0.100 0.119E-06 0. 0.119E-06 0.119E-06 0.119E-06 -0.119E-06 0.119E-06 0. 0.800E-01 0.100 0.100 0.500E-01 0.119E-06 0.500E-01 0.500E-01 0.100 0.500E-01 0.119E-06 0.119E-06 0. 0.119E-06 -0.238E-06 0.238E-06 0. -0.343E-06 0.134E-06 0.119E-06 0.119E-06 0.500E-01 0.500E-01 0.300E-01 0.500E-01 0.300E-01 0.100 0.500E-01 0.119E-06 0. 0.300E-01 0.119E-06 0.119E-06 0.119E-06 0.119E-06 0.119E-06 0.119E-06 -0.238E-06 0.119E-06 0.300E-01 0.300E-01 0.300E-01 0.100 0.100
0.300E-01 -0.119E-06 0.300E-01 0.500E-01 0.100 0.500E-01 0.300E-01 0.119E-06 0.119E-06 0.500E-01 0.100 0.300E-01 0.500E-01 0. 0.119E-06 0.119E-06 -0.238E-06 0.119E-06 -0.358E-06 0.500E-01 0.100 0.500E-01 0.119E-06 0.119E-06 0.119E-06 0.119E-06 0.119E-06 0.238E-06 0.238E-06 0.119E-06 0.119E-06 0.119E-06 0. 0. 0. -0.238E-06 0.119E-06 0.119E-06 0. 0. 0.119E-06 0.119E-06 0.119E-06 0.300E-01 0.300E-01 0.100 0.500E-01 0. 0.119E-06 -0.119E-06 -0.358E-06 0. 0. 0.119E-06 0.119E-06 0.238E-06 0.119E-06 0.300E-01 0.300E-01 -0.238E-06 0.500E-01 0.100 0.100
0.300E-01 -0.238E-06 0.300E-01 0. 0.500E-01 0.119E-06 -0.238E-06 0.119E-06 0.119E-06 0.119E-06 -0.119E-06 -0.119E-06 0.300E-01 0.500E-01 0.119E-06 0.119E-06 0.238E-06 0.238E-06 0.300E-01 0.500E-01 0.100 0.500E-01 0.500E-01 0.500E-01 0.119E-06 0.119E-06 0.119E-06 0.300E-01 0.300E-01 0.300E-01 0.300E-01 0.300E-01 0.119E-06 -0.119E-06 0.119E-06 0.119E-06 0.119E-06 0.119E-06 0.119E-06 0.119E-06 0.500E-01 0.500E-01 0.119E-06 0.119E-06 0.100 0.100 0.500E-01 0.119E-06 0.119E-06 -0.119E-06 -0.119E-06 0.500E-01 0.300E-01 -0.119E-06 0.119E-06 -0.238E-06 0.300E-01 0.300E-01 -0.119E-06 0.500E-01 0.100 0.100 0.100
0.500E-01 -0.238E-06 0.300E-01 0. 0.119E-06 0.500E-01 0.119E-06 0.119E-06 0.119E-06 -0.238E-06 -0.238E-06 0.119E-06 0.119E-06 0.500E-01 -0.119E-06 -0.238E-06 -0.358E-06 0.119E-06 0. 0.300E-01 0.100 0.100 0.100 0.100 0.500E-01 0.500E-01 0.119E-06 0.300E-01 0.300E-01 0.300E-01 0.300E-01 0.300E-01 0.300E-01 0.300E-01 -0.238E-06 0.119E-06 0.119E-06 0.300E-01 0.300E-01 0.300E-01 0.300E-01 0.100 0.119E-06 0.500E-01 0.100 0.100 0.500E-01 0.119E-06 0.119E-06 0.119E-06 0.119E-06 0. -0.119E-06 -0.358E-06 -0.246E-06 0.300E-01 0.300E-01 0.300E-01 0.500E-01 0.100 0.500E-01 0.100 0.100
0.119E-06 -0.119E-06 0.119E-06 0. 0.500E-01 -0.358E-06 0.119E-06 0.500E-01 0.119E-06 0.119E-06 0.119E-06 0.119E-06 0.500E-01 0.119E-06 0.300E-01 -0.119E-06 0.500E-01 0.500E-01 0.500E-01 0.500E-01 0.500E-01 0.100 0.100 0.100 0.100 0.100 0.500E-01 0.300E-01 0. 0.300E-01 0.300E-01 0.300E-01 0.119E-06 0.300E-01 0.119E-06 0. 0.238E-06 0.300E-01 0.119E-06 0.300E-01 0.300E-01 0.500E-01 0.500E-01 0.100 0.100 0.100 0.500E-01 0.119E-06 0.119E-06 0.119E-06 0.119E-06 0.119E-06 0.119E-06 0.500E-01 0.500E-01 0.358E-06 0.300E-01 -0.119E-06 0.119E-06 0.100 0.500E-01 0.500E-01 0.100
-0.238E-06 0.300E-01 0.500E-01 0.500E-01 0.500E-01 -0.358E-06 0.119E-06 0.500E-01 0.119E-06 0.119E-06 0.119E-06 0.300E-01 0.119E-06 -0.596E-06 0.119E-06 0.119E-06 0.500E-01 0.800E-01 0.119E-06 0.500E-01 0.500E-01 0.100 0.100 0.100 0.100 0.500E-01 0.500E-01 0.300E-01 0.119E-06 0.300E-01 0.300E-01 0.300E-01 0.119E-06 0.300E-01 0.119E-06 0.300E-01 0.238E-06 0.300E-01 0.300E-01 0.119E-06 0.300E-01 0.119E-06 -0.358E-06 0.100 0.100 0.100 0.500E-01 0.500E-01 0.119E-06 0.119E-06 0.119E-06 0.119E-06 0.500E-01 0.500E-01 0.238E-06 0.596E-06 0.300E-01 -0.119E-06 0.500E-01 0.100 0.500E-01 0.100 0.100
-0.104E-06 -0.238E-06 0.500E-01 0.500E-01 0.500E-01 -0.596E-06 0.300E-01 0.500E-01 0.500E-01 0.500E-01 0.119E-06 0.500E-01 0.500E-01 0.107E-05 -0.238E-06 0.300E-01 0.800E-01 0.500E-01 0.119E-06 0.119E-06 0.119E-06 0.100 0.100 0.100 0.500E-01 0. 0.500E-01 0.300E-01 0.119E-06 0.300E-01 0.300E-01 0.300E-01 0.119E-06 0.300E-01 -0.119E-06 0.300E-01 0.300E-01 0.358E-06 -0.119E-06 0.500E-01 0.300E-01 0.119E-06 0.500E-01 0.500E-01 0.100 0.100 0.100 0.119E-06 0.119E-06 0.119E-06 -0.358E-06 0.500E-01 0.500E-01 0.596E-06 -0.358E-06 0.300E-01 0.300E-01 -0.119E-06 0.500E-01 0.100 0.500E-01 0.100 0.100
-0.238E-06 0.119E-06 0.119E-06 0.500E-01 0.119E-06 0.119E-06 0.300E-01 0.500E-01 0.500E-01 0.500E-01 0.119E-06 0.500E-01 0.300E-01 0.596E-06 0. 0.119E-06 0.500E-01 0.500E-01 0.500E-01 -0.119E-06 0.500E-01 0.500E-01 0.500E-01 0.500E-01 0.500E-01 0.119E-06 0. 0.119E-06 0.119E-06 0.300E-01 -0.238E-06 0.119E-06 0.119E-06 0.119E-06 0.119E-06 0.119E-06 0.300E-01 -0.238E-06 0. 0.300E-01 -0.119E-06 0.119E-06 0.119E-06 0.500E-01 0.100 0.100 0.119E-06 0.119E-06 0.119E-06 0.500E-01 0.100 0.100 -0.358E-06 -0.119E-06 -0.358E-06 0.300E-01 0.300E-01 0. 0. 0.500E-01 0.500E-01 0.100 0.100
0.500E-01 -0.238E-06 0.477E-06 -0.238E-06 0.100 0.100 0.119E-06 -0.834E-06 0.119E-06 0.119E-06 0.500E-01 0.300E-01 0.300E-01 0.238E-06 0.119E-06 0. 0.100 0.100 0.100 0.500E-01 0.500E-01 0.300E-01 0.300E-01 0.300E-01 0. 0.119E-06 0.300E-01 -0.119E-06 0. 0.300E-01 0.300E-01 0.119E-06 0.119E-06 0.119E-06 0.119E-06 0.119E-06 0.300E-01 0.119E-06 0.119E-06 0.119E-06 0.300E-01 0.300E-01 -0.119E-06 0.500E-01 0.100 0.100 0.119E-06 0.119E-06 0.119E-06 0.119E-06 0.500E-01 0.500E-01 0.119E-06 -0.119E-06 0.119E-06 0.300E-01 0.300E-01 0.119E-06 0. 0.119E-06 0.500E-01 0.100 0.100
0.500E-01 0.500E-01 0.500E-01 0.500E-01 0.100 0.100 0.100 0.300E-01 0.107E-05 0.119E-06 0.300E-01 0.300E-01 0.300E-01 0. 0.119E-06 0.500E-01 0.100 0.500E-01 0.119E-06 0.119E-06 0.119E-06 0.300E-01 0.300E-01 0.119E-06 0. 0.119E-06 0.119E-06 -0.238E-06 0. 0.300E-01 0.300E-01 0.300E-01 0.300E-01 0.300E-01 0.238E-06 -0.119E-06 0.300E-01 0.300E-01 0.300E-01 0.300E-01 0.119E-06 -0.119E-06 0.300E-01 0.119E-06 0.500E-01 0.100 0.119E-06 0.119E-06 -0.119E-06 -0.119E-06 0.500E-01 0.119E-06 -0.119E-06 -0.179E-05 0.300E-01 0.300E-01 0.300E-01 0.300E-01 0.300E-01 0.500E-01 0.100 0.500E-01 0.300E-01
0.119E-06 -0.596E-06 0.100 0.100 0.100 0.100 0.119E-06 0.500E-01 -0.834E-06 0.119E-06 0.300E-01 0.238E-06 0. 0.300E-01 0. 0.100 0.100 0.100 0.500E-01 0.500E-01 0.100 0.100 0.500E-01 0.238E-06 0.119E-06 0.300E-01 0. -0.119E-06 -0.238E-06 0.119E-06 -0.238E-06 0. 0.119E-06 0.500E-01 0.119E-06 0. 0.119E-06 0.300E-01 -0.238E-06 0.238E-06 0.238E-06 0. 0.119E-06 0.300E-01 -0.358E-06 0.100 0.500E-01 0.119E-06 -0.238E-06 0.500E-01 0.238E-06 -0.238E-06 -0.596E-06 -0.131E-05 0.500E-01 0.500E-01 0.100 0.100 0.100 0.100 0.100 0.100 0.100
0. 0.300E-01 0.119E-06 -0.238E-06 0.100 0.100 0.119E-06 0.500E-01 0.119E-06 0.300E-01 0. -0.238E-06 0.500E-01 0. 0.500E-01 0.100 0.100 0.100 0.100 0.100 0.100 0.238E-06 0.300E-01 0.119E-06 0.500E-01 0.119E-06 0.119E-06 0.119E-06 0.238E-06 0.500E-01 0.119E-06 0.300E-01 0.300E-01 0.500E-01 0.119E-06 0.500E-01 0.119E-06 0.300E-01 0. 0.300E-01 0.500E-01 0.500E-01 0.500E-01 0.119E-06 0.300E-01 0.500E-01 0.119E-06 0.119E-06 0.500E-01 0. -0.119E-06 0.238E-06 -0.358E-06 0.500E-01 0.100 0.100 0.100 0.100 0.100 0.100 0.100 0.100 0.100
0.119E-06 0. 0.107E-05 0. 0.119E-06 0.500E-01 0.500E-01 0.500E-01 0.500E-01 0.300E-01 -0.238E-06 0.500E-01 0.100 0.100 0.100 0.100 0.100 0.100 0.100 0.100 0.500E-01 0.119E-06 0. 0. 0.119E-06 0.119E-06 -0.238E-06 -0.119E-06 0.500E-01 0.500E-01 0.500E-01 0.300E-01 0.300E-01 0.500E-01 0.500E-01 0.500E-01 0.119E-06 0.119E-06 0.300E-01 0.300E-01 0.300E-01 0.500E-01 0.119E-06 0.300E-01 0.300E-01 0.300E-01 0.119E-06 0.500E-01 0.500E-01 0.119E-06 -0.954E-06 -0.226E-05 0.500E-01 0.500E-01 0.100 0.100 0.100 0.100 0.100 0.100 0.100 0.119E-06 0.
0. 0.119E-06 0.500E-01 0.500E-01 -0.939E-06 -0.939E-06 -0.477E-06 0.500E-01 0.119E-06 0.300E-01 -0.477E-06 0.500E-01 0.100 0.100 0.100 0.100 0.500E-01 0.100 0.100 0.100 0.100 0.500E-01 0.119E-06 0.119E-06 0.119E-06 -0.119E-06 0.119E-06 0.119E-06 0. 0.500E-01 0.100 0.300E-01 0.500E-01 0.500E-01 0.596E-06 0.119E-06 0.500E-01 -0.238E-06 0.300E-01 0.119E-06 0.119E-06 0.100 0.100 0.500E-01 0.300E-01 0.300E-01 0.119E-06 0.300E-01 0. -0.238E-06 -0.370E-05 0.500E-01 0.500E-01 0.100 0.100 0.100 0.100 0.100 0.100 0.100 0.100 0.119E-06 0.119E-06
0.134E-06 0.100 0.100 0.100 0.500E-01 -0.104E-06 -0.939E-06 0.500E-01 -0.939E-06 -0.238E-06 0.500E-01 0.100 0.100 0.500E-01 0. 0.500E-01 0.500E-01 0.500E-01 0.100 0.100 0.100 0.100 0.500E-01 0.119E-06 0.119E-06 0.300E-01 0.500E-01 0.500E-01 0.500E-01 0.500E-01 0.500E-01 0.300E-01 0.500E-01 0.500E-01 0.119E-06 0.500E-01 0.500E-01 0.300E-01 0.300E-01 0.119E-06 0.500E-01 0.100 0.100 0.500E-01 0.300E-01 0.300E-01 0.300E-01 0.119E-06 -0.834E-06 0.500E-01 0.300E-01 0.500E-01 0.100 0.100 0.100 0.100 0.100 0.100 0.100 0.100 0.100 0.119E-06 0.119E-06
0.358E-06 0.100 0.100 0.100 0.100 0.500E-01 0.149E-07 -0.285E-05 0.596E-06 0.358E-06 0.500E-01 0.100 0.100 0.500E-01 0.500E-01 0.500E-01 0.500E-01 0.500E-01 0.500E-01 0.500E-01 0.500E-01 0.500E-01 0.300E-01 0.500E-01 -0.119E-06 0.300E-01 0.119E-06 0.119E-06 0.119E-06 -0.119E-06 0.500E-01 -0.238E-06 0.596E-06 0.119E-06 -0.596E-06 0.500E-01 0.100 0.119E-06 -0.119E-06 -0.358E-06 0.100 0.100 0.100 0.100 0.300E-01 0.300E-01 0.300E-01 0.300E-01 0.300E-01 0.300E-01 0. -0.238E-06 0.119E-06 0.100 0.500E-01 0.100 0.100 0.100 0.100 0.100 0.100 0.500E-01 0.500E-01
0.119E-06 0.300E-01 0.500E-01 0.500E-01 0.500E-01 0.300E-01 -0.462E-06 0.300E-01 -0.238E-06 0.500E-01 0.100 0.100 0.100 0.100 0.100 0.100 0.100 0.119E-06 0.119E-06 0.119E-06 0.500E-01 0.500E-01 0.500E-01 0.119E-06 0.119E-06 0. -0.358E-06 0.119E-06 0.119E-06 -0.119E-06 0.119E-06 0.500E-01 0.119E-06 -0.596E-06 0.300E-01 0.500E-01 0.100 0.300E-01 0.119E-06 0.119E-06 0.500E-01 0.500E-01 0.500E-01 0.100 0.500E-01 -0.131E-05 0.300E-01 0.300E-01 0.300E-01 0. 0.500E-01 0. 0. 0.119E-06 0.119E-06 0.500E-01 0.500E-01 0.500E-01 0.100 0.100 0.100 0.100 0.100
0.500E-01 0.300E-01 0.300E-01 0.300E-01 0.300E-01 0.300E-01 0.300E-01 0.300E-01 0.500E-01 0.500E-01 0.100 0.100 0.100 0.100 0.100 0.100 0.100 0.500E-01 0.300E-01 0.500E-01 0.500E-01 0.500E-01 0.119E-06 0.119E-06 0.119E-06 -0.238E-06 0. -0.119E-06 0.300E-01 0.119E-06 0.119E-06 0.500E-01 0.119E-06 0. 0.300E-01 0.500E-01 0.500E-01 0.500E-01 0.500E-01 0.500E-01 0.800E-01 0.500E-01 -0.119E-06 0.119E-06 0.119E-06 0.596E-06 -0.119E-06 0.300E-01 0.500E-01 0.500E-01 0.119E-06 0.119E-06 0.500E-01 0. 0.500E-01 0.500E-01 0.500E-01 0.100 0.100 0.100 0.100 0.100 0.100
0.100 0.500E-01 0.500E-01 0.500E-01 0.119E-06 0.300E-01 0.300E-01 0.300E-01 0.358E-06 0. 0.119E-06 0.500E-01 0.500E-01 0.100 0.100 0.100 0.100 0.500E-01 0.500E-01 0.100 0.500E-01 0.119E-06 0.119E-06 -0.238E-06 0.119E-06 0.500E-01 0.500E-01 0.500E-01 0.500E-01 -0.119E-06 0.119E-06 0.300E-01 0.300E-01 0. 0.300E-01 0.300E-01 0.500E-01 0.500E-01 0.500E-01 0.119E-06 0.500E-01 0.500E-01 0.500E-01 0.119E-06 0. 0.119E-06 0.477E-06 0.500E-01 0.100 0.119E-06 0.119E-06 0.500E-01 0.100 0.500E-01 0.500E-01 0.100 0.100 0.100 0.100 0.100 0.100 0.100 0.100
0.100 0.100 0.100 0.500E-01 0.300E-01 0.300E-01 0.300E-01 0.500E-01 0.500E-01 0.500E-01 0.500E-01 0.500E-01 0.100 0.500E-01 0.500E-01 0.100 0.100 0.100 0.100 0.100 0.500E-01 0.119E-06 0.119E-06 0.500E-01 -0.119E-06 0.119E-06 0.119E-06 0.119E-06 0.119E-06 0.500E-01 0.119E-06 0.300E-01 0.300E-01 0.100 0.100 0.100 0.100 0.500E-01 0.500E-01 0.500E-01 0.300E-01 0.119E-06 0.119E-06 -0.358E-06 -0.358E-06 0.300E-01 0.300E-01 -0.238E-06 0.100 0.500E-01 0.500E-01 0.119E-06 0.119E-06 0.119E-06 0.100 0.500E-01 0.100 0.100 0.100 0.100 0.100 0.100 0.119E-06
0.100 0.119E-06 0.100 0.500E-01 0.149E-07 0.300E-01 0.300E-01 0.500E-01 0.100 0.100 0.100 0.100 0.500E-01 -0.238E-06 -0.238E-06 -0.238E-06 0.100 0.100 0.100 0.500E-01 0.119E-06 0.119E-06 0.119E-06 0.500E-01 0.596E-06 0.119E-06 -0.238E-06 0.119E-06 0.119E-06 0.100 0.300E-01 0.300E-01 0.300E-01 0.500E-01 0.100 0.100 0.100 0.500E-01 0.500E-01 0.500E-01 -0.238E-06 0.119E-06 0.238E-06 0.596E-06 -0.179E-05 -0.238E-06 0.300E-01 0.500E-01 0.500E-01 0.100 0.100 0.500E-01 0.119E-06 0.119E-06 -0.238E-06 0.119E-06 0. 0.100 0.100 0.100 0.100 0.100 0.100
0.100 0.300E-01 0.119E-06 -0.343E-06 -0.939E-06 0.300E-01 0.300E-01 0.500E-01 0.119E-06 0.100 0.100 0.500E-01 0.500E-01 0.119E-06 0.119E-06 -0.238E-06 0.500E-01 0.500E-01 0.100 0.500E-01 0.119E-06 0.119E-06 0.119E-06 0.500E-01 0.596E-06 -0.119E-06 0.300E-01 0.300E-01 0.500E-01 0.500E-01 0.300E-01 0.300E-01 0.300E-01 0.100 0.100 0.100 0.100 0.500E-01 -0.358E-06 -0.119E-06 -0.358E-06 0.238E-06 0.477E-06 0.119E-06 0.238E-06 0.300E-01 0.500E-01 0.100 0.100 0.500E-01 0. 0. 0.119E-06 0.119E-06 0.119E-06 0.119E-06 0. 0.100 0.100 0.100 0.100 0.500E-01 -0.238E-06
0.100 0.500E-01 0.300E-01 0.300E-01 0.300E-01 0.300E-01 0.300E-01 0.500E-01 0.100 0.100 0.100 0.500E-01 0.500E-01 0.500E-01 0.500E-01 0. 0.500E-01 0.119E-06 0.119E-06 0.500E-01 0.119E-06 0.119E-06 -0.119E-06 0.500E-01 0.119E-06 -0.119E-06 0.300E-01 0.300E-01 0.119E-06 0.500E-01 0.300E-01 0.300E-01 0.500E-01 0.100 0.100 0.100 0.500E-01 0.300E-01 -0.358E-06 0.300E-01 0.119E-06 0.300E-01 -0.238E-06 0.238E-06 0.500E-01 0.500E-01 0.100 0.100 0.100 0. 0.119E-06 0. 0. 0.119E-06 0.119E-06 0.238E-06 0.119E-06 0.100 0.100 0.100 0.100 0.119E-06 0.238E-06
0.100 0.500E-01 0.500E-01 0.492E-06 0.300E-01 0. 0.500E-01 0.100 0.100 0.500E-01 0.500E-01 0. 0.119E-06 0.119E-06 0.119E-06 0.119E-06 0.119E-06 0.119E-06 0.119E-06 0.119E-06 0.119E-06 0.119E-06 -0.119E-06 0.119E-06 0.596E-06 -0.119E-06 0.500E-01 0.119E-06 0.238E-06 0.300E-01 0.300E-01 0.300E-01 0.500E-01 0.100 0.100 0.100 0.500E-01 0.119E-06 0.238E-06 -0.119E-06 0.300E-01 0.238E-06 0.300E-01 0.500E-01 0.500E-01 0.500E-01 0.500E-01 0.500E-01 0.500E-01 0.119E-06 0.119E-06 0.119E-06 0.119E-06 0.119E-06 0.119E-06 0.119E-06 0.358E-06 0.119E-06 0.119E-06 0.119E-06 -0.238E-06 0.500E-01 0.
