share/VS_Project/swb/x64/Debug/MASS_BALANCE_06_29_1990.asc
NCOLS        340
NROWS        316
XLLCORNER     528502.530
YLLCORNER     274871.653
CELLSIZE        100.000
NODATA_VALUE    -9999.000
[rows 189 to 215 of 316, columns 248 to 309 of 340]
0.156E-06 0.156E-06 0.969E-07 0.127E-06 0.142E-06 0.300E-01 0.300E-01 0.300E-01 0.300E-01 0.969E-07 0.969E-07 -0.171E-06 0.156E-06 0.156E-06 0.969E-07 0.156E-06 0.224E-07 0.300E-01 0.300E-01 0.300E-01 0.300E-01 0.300E-01 0.300E-01 0.300E-01 0.300E-01 0.224E-07 -0.820E-07 -0.820E-07 0.300E-01 0.300E-01 0.300E-01 0.300E-01 0.224E-07 0.156E-06 0.156E-06 0.224E-07 0.156E-06 0.156E-06 0.969E-07 0.156E-06 0.156E-06 0.224E-07 0.224E-07 0.224E-07 -0.820E-07 0.224E-07 0.224E-07 0.224E-07 0.224E-07 0.194E-06 0.224E-07 0.300E-01 0.300E-01 0.300E-01 0.300E-01 0.300E-01 0.194E-06 -0.522E-07 0.969E-07 0.179E-06 -0.142E-06 0.373E-07
0.156E-06 0.156E-06 -0.671E-07 -0.156E-06 -0.142E-06 0.300E-01 0.300E-01 0.300E-01 0.300E-01 0.671E-07 0.156E-06 -0.112E-06 0.156E-06 -0.820E-07 -0.671E-07 0.156E-06 0.156E-06 0.300E-01 0.300E-01 0.300E-01 0.300E-01 0.300E-01 0.300E-01 0.300E-01 0.300E-01 -0.224E-07 0.300E-01 0.300E-01 0.300E-01 0.224E-07 0.224E-07 -0.171E-06 0.224E-07 0.224E-07 0.156E-06 0.156E-06 0.156E-06 0.156E-06 0.224E-07 0.224E-07 -0.820E-07 -0.820E-07 0.224E-07 0.300E-01 0.224E-07 0.224E-07 0.224E-07 0.224E-07 0.224E-07 0.194E-06 0.194E-06 0.224E-07 0.224E-07 0.224E-07 0.300E-01 0.300E-01 0.194E-06 0.216E-06 -0.522E-07 0.186E-06 0.171E-06 0.500E-01
0.969E-07 0.156E-06 0.156E-06 -0.112E-06 0.156E-06 0.300E-01 0.300E-01 -0.522E-07 0.224E-07 0.156E-06 0.171E-06 0.224E-07 0.969E-07 0.156E-06 0.156E-06 0.156E-06 0.156E-06 -0.112E-06 0.300E-01 0.300E-01 0.300E-01 0.300E-01 0.300E-01 0.300E-01 0.300E-01 0.300E-01 0.300E-01 0.300E-01 0.300E-01 0.300E-01 0.300E-01 0.300E-01 0.224E-07 0.300E-01 -0.112E-06 -0.112E-06 0.300E-01 0.224E-07 0.224E-07 0.300E-01 0.300E-01 0.224E-07 0.224E-07 -0.171E-06 0.224E-07 0.300E-01 0.224E-07 0.224E-07 0.224E-07 0.224E-07 0.156E-06 0.112E-06 -0.671E-07 0.194E-06 -0.201E-06 -0.820E-07 -0.149E-07 -0.745E-08 0.194E-06 -0.216E-06 0.231E-06 0.142E-06
0.224E-07 0.224E-07 0.224E-07 0.224E-07 0.224E-07 -0.112E-06 0.224E-07 0.224E-07 0.156E-06 0.224E-07 -0.231E-06 0.745E-08 -0.112E-06 0.224E-07 0.300E-01 0.224E-07 0.224E-07 0.373E-07 -0.186E-06 0.156E-06 -0.156E-06 0.300E-01 0.300E-01 0.300E-01 0.300E-01 0.224E-07 0.224E-07 0.500E-01 0.224E-07 -0.820E-07 0.201E-06 0.224E-07 0.224E-07 0.300E-01 0.156E-06 0.745E-08 0.300E-01 0.300E-01 0.300E-01 0.156E-06 0.300E-01 0.300E-01 0.300E-01 0.231E-06 0.300E-01 0.300E-01 -0.216E-06 0.224E-07 0.224E-07 0.224E-07 0.224E-07 0.224E-07 0.224E-07 0.194E-06 0.894E-07 0.194E-06 0.373E-07 0.194E-06 -0.216E-06 -0.969E-07 -0.969E-07 -0.522E-07
0.224E-07 0.300E-01 0.300E-01 -0.820E-07 0.112E-06 0.224E-07 0.224E-07 0.224E-07 0.156E-06 0.231E-06 0.224E-07 -0.156E-06 0.224E-07 0.224E-07 0.216E-06 0.224E-07 0.224E-07 0.156E-06 0.186E-06 0.156E-06 -0.969E-07 0.300E-01 0.300E-01 0.300E-01 0.300E-01 0.224E-07 0.224E-07 0.224E-07 0.224E-07 0.224E-07 0.224E-07 0.224E-07 0.224E-07 0.300E-01 0.186E-06 -0.745E-08 0.300E-01 0.300E-01 0.156E-06 0.500E-01 0.300E-01 0.300E-01 0.300E-01 0.300E-01 0.300E-01 0.300E-01 0.224E-07 0.224E-07 0.224E-07 0.224E-07 0.224E-07 0.224E-07 0.500E-01 0.194E-06 0.142E-06 -0.522E-07 0.194E-06 -0.969E-07 -0.969E-07 -0.522E-07 -0.522E-07 0.194E-06
0.224E-07 0.224E-07 -0.216E-06 -0.224E-07 0.224E-07 0.224E-07 0.224E-07 0.224E-07 0.224E-07 0.156E-06 0.969E-07 0.224E-07 0.224E-07 0.224E-07 0.300E-01 0.224E-07 0.224E-07 0.156E-06 -0.820E-07 -0.127E-06 -0.231E-06 0.300E-01 0.300E-01 0.300E-01 0.300E-01 0.300E-01 0.300E-01 0.224E-07 0.300E-01 0.300E-01 0.300E-01 0.300E-01 0.300E-01 0.300E-01 0.127E-06 -0.373E-07 0.300E-01 0.300E-01 0.224E-07 0.224E-07 0.300E-01 0.300E-01 0.300E-01 0.300E-01 0.500E-01 0.224E-07 0.224E-07 0.224E-07 0.224E-07 0.224E-07 0.224E-07 -0.820E-07 0.224E-07 0.194E-06 -0.522E-07 -0.216E-06 -0.156E-06 0.194E-06 -0.522E-07 -0.522E-07 0.194E-06 0.194E-06
0.224E-07 -0.179E-06 0.224E-07 0.224E-07 0.224E-07 0.224E-07 0.224E-07 0.224E-07 0.224E-07 0.224E-07 0.224E-07 0.224E-07 0.224E-07 0.224E-07 -0.820E-07 0.224E-07 0.224E-07 0.522E-07 -0.186E-06 0.969E-07 0.156E-06 0.300E-01 0.300E-01 0.300E-01 0.300E-01 0.300E-01 0.300E-01 0.300E-01 0.300E-01 0.300E-01 0.300E-01 0.300E-01 0.300E-01 0.224E-07 -0.820E-07 0.224E-07 0.300E-01 0.300E-01 0.300E-01 0.300E-01 0.300E-01 0.300E-01 0.300E-01 0.300E-01 0.300E-01 0.224E-07 0.224E-07 0.224E-07 0.224E-07 0.224E-07 0.300E-01 0.224E-07 0.224E-07 0.194E-06 0.224E-07 0.224E-07 0.300E-01 -0.522E-07 0.194E-06 0.194E-06 0.194E-06 0.194E-06
0. 0.745E-08 0.500E-01 0.224E-07 -0.186E-06 0.224E-07 0.224E-07 0.224E-07 0.156E-06 0.238E-06 -0.231E-06 0.224E-07 0.224E-07 0.224E-07 0.224E-07 0.224E-07 0.745E-08 -0.156E-06 0.231E-06 0.969E-07 0.156E-06 0.300E-01 0.500E-01 0.224E-07 0.300E-01 0.300E-01 0.300E-01 0.300E-01 0.300E-01 0.300E-01 0.300E-01 0.300E-01 0.300E-01 0.224E-07 0.224E-07 0.224E-07 -0.171E-06 0.300E-01 0.300E-01 0.300E-01 0.300E-01 0.300E-01 0.300E-01 0.300E-01 0.300E-01 -0.820E-07 0.224E-07 0.224E-07 0.224E-07 0.224E-07 0.300E-01 0.224E-07 0.224E-07 0.224E-07 0.224E-07 0.224E-07 0.224E-07 -0.820E-07 0.224E-07 -0.156E-06 0.194E-06 0.194E-06
0.224E-07 0.224E-07 0.156E-06 0.969E-07 0.500E-01 0.500E-01 0.224E-07 0.224E-07 0. -0.112E-06 0.224E-07 0.156E-06 -0.112E-06 0.224E-07 0.224E-07 0.224E-07 0.373E-07 0.156E-06 0.969E-07 -0.373E-07 -0.142E-06 0.300E-01 0.224E-07 0.224E-07 0.300E-01 0.300E-01 0.300E-01 0.300E-01 0.300E-01 0.300E-01 0.300E-01 0.300E-01 -0.820E-07 0.224E-07 0.224E-07 -0.224E-07 0.112E-06 0.300E-01 0.300E-01 0.300E-01 0.300E-01 0.300E-01 0.300E-01 0.300E-01 0.300E-01 -0.820E-07 0.224E-07 0.224E-07 0.224E-07 0.224E-07 0.300E-01 0.156E-06 0.224E-07 0.224E-07 0.224E-07 0.224E-07 -0.224E-07 0.300E-01 0.300E-01 0.224E-07 -0.447E-07 0.216E-06
0.500E-01 0.224E-07 0.224E-07 0.224E-07 0.224E-07 0.500E-01 0.500E-01 0.500E-01 0.224E-07 0.156E-06 0.156E-06 0.969E-07 0.522E-07 0.186E-06 0.224E-07 0.224E-07 0.156E-06 0.969E-07 0.156E-06 0.156E-06 0.156E-06 0.300E-01 0.224E-07 0.224E-07 0.300E-01 0.300E-01 0.300E-01 0.300E-01 0.300E-01 0.300E-01 0.224E-07 0.300E-01 0.300E-01 0.224E-07 0.224E-07 0.300E-01 -0.820E-07 0.300E-01 0.300E-01 0.300E-01 0.300E-01 0.300E-01 0.300E-01 0.300E-01 0.300E-01 -0.820E-07 0.224E-07 0.224E-07 0.224E-07 0.224E-07 0.156E-06 0.224E-07 0.224E-07 0.224E-07 0.224E-07 0.224E-07 0.224E-07 0.300E-01 0.300E-01 0.300E-01 0.224E-07 0.224E-07
0.224E-07 0.500E-01 0.224E-07 0.500E-01 0.224E-07 0.500E-01 0.500E-01 0.500E-01 0.224E-07 0.156E-06 0.969E-07 0.745E-08 -0.186E-06 0.156E-06 0.156E-06 -0.745E-08 0.224E-07 -0.186E-06 0.969E-07 0.156E-06 -0.231E-06 0.500E-01 0.300E-01 0.300E-01 0.300E-01 0.300E-01 0.300E-01 0.300E-01 0.300E-01 0.300E-01 0.300E-01 0.300E-01 0.300E-01 0.224E-07 0.224E-07 0.224E-07 0.300E-01 0.300E-01 0.300E-01 0.300E-01 0.300E-01 0.300E-01 0.300E-01 0.300E-01 0.224E-07 0.224E-07 0.500E-01 0.500E-01 0.224E-07 0.224E-07 0.300E-01 -0.186E-06 0.224E-07 -0.820E-07 0.224E-07 -0.820E-07 0.224E-07 0.300E-01 0.300E-01 0.300E-01 0.224E-07 0.194E-06
0.224E-07 0.224E-07 0.224E-07 0.224E-07 0.224E-07 0.224E-07 0.224E-07 0.500E-01 0.224E-07 -0.231E-06 0.300E-01 0.300E-01 0.300E-01 0.300E-01 0.224E-07 0.156E-06 0.224E-07 0.156E-06 0.224E-07 0.156E-06 -0.522E-07 0.300E-01 0.300E-01 0.300E-01 0.300E-01 0.300E-01 0.224E-07 0.300E-01 0.300E-01 0.300E-01 0.300E-01 0.300E-01 0.300E-01 0.224E-07 0.300E-01 0.224E-07 0.224E-07 0.224E-07 0.300E-01 0.224E-07 0.224E-07 0.300E-01 0.300E-01 0.300E-01 0.224E-07 0.224E-07 0.224E-07 0.224E-07 0.224E-07 0.156E-06 0.127E-06 0.156E-06 0.500E-01 0.300E-01 0.224E-07 0.224E-07 0.300E-01 0.300E-01 0.300E-01 0.300E-01 -0.127E-06 0.194E-06
0.500E-01 0.500E-01 0.224E-07 0.224E-07 0.224E-07 0.224E-07 0.224E-07 0.224E-07 0.300E-01 0.224E-07 0.224E-07 0.300E-01 0.300E-01 0.224E-07 0.224E-07 0.156E-06 -0.112E-06 0.373E-07 0.969E-07 0.156E-06 -0.186E-06 0.300E-01 0.224E-07 0.300E-01 0.300E-01 0.224E-07 0.820E-07 0.300E-01 0.300E-01 0.300E-01 0.300E-01 0.300E-01 0.300E-01 0.224E-07 0.300E-01 0.300E-01 0.300E-01 0.300E-01 0.300E-01 0.300E-01 0.224E-07 0.300E-01 0.156E-06 0.300E-01 0.224E-07 0.224E-07 0.224E-07 0.224E-07 0.224E-07 0.224E-07 0.969E-07 0.500E-01 0.500E-01 0.224E-07 0.224E-07 0.224E-07 0.224E-07 0.224E-07 0.224E-07 0.224E-07 0.224E-07 0.194E-06
0.500E-01 0.500E-01 0.500E-01 0.224E-07 0.500E-01 0.224E-07 0.224E-07 0.224E-07 0.224E-07 0.224E-07 0.224E-07 0.224E-07 0.300E-01 -0.820E-07 0.224E-07 0.224E-07 -0.224E-07 0.522E-07 -0.142E-06 -0.112E-06 -0.231E-06 0.300E-01 0.300E-01 0.300E-01 0.224E-07 -0.820E-07 0.300E-01 0.300E-01 0.300E-01 0.300E-01 0.300E-01 0.300E-01 0.224E-07 -0.671E-07 0.300E-01 0.224E-07 0.224E-07 0.300E-01 0.300E-01 0.224E-07 0.224E-07 0.300E-01 0.300E-01 0.300E-01 0.224E-07 0.224E-07 0.224E-07 0.224E-07 0.224E-07 0.224E-07 0.156E-06 0.500E-01 0.500E-01 0.112E-06 -0.671E-07 -0.156E-06 0.194E-06 0.194E-06 -0.156E-06 0.224E-07 0.224E-07 0.194E-06
0.100 0.500E-01 0.224E-07 0.500E-01 0.500E-01 0.224E-07 0.224E-07 0.224E-07 0.224E-07 0.500E-01 0.224E-07 0.500E-01 0.300E-01 0.300E-01 0.300E-01 0.300E-01 0.224E-07 0.300E-01 0.300E-01 0.300E-01 -0.820E-07 0.300E-01 0.224E-07 -0.127E-06 0.224E-07 -0.820E-07 0.500E-01 -0.224E-07 0.300E-01 0.300E-01 0.500E-01 -0.820E-07 0.224E-07 0.224E-07 0.224E-07 0.224E-07 0.224E-07 0.224E-07 -0.127E-06 0.300E-01 -0.112E-06 0.300E-01 0.300E-01 0.156E-06 0.500E-01 0.156E-06 0.224E-07 0.224E-07 0.224E-07 0.224E-07 0.500E-01 0.500E-01 0.500E-01 0.156E-06 0.112E-06 -0.671E-07 0.224E-07 0.224E-07 0.224E-07 0.224E-07 -0.201E-06 0.224E-07
0.100 0.100 0.500E-01 0.500E-01 0.224E-07 0.745E-08 0.373E-07 0.224E-07 0.224E-07 0.500E-01 0.224E-07 0.224E-07 0.224E-07 0.300E-01 0.224E-07 0.224E-07 0.224E-07 0.300E-01 -0.820E-07 0.112E-06 0.156E-06 0.224E-07 0.224E-07 0.224E-07 0.224E-07 0.224E-07 0.500E-01 0.500E-01 0.224E-07 0.500E-01 0.500E-01 0.300E-01 0.224E-07 0.224E-07 0.300E-01 0.300E-01 -0.224E-07 0.300E-01 0.300E-01 0.224E-07 0.224E-07 0.300E-01 0.300E-01 0.300E-01 -0.231E-06 -0.127E-06 0.300E-01 0.300E-01 0.300E-01 0.500E-01 0.500E-01 0.500E-01 0.216E-06 0.112E-06 0.112E-06 0.112E-06 0.224E-07 0.224E-07 0.156E-06 -0.127E-06 0.373E-07 0.745E-08
0.100 0.500E-01 0.500E-01 0.500E-01 0.224E-07 0.224E-07 0.224E-07 0.300E-01 0.224E-07 0.224E-07 0.224E-07 0.224E-07 0.224E-07 0.224E-07 0.224E-07 0.224E-07 0.224E-07 0.300E-01 0.300E-01 0.820E-07 0.224E-07 0.300E-01 0.300E-01 0.224E-07 0.224E-07 -0.820E-07 0.224E-07 0.500E-01 0.500E-01 0.500E-01 0.224E-07 0.224E-07 -0.820E-07 0.224E-07 0.224E-07 0.300E-01 -0.820E-07 0.300E-01 0.300E-01 0.224E-07 0.224E-07 0.500E-01 0.300E-01 0.300E-01 0.156E-06 0.100 0.300E-01 0.300E-01 0.500E-01 0.156E-06 0.300E-01 0.500E-01 0.500E-01 0.500E-01 0.500E-01 0.112E-06 0.112E-06 0.224E-07 0.156E-06 0.186E-06 0.156E-06 0.745E-08
0.500E-01 0.100 0.300E-01 0.224E-07 0.224E-07 0.224E-07 0.224E-07 0.224E-07 -0.820E-07 0.224E-07 0.224E-07 0.224E-07 0.224E-07 0.224E-07 0.300E-01 0.224E-07 0.224E-07 0.300E-01 0.300E-01 -0.231E-06 0.373E-07 0.300E-01 0.300E-01 0.745E-08 0.300E-01 0.300E-01 0.224E-07 0.224E-07 0.224E-07 0.224E-07 0.224E-07 0.224E-07 0.300E-01 0.224E-07 0.224E-07 0.224E-07 -0.820E-07 -0.820E-07 -0.171E-06 0.300E-01 0.224E-07 0.224E-07 0.500E-01 -0.820E-07 -0.820E-07 0.500E-01 0.500E-01 0.500E-01 0.500E-01 0.300E-01 0.500E-01 0.500E-01 0.500E-01 0.500E-01 0.500E-01 0.112E-06 -0.171E-06 0.224E-07 0.224E-07 0.969E-07 0.112E-06 0.194E-06
0.500E-01 0.100 0.500E-01 0.500E-01 0.500E-01 0.224E-07 0.224E-07 0.224E-07 0.224E-07 0.224E-07 0.300E-01 -0.820E-07 0.224E-07 0.300E-01 -0.820E-07 -0.820E-07 -0.820E-07 0.300E-01 0.300E-01 0.373E-07 -0.156E-06 0.300E-01 0.300E-01 -0.112E-06 0.156E-06 0.156E-06 0.224E-07 0.224E-07 0.224E-07 0.224E-07 0.224E-07 0.224E-07 0.224E-07 0.224E-07 0.224E-07 0.224E-07 0.224E-07 0.300E-01 0.300E-01 0.300E-01 0.500E-01 0.500E-01 0.224E-07 0.224E-07 0.224E-07 0.224E-07 0.156E-06 0.500E-01 0.224E-07 0.300E-01 0.500E-01 0.500E-01 0.500E-01 0.112E-06 0.112E-06 0.500E-01 -0.820E-07 -0.186E-06 0.969E-07 0.156E-06 0.156E-06 0.194E-06
0.100 0.500E-01 0.100 0.100 0.100 0.224E-07 0.224E-07 0.224E-07 0.224E-07 0.300E-01 0.300E-01 0.671E-07 0.224E-07 0.224E-07 0.224E-07 0.300E-01 0.300E-01 0.224E-07 0.224E-07 0.224E-07 -0.186E-06 -0.127E-06 0.224E-07 0.224E-07 0.224E-07 0.224E-07 0.224E-07 0.224E-07 0.224E-07 0.224E-07 0.224E-07 0.224E-07 0.224E-07 0.224E-07 0.224E-07 0.224E-07 0.224E-07 0.224E-07 0.224E-07 0.224E-07 0.224E-07 0.224E-07 -0.112E-06 0.224E-07 0.300E-01 0.300E-01 0.300E-01 0.300E-01 0.300E-01 0.224E-07 0.156E-06 0.156E-06 0.156E-06 0.500E-01 0.500E-01 0.100 0.224E-07 -0.112E-06 0.156E-06 0.224E-07 0.194E-06 -0.522E-07
0.500E-01 0.100 0.100 0.100 0.100 0.156E-06 0.969E-07 -0.186E-06 0.500E-01 0.300E-01 0.300E-01 -0.373E-07 0.224E-07 -0.224E-07 0.500E-01 0.500E-01 0.500E-01 0.224E-07 0.224E-07 0.224E-07 0.300E-01 0.224E-07 0.224E-07 0.224E-07 0.156E-06 0.300E-01 0.300E-01 0.300E-01 0.224E-07 0.224E-07 0.224E-07 0.224E-07 0.224E-07 0.224E-07 0.500E-01 0.224E-07 0.224E-07 0.224E-07 0.224E-07 0.224E-07 0.224E-07 0.156E-06 0.300E-01 0.300E-01 -0.224E-07 0.300E-01 0.300E-01 0.300E-01 0.300E-01 0.300E-01 0.224E-07 0.224E-07 0.224E-07 0.156E-06 0.224E-07 0.224E-07 -0.112E-06 0.156E-06 0.224E-07 0.224E-07 0.224E-07 0.194E-06
-0.224E-07 0.100 0.100 0.100 0.100 0.156E-06 0.969E-07 -0.186E-06 0.969E-07 0.300E-01 0.300E-01 -0.224E-07 0.300E-01 0.224E-07 0.500E-01 0.500E-01 0.500E-01 0.500E-01 0.500E-01 0.300E-01 -0.171E-06 0.224E-07 0.224E-07 0.156E-06 0.156E-06 0.300E-01 0.201E-06 0.224E-07 0.224E-07 0.224E-07 0.300E-01 0.300E-01 0.224E-07 0.224E-07 0.100 0.224E-07 0.224E-07 0.224E-07 0.224E-07 0.224E-07 0.300E-01 0.300E-01 0.300E-01 -0.820E-07 0.300E-01 0.300E-01 0.300E-01 0.300E-01 0.300E-01 0.300E-01 0.300E-01 0.300E-01 0.300E-01 0.300E-01 0.969E-07 0.224E-07 0.224E-07 0.224E-07 0.224E-07 0.224E-07 0.224E-07 0.224E-07
0.500E-01 0.500E-01 0.100 0.100 0.500E-01 0.224E-07 0.224E-07 0.156E-06 0.969E-07 0.300E-01 0.300E-01 0.300E-01 0.300E-01 -0.820E-07 0.500E-01 0.500E-01 0.500E-01 0.500E-01 0.300E-01 0.300E-01 -0.224E-07 0.224E-07 0.224E-07 0.156E-06 -0.671E-07 -0.171E-06 0.156E-06 -0.171E-06 -0.224E-07 0.300E-01 -0.171E-06 0.300E-01 0.224E-07 0.500E-01 0.500E-01 -0.112E-06 0.224E-07 0.224E-07 -0.112E-06 0.224E-07 0.300E-01 0.224E-07 0.224E-07 0.224E-07 0.300E-01 0.300E-01 0.300E-01 0.300E-01 0.300E-01 0.300E-01 0.300E-01 0.300E-01 0.224E-07 0.224E-07 -0.224E-07 -0.186E-06 0.224E-07 0.224E-07 0.224E-07 0.224E-07 0.224E-07 0.224E-07
0.500E-01 0.500E-01 0.500E-01 0.500E-01 0.500E-01 0.224E-07 0.224E-07 0.156E-06 0.500E-01 0.300E-01 0.300E-01 0.300E-01 0.300E-01 0.224E-07 0.224E-07 0.224E-07 0.224E-07 0.224E-07 0.156E-06 0.156E-06 -0.112E-06 0. 0.156E-06 0.969E-07 0.186E-06 0.156E-06 0.300E-01 0.300E-01 0.300E-01 0.224E-07 0.224E-07 0.224E-07 0.224E-07 0.224E-07 0.224E-07 0.156E-06 0.156E-06 0.156E-06 0.300E-01 0.156E-06 -0.231E-06 0.156E-06 0.156E-06 0.156E-06 0.300E-01 0.300E-01 0.300E-01 0.300E-01 0.300E-01 0.300E-01 0.224E-07 0.300E-01 0.300E-01 0.300E-01 0.224E-07 0.300E-01 0.224E-07 0.224E-07 0.224E-07 0.224E-07 0.224E-07 0.224E-07
0.100 0.500E-01 0.500E-01 0.112E-06 0.500E-01 0.224E-07 0.500E-01 0.500E-01 0.500E-01 0.500E-01 0.300E-01 0.300E-01 0.300E-01 -0.127E-06 0.224E-07 0.224E-07 0.224E-07 0.224E-07 0.156E-06 -0.671E-07 0.179E-06 0.373E-07 0.156E-06 -0.186E-06 -0.224E-07 0.300E-01 0.300E-01 0.300E-01 0.224E-07 0.224E-07 0.224E-07 0.224E-07 0.224E-07 0.224E-07 0.224E-07 0.156E-06 0.156E-06 0.156E-06 0.156E-06 0.156E-06 0.300E-01 0.224E-07 -0.112E-06 0.156E-06 0.300E-01 0.300E-01 0.300E-01 0.300E-01 0.300E-01 0.156E-06 0.224E-07 -0.820E-07 0.300E-01 0.300E-01 -0.820E-07 0.300E-01 0.224E-07 0.224E-07 0.224E-07 0.224E-07 0.224E-07 0.224E-07
0.100 0.500E-01 0.112E-06 -0.671E-07 0.500E-01 0.500E-01 0.224E-07 0.224E-07 0.224E-07 0.224E-07 0.224E-07 0.300E-01 0.500E-01 0.224E-07 0.224E-07 0.224E-07 0.224E-07 0.300E-01 -0.231E-06 -0.127E-06 -0.156E-06 -0.969E-07 0.156E-06 -0.820E-07 -0.112E-06 0.300E-01 0.500E-01 0.300E-01 0.300E-01 0.224E-07 0.224E-07 0.224E-07 0.300E-01 0.300E-01 0.224E-07 0.300E-01 0.300E-01 0.300E-01 0.300E-01 0.300E-01 -0.112E-06 -0.231E-06 0.969E-07 -0.969E-07 0.500E-01 0.300E-01 0.300E-01 0.300E-01 0.300E-01 0.300E-01 0.224E-07 0.300E-01 0.300E-01 0.300E-01 -0.224E-07 0.300E-01 0.224E-07 0.300E-01 0.224E-07 0.224E-07 0.224E-07 0.224E-07
0.100 0.500E-01 0.100 0.100 0.500E-01 0.500E-01 0.500E-01 0.224E-07 0.156E-06 -0.112E-06 0.224E-07 0.224E-07 0.500E-01 0.500E-01 0.224E-07 0.224E-07 0.224E-07 0.224E-07 0.224E-07 0.224E-07 0.224E-07 0.201E-06 0.745E-08 -0.231E-06 0.300E-01 0.300E-01 0.500E-01 0.224E-07 0.224E-07 -0.820E-07 0.224E-07 0.224E-07 -0.820E-07 -0.820E-07 0.224E-07 0.300E-01 0.300E-01 0.300E-01 0.300E-01 0.156E-06 0.300E-01 0.156E-06 -0.186E-06 0.500E-01 0.500E-01 0.300E-01 0.300E-01 0.300E-01 0.300E-01 0.300E-01 0.224E-07 0.300E-01 0.300E-01 0.300E-01 0.300E-01 0.300E-01 0.224E-07 -0.820E-07 0.300E-01 0.224E-07 0.300E-01 0.300E-01
