share/VS_Project/swb/x64/Debug/MASS_BALANCE_08_19_1989.asc
NCOLS        340
NROWS        316
XLLCORNER     528502.530
YLLCORNER     274871.653
CELLSIZE        100.000
NODATA_VALUE    -9999.000
[rows 140 to 167 of 316, columns 248 to 309 of 340]
0.100 0.100 0.100 0.500E-01 0.100 0.100 0.100 0.100 0.500E-01 0.500E-01 0.119E-06 0.119E-06 0.119E-06 0.119E-06 0.119E-06 0.119E-06 0.119E-06 0.119E-06 0.119E-06 0.119E-06 0.119E-06 0.119E-06 0.500E-01 0.119E-06 0.119E-06 0.119E-06 0.119E-06 0.119E-06 0.119E-06 0.119E-06 0.119E-06 0.300E-01 0.300E-01 0.119E-06 0.119E-06 0.300E-01 0.119E-06 0.300E-01 0.119E-06 0.100 0.800E-01 0.500E-01 0.119E-06 0.119E-06 0.119E-06 0.119E-06 0. 0.238E-06 0. 0.596E-07 -0.238E-06 0.119E-06 0.119E-06 0.596E-07 -0.179E-06 0.179E-06 0.119E-06 0.119E-06 -0.179E-06 -0.596E-07 -0.238E-06 0.
0.119E-06 0.500E-01 0.100 0.100 0.100 0.500E-01 0.100 0.500E-01 0.500E-01 0.500E-01 0.500E-01 0.119E-06 0.119E-06 0.119E-06 0.119E-06 0.119E-06 0.119E-06 0.119E-06 0.119E-06 0.119E-06 0.119E-06 0.300E-01 0.100 0.500E-01 0.119E-06 0.119E-06 0.119E-06 0.119E-06 0.119E-06 0.119E-06 0.119E-06 0.119E-06 0.300E-01 0.300E-01 0.300E-01 0.119E-06 -0.358E-06 0.500E-01 0.119E-06 0.100 0.100 0.500E-01 0.119E-06 0.300E-01 0.119E-06 0.119E-06 0. -0.596E-07 0.119E-06 -0.596E-07 0.179E-06 0.119E-06 0. 0. 0.119E-06 0. 0.596E-07 0.596E-07 -0.179E-06 -0.171E-06 -0.179E-06 0.596E-07
0.500E-01 0.100 0.100 0.100 0.500E-01 0.119E-06 0.500E-01 0.500E-01 0.500E-01 0.500E-01 0.119E-06 0.119E-06 0.119E-06 0.119E-06 0.119E-06 0.119E-06 0.500E-01 0.119E-06 0.119E-06 0.500E-01 0.500E-01 0.500E-01 0.500E-01 0.500E-01 0.119E-06 0.119E-06 0.119E-06 0.119E-06 0.119E-06 0.300E-01 0.119E-06 0.300E-01 0.500E-01 0.119E-06 0.119E-06 0.119E-06 0.300E-01 0.500E-01 0.119E-06 0.119E-06 0.119E-06 -0.238E-06 0.238E-06 0.119E-06 0.119E-06 0.119E-06 -0.238E-06 0. 0.246E-06 0.179E-06 0.179E-06 0.238E-06 0.179E-06 0. 0.119E-06 0.596E-07 -0.596E-07 -0.238E-06 0.238E-06 0.186E-06 -0.179E-06 -0.179E-06
0.100 0.100 0.100 0.500E-01 0.119E-06 0.500E-01 0.119E-06 0.119E-06 0.119E-06 0.119E-06 0.119E-06 0.119E-06 0.500E-01 0.119E-06 0.119E-06 0.119E-06 0.119E-06 0.119E-06 0.500E-01 0.300E-01 0.300E-01 0.119E-06 0.119E-06 0.119E-06 0.119E-06 0.300E-01 0.300E-01 0.500E-01 0.300E-01 0.300E-01 0.119E-06 0.500E-01 0.119E-06 0.300E-01 0.119E-06 0.500E-01 0.119E-06 0.119E-06 0.500E-01 0.119E-06 0.238E-06 0.300E-01 0. -0.596E-07 -0.238E-06 0.596E-07 0.596E-07 -0.596E-07 0. -0.596E-07 0.500E-01 0.119E-06 0.119E-06 -0.596E-07 -0.596E-07 -0.119E-06 0.119E-06 0. 0.119E-06 0.596E-07 0.596E-07 0.596E-07
0.100 0.100 0.100 0.500E-01 0.119E-06 0.119E-06 0.119E-06 0.119E-06 0.500E-01 0.500E-01 0.500E-01 0.500E-01 0.119E-06 0.119E-06 0.119E-06 0.119E-06 0.119E-06 0.119E-06 0.119E-06 0.119E-06 0.119E-06 0.119E-06 0.119E-06 0.300E-01 0.119E-06 0. 0.300E-01 0.119E-06 0.300E-01 0.300E-01 0.119E-06 0.119E-06 0.119E-06 0.119E-06 0.119E-06 0.119E-06 0.119E-06 0.119E-06 0.119E-06 0.300E-01 -0.179E-06 0.300E-01 0.300E-01 0.179E-06 0.179E-06 0.596E-07 0.596E-07 0.596E-07 0.596E-07 -0.596E-07 0.596E-07 0.596E-07 0.671E-07 -0.179E-06 -0.238E-06 -0.112E-06 0.119E-06 0.119E-06 0.119E-06 -0.119E-06 -0.179E-06 -0.179E-06
0.100 0.500E-01 0.500E-01 0.500E-01 0.119E-06 0.119E-06 0.119E-06 0.119E-06 0.500E-01 0.500E-01 0.500E-01 0.500E-01 0.500E-01 0.500E-01 0.500E-01 0.119E-06 0.119E-06 0.119E-06 0.119E-06 0.119E-06 0.119E-06 0.119E-06 0.119E-06 0.300E-01 0.300E-01 0.100 0.300E-01 0.119E-06 0.100 0.300E-01 0.119E-06 0.119E-06 0.119E-06 0.119E-06 0.119E-06 0.119E-06 0.119E-06 0.119E-06 0. 0.186E-06 0.596E-07 0.300E-01 0.179E-06 0.179E-06 0.179E-06 -0.119E-06 0.179E-06 -0.119E-06 -0.596E-07 0. 0.596E-07 -0.596E-07 -0.238E-06 0.596E-07 0.596E-07 0.119E-06 0.119E-06 0.119E-06 0.119E-06 0.179E-06 -0.238E-06 -0.179E-06
0.119E-06 0.119E-06 0.119E-06 0.119E-06 0.119E-06 0.500E-01 0.500E-01 0.119E-06 0.119E-06 0.119E-06 0.119E-06 0.119E-06 0.119E-06 0.119E-06 0.119E-06 0.100 0.119E-06 0.119E-06 0.119E-06 0.119E-06 0.300E-01 0.119E-06 0.500E-01 0.500E-01 0.119E-06 0.300E-01 0.500E-01 0.300E-01 0. 0.300E-01 0.119E-06 0.119E-06 0.119E-06 0.119E-06 0.119E-06 0.300E-01 0.119E-06 0.500E-01 0.300E-01 0.300E-01 0.238E-06 0. -0.119E-06 0.179E-06 0.596E-07 0.179E-06 0.179E-06 0.179E-06 0.596E-07 0.596E-07 0.596E-07 0.596E-07 0.596E-07 0. 0. -0.119E-06 0.373E-07 0.238E-06 0.119E-06 -0.238E-06 -0.238E-06 -0.179E-06
0.100 0.500E-01 0.500E-01 0.119E-06 0.500E-01 0.500E-01 0.500E-01 0.119E-06 0.500E-01 0.500E-01 0.500E-01 0.500E-01 0.119E-06 0.119E-06 0.500E-01 0.100 0.100 0.100 0.119E-06 0.119E-06 0.119E-06 0.119E-06 0.300E-01 0.119E-06 0.119E-06 0.119E-06 0.119E-06 0.179E-06 0.238E-06 0.119E-06 0.119E-06 0.119E-06 0.119E-06 0.119E-06 0.500E-01 0.300E-01 0.300E-01 0.300E-01 0.119E-06 0.119E-06 -0.179E-06 -0.119E-06 -0.119E-06 0.179E-06 0.119E-06 0.179E-06 0.119E-06 -0.119E-06 0.596E-07 0.179E-06 0.500E-01 0.119E-06 0.596E-07 -0.179E-06 -0.119E-06 -0.238E-06 0. 0.119E-06 0.119E-06 -0.179E-06 -0.238E-06 0.
0.119E-06 0.500E-01 0.500E-01 0.500E-01 0.100 0.100 0.500E-01 0.119E-06 0.500E-01 0.500E-01 0.119E-06 0.596E-07 0.596E-07 0.596E-07 0.100 0.100 0.100 0.119E-06 0.119E-06 0.119E-06 0.119E-06 0.119E-06 0.179E-06 0.300E-01 0.119E-06 0.119E-06 0.300E-01 0.119E-06 0.119E-06 0.300E-01 0.119E-06 0.119E-06 0.119E-06 0.300E-01 0.119E-06 0.300E-01 0.300E-01 0.156E-06 0.119E-06 0.119E-06 0. -0.119E-06 0.179E-06 0.179E-06 0.119E-06 -0.179E-06 0.179E-06 0. -0.596E-07 0.179E-06 0. -0.119E-06 0.119E-06 0. 0.246E-06 -0.238E-06 0.119E-06 -0.179E-06 -0.179E-06 -0.238E-06 0.119E-06 0.119E-06
0.500E-01 0.500E-01 0.500E-01 0.100 0.100 0.100 0.100 0.500E-01 0.119E-06 0.500E-01 0.119E-06 -0.596E-07 -0.596E-07 0.596E-07 0.119E-06 0.119E-06 0.119E-06 0.119E-06 0.300E-01 0.300E-01 0.119E-06 0.119E-06 0.119E-06 0.300E-01 0.300E-01 0.119E-06 0.300E-01 0.300E-01 0.300E-01 0.119E-06 0.119E-06 0.119E-06 0.119E-06 0.300E-01 0.596E-07 -0.179E-06 0.300E-01 0.276E-06 0.179E-06 -0.179E-06 -0.119E-06 -0.119E-06 0.179E-06 -0.596E-07 0.179E-06 -0.119E-06 -0.119E-06 0.179E-06 0.119E-06 -0.119E-06 0.179E-06 0.596E-07 0.596E-07 0.238E-06 -0.238E-06 -0.179E-06 0.119E-06 0.119E-06 0.179E-06 -0.179E-06 -0.238E-06 0.119E-06
0.100 0.100 0.100 0.100 0.100 0.100 0.500E-01 0.119E-06 0.500E-01 0.119E-06 0.119E-06 0.119E-06 0.119E-06 0.238E-06 0.119E-06 0.119E-06 -0.358E-06 -0.358E-06 0.300E-01 0.300E-01 0.300E-01 0.119E-06 0.119E-06 0.119E-06 0.300E-01 0.119E-06 0.300E-01 0.300E-01 0.119E-06 0.119E-06 0.300E-01 0.300E-01 0.300E-01 0.179E-06 0.119E-06 -0.358E-06 -0.358E-06 -0.171E-06 -0.119E-06 0.596E-07 -0.119E-06 0.179E-06 0.179E-06 0.179E-06 0.179E-06 0.179E-06 0.179E-06 0.179E-06 0.179E-06 0.179E-06 0.179E-06 0.596E-07 0. -0.238E-06 -0.238E-06 -0.119E-06 0.186E-06 -0.179E-06 0.119E-06 -0.231E-06 0.671E-07 -0.596E-07
0.100 0.100 0.100 0.100 0.500E-01 -0.238E-06 0.500E-01 0.500E-01 0.100 0.100 0.300E-01 0.300E-01 0.300E-01 -0.238E-06 -0.358E-06 -0.358E-06 -0.358E-06 -0.358E-06 -0.298E-06 -0.298E-06 0.300E-01 0.119E-06 0.119E-06 0.119E-06 0.119E-06 0.119E-06 0.119E-06 0.300E-01 0.119E-06 0.119E-06 0.300E-01 0.300E-01 0.300E-01 0.119E-06 0.119E-06 0.119E-06 0.119E-06 0.119E-06 0.179E-06 0.179E-06 0. 0.179E-06 0.596E-07 0.119E-06 0.119E-06 0.179E-06 0.179E-06 0.179E-06 0.179E-06 0.179E-06 0.179E-06 0.596E-07 0.894E-07 -0.894E-07 0.596E-07 0.596E-07 0.596E-07 0.596E-07 -0.119E-06 0.596E-07 -0.596E-07 0.596E-07
0.100 0.100 0.100 0.119E-06 0.119E-06 0.119E-06 0.500E-01 0.100 0.500E-01 0.300E-01 0.300E-01 0.300E-01 0.300E-01 0.300E-01 0.500E-01 0.417E-06 -0.298E-06 -0.358E-06 -0.358E-06 -0.358E-06 -0.358E-06 0.238E-06 -0.179E-06 0.596E-07 0.596E-07 -0.179E-06 0.119E-06 0.119E-06 -0.179E-06 -0.179E-06 0.119E-06 0.238E-06 0.186E-06 0.300E-01 0.300E-01 0.300E-01 0.300E-01 0.119E-06 -0.596E-07 0.119E-06 0. 0.119E-06 0.179E-06 -0.179E-06 0.179E-06 -0.238E-06 -0.596E-07 0.119E-06 0.179E-06 -0.119E-06 0.596E-07 -0.596E-07 -0.238E-06 0.119E-06 0.179E-06 0.179E-06 0.179E-06 0.179E-06 0.179E-06 0.119E-06 0.119E-06 0.596E-07
0.100 0.100 0.500E-01 0.119E-06 0.119E-06 0.119E-06 0.100 0.500E-01 0.500E-01 0.300E-01 0.300E-01 0.300E-01 0.300E-01 0.300E-01 -0.358E-06 -0.179E-06 0.300E-01 0.300E-01 0.300E-01 -0.596E-07 -0.596E-07 0.119E-06 0.300E-01 0.238E-06 0.300E-01 0.119E-06 0.500E-01 0.119E-06 0.119E-06 0.745E-08 0.300E-01 0.300E-01 0.300E-01 0.300E-01 0.119E-06 0.119E-06 0.119E-06 0.119E-06 0.119E-06 0.179E-06 0.119E-06 0.179E-06 0.179E-06 -0.596E-07 -0.179E-06 0. 0.596E-07 -0.894E-07 -0.596E-07 -0.238E-06 0. 0.119E-06 0.119E-06 0.119E-06 0.179E-06 -0.238E-06 0. -0.596E-07 0.119E-06 -0.179E-06 0.596E-07 0.179E-06
0.100 0.100 0.119E-06 0.500E-01 0.500E-01 0.119E-06 0.500E-01 0.500E-01 0.500E-01 0.300E-01 0.300E-01 0.300E-01 0.300E-01 0.500E-01 0.119E-06 0.119E-06 0.300E-01 -0.238E-06 0.596E-07 -0.179E-06 0.119E-06 0.119E-06 0.300E-01 -0.477E-06 0.300E-01 0.119E-06 -0.358E-06 0.119E-06 0.300E-01 0.300E-01 0.179E-06 0.119E-06 0.300E-01 0.119E-06 0.119E-06 0.119E-06 0.500E-01 0.500E-01 0.179E-06 0.179E-06 0.179E-06 0.179E-06 0.119E-06 0.500E-01 -0.179E-06 -0.179E-06 0. 0.209E-06 0. -0.119E-06 0.119E-06 0.119E-06 0.119E-06 0.119E-06 0.596E-07 0.671E-07 -0.179E-06 0. -0.238E-06 0.596E-07 0.179E-06 -0.119E-06
0.100 0.500E-01 -0.238E-06 0.500E-01 0.500E-01 0.500E-01 0.500E-01 0.300E-01 0.300E-01 0.300E-01 0.119E-06 0.500E-01 0.500E-01 0.500E-01 0.500E-01 0.100 0.100 0.500E-01 0.500E-01 0.119E-06 0.119E-06 0.119E-06 0.119E-06 0.300E-01 0.119E-06 0.119E-06 -0.298E-06 0.300E-01 0.179E-06 0.179E-06 0.300E-01 0.300E-01 0.300E-01 0.300E-01 0.119E-06 0.300E-01 0.300E-01 0.500E-01 0.119E-06 0.119E-06 0.119E-06 0.119E-06 0.500E-01 0.596E-07 0.596E-07 0.596E-07 -0.596E-07 0.179E-06 0.179E-06 -0.596E-07 0.596E-07 0.119E-06 0.119E-06 0.119E-06 0.119E-06 0.119E-06 0.500E-01 0.500E-01 0.500E-01 0.179E-06 0.119E-06 0.119E-06
0.500E-01 0.500E-01 0.500E-01 0.500E-01 0.119E-06 0.300E-01 0.300E-01 0.300E-01 0.300E-01 0.300E-01 0.119E-06 0.500E-01 0.500E-01 0.500E-01 0.300E-01 0.500E-01 0.100 0.100 0.300E-01 0.119E-06 0.119E-06 0.119E-06 0.119E-06 0.119E-06 0.119E-06 0.238E-06 -0.358E-06 -0.358E-06 -0.358E-06 0.119E-06 0.119E-06 0.119E-06 0.500E-01 0.119E-06 0.119E-06 0.300E-01 0.119E-06 0.500E-01 0.119E-06 0.119E-06 0.119E-06 0.300E-01 0.596E-07 0.596E-07 0.596E-07 0.238E-06 0.179E-06 0.179E-06 -0.119E-06 0.179E-06 0.119E-06 0.119E-06 0.119E-06 0.119E-06 0.119E-06 -0.179E-06 0.500E-01 0.500E-01 -0.596E-07 -0.119E-06 0.179E-06 0.119E-06
0.179E-06 0.300E-01 0.300E-01 0.119E-06 0.119E-06 0.119E-06 0.300E-01 0.300E-01 0.119E-06 0.300E-01 0.300E-01 0.500E-01 0. 0.500E-01 0.119E-06 0.500E-01 0.100 0.100 0.100 0.500E-01 0.119E-06 0.119E-06 0.119E-06 0.119E-06 0.300E-01 0.300E-01 -0.358E-06 -0.358E-06 -0.358E-06 0.119E-06 0.300E-01 0.500E-01 0.119E-06 0.119E-06 0.119E-06 0.300E-01 0.119E-06 0.119E-06 0.119E-06 0.300E-01 0.300E-01 0.300E-01 0.119E-06 0.119E-06 -0.179E-06 0.300E-01 0.179E-06 0.179E-06 0.179E-06 0.119E-06 0. -0.596E-07 0.119E-06 0.119E-06 0.119E-06 -0.238E-06 0.238E-06 0.500E-01 0.596E-07 0.119E-06 0.179E-06 0.119E-06
0.500E-01 -0.596E-07 -0.179E-06 0.119E-06 -0.358E-06 0.119E-06 0.300E-01 0.300E-01 0.119E-06 0.119E-06 0.300E-01 0. 0.800E-01 0.500E-01 0.119E-06 0.500E-01 0.119E-06 0.100 0.500E-01 0.300E-01 0.119E-06 0.300E-01 0.238E-06 0.119E-06 0.300E-01 0.300E-01 0.500E-01 -0.358E-06 0.500E-01 0.100 0.500E-01 0.500E-01 0.119E-06 0.119E-06 0.119E-06 0.500E-01 0.119E-06 0.119E-06 0.500E-01 0.500E-01 0.300E-01 0.119E-06 0.119E-06 0.119E-06 0.119E-06 0.119E-06 0.119E-06 0.500E-01 0.500E-01 0.179E-06 0.179E-06 0.179E-06 -0.119E-06 0.179E-06 -0.119E-06 0. 0.179E-06 -0.522E-07 -0.119E-06 0.179E-06 0.179E-06 0.179E-06
0.500E-01 0.300E-01 -0.358E-06 -0.358E-06 -0.358E-06 -0.298E-06 0.300E-01 0.300E-01 0.300E-01 0.119E-06 0.119E-06 0.119E-06 0.500E-01 0.100 0.500E-01 -0.238E-06 0.119E-06 0.500E-01 0.500E-01 0.500E-01 0.500E-01 0.500E-01 0.300E-01 0. 0.500E-01 -0.358E-06 -0.358E-06 0.500E-01 0.100 0.100 0.119E-06 0.119E-06 0.119E-06 0.119E-06 0.119E-06 0.500E-01 0.500E-01 0.500E-01 0.500E-01 0.500E-01 0.500E-01 0.119E-06 0.119E-06 0.119E-06 0.119E-06 0.119E-06 0.119E-06 0.500E-01 0.119E-06 -0.119E-06 0.179E-06 0.179E-06 -0.119E-06 0.179E-06 -0.119E-06 -0.596E-07 0.216E-06 -0.119E-06 -0.119E-06 -0.119E-06 0.179E-06 0.119E-06
0.119E-06 0.300E-01 -0.358E-06 -0.358E-06 -0.358E-06 -0.358E-06 -0.358E-06 -0.298E-06 0.300E-01 0.300E-01 0.119E-06 0.119E-06 0.119E-06 0.119E-06 0. 0.500E-01 0.500E-01 -0.238E-06 0.100 0.100 0.800E-01 -0.358E-06 -0.298E-06 -0.358E-06 -0.358E-06 0.800E-01 0.500E-01 0.100 0.100 0.500E-01 0.119E-06 0.119E-06 0.119E-06 0.119E-06 0.119E-06 0.119E-06 0.119E-06 0.119E-06 0.119E-06 0.119E-06 0.500E-01 0.119E-06 0.119E-06 0.119E-06 0.119E-06 0.119E-06 0.119E-06 0.119E-06 0.119E-06 0.119E-06 0.119E-06 0.179E-06 0.179E-06 0.119E-06 0.179E-06 -0.179E-06 0. 0.119E-06 0.179E-06 0.500E-01 0.179E-06 -0.119E-06
-0.179E-06 -0.596E-07 0.300E-01 0.300E-01 0.300E-01 0.300E-01 0.119E-06 0.119E-06 0.500E-01 0.500E-01 0.500E-01 0.500E-01 0.119E-06 0.119E-06 0.119E-06 0.119E-06 0.119E-06 0.100 0.100 0.500E-01 -0.238E-06 0. 0.500E-01 0.500E-01 0.500E-01 0.119E-06 0.119E-06 0.500E-01 0.500E-01 0.119E-06 0.119E-06 0.119E-06 0.500E-01 0.119E-06 0.119E-06 0.119E-06 0.119E-06 0.119E-06 0.119E-06 0.119E-06 0.119E-06 0.119E-06 0.119E-06 0.119E-06 0.119E-06 0.119E-06 0.119E-06 0.119E-06 0.119E-06 0.119E-06 0.500E-01 0.119E-06 0.300E-01 0.119E-06 0.119E-06 0.596E-07 0.119E-06 -0.238E-06 0.179E-06 0.179E-06 -0.119E-06 0.
0.119E-06 0.119E-06 0.300E-01 0.300E-01 0.300E-01 0.300E-01 0.119E-06 0.119E-06 0.119E-06 0.100 0.100 0.500E-01 0.100 0.500E-01 0.500E-01 -0.238E-06 0.119E-06 0.100 0.500E-01 -0.358E-06 -0.358E-06 0.500E-01 0.800E-01 0.100 0.500E-01 -0.238E-06 0. 0.119E-06 0.119E-06 0.119E-06 0.119E-06 0.119E-06 0.119E-06 0.119E-06 0.119E-06 0.119E-06 0.119E-06 0.119E-06 0.119E-06 0.119E-06 0.119E-06 0.119E-06 0.119E-06 0.119E-06 0.119E-06 0.119E-06 0.500E-01 0.119E-06 0.119E-06 0.119E-06 0.500E-01 0.300E-01 0.119E-06 0.119E-06 0.119E-06 0.119E-06 0.596E-07 -0.238E-06 0.179E-06 0.119E-06 -0.119E-06 0.179E-06
0.119E-06 0.119E-06 0.300E-01 0.300E-01 0.119E-06 -0.238E-06 0. 0.119E-06 0.119E-06 0.100 0.100 0.100 0.100 0.100 0.500E-01 0.500E-01 0.500E-01 0.500E-01 0.119E-06 0.119E-06 0.500E-01 0.100 0.500E-01 0.100 0.119E-06 0.119E-06 0.119E-06 0.119E-06 0.119E-06 0.119E-06 0.119E-06 0.119E-06 0.119E-06 0.119E-06 0.119E-06 0.119E-06 0.119E-06 0.119E-06 0.119E-06 0.119E-06 0.119E-06 0.119E-06 0.119E-06 0.119E-06 0.119E-06 0.119E-06 0.119E-06 0.119E-06 0.119E-06 0.119E-06 0.500E-01 0.119E-06 0.119E-06 0.119E-06 0.119E-06 0.119E-06 0.119E-06 0.119E-06 0.179E-06 0.179E-06 0.119E-06 0.119E-06
0.119E-06 0.119E-06 0.119E-06 0.500E-01 0.119E-06 0.100 0.100 0.500E-01 0.100 0.100 0.100 0.100 0.500E-01 0.500E-01 0.119E-06 0.500E-01 0.119E-06 0.500E-01 0.119E-06 0.800E-01 0.500E-01 0.500E-01 0.500E-01 0.500E-01 0.800E-01 0.119E-06 0.119E-06 0.119E-06 0.500E-01 0.500E-01 0.500E-01 0.300E-01 0.119E-06 0.119E-06 0.119E-06 0.119E-06 0.119E-06 0.119E-06 0.119E-06 0.119E-06 0.119E-06 0.119E-06 0.119E-06 0.119E-06 0.119E-06 0.119E-06 0.119E-06 0.119E-06 0.119E-06 0.119E-06 0.119E-06 0.300E-01 0.119E-06 0.119E-06 0.119E-06 0.119E-06 0.119E-06 0.119E-06 0.179E-06 0.179E-06 0.179E-06 0.179E-06
0.119E-06 0.500E-01 0.100 0.100 0.100 0.100 0.100 0.100 0.100 0.100 0.500E-01 0.500E-01 0.100 0.500E-01 0.119E-06 0.500E-01 0.800E-01 0.500E-01 0.500E-01 0.500E-01 0.119E-06 0.500E-01 0.100 0.800E-01 0.100 0.119E-06 0.119E-06 0.119E-06 0.500E-01 0.119E-06 0.500E-01 0.500E-01 0.119E-06 0.119E-06 0.119E-06 0.119E-06 0.119E-06 0.119E-06 0.119E-06 0.119E-06 0.119E-06 0.119E-06 0.119E-06 0.119E-06 0.119E-06 0.119E-06 0.119E-06 0.119E-06 0.119E-06 0.119E-06 0.119E-06 0.119E-06 0.119E-06 0.119E-06 0.119E-06 0.119E-06 0.119E-06 0.119E-06 -0.119E-06 0. 0.179E-06 0.179E-06
0.119E-06 0.500E-01 0.100 0.100 0.100 0.100 0.100 0.100 0.100 0.100 0.500E-01 0.100 0.500E-01 0.500E-01 0.500E-01 0.100 0.100 0.500E-01 0.500E-01 0.500E-01 0.800E-01 0.500E-01 0.500E-01 0.500E-01 0.119E-06 0.119E-06 0.119E-06 0.500E-01 0.119E-06 0.119E-06 0.500E-01 0.500E-01 0.119E-06 0.119E-06 0.119E-06 0.119E-06 0.119E-06 0.119E-06 0.119E-06 0.119E-06 0.119E-06 0.119E-06 0.119E-06 0.119E-06 0.119E-06 0.119E-06 0.119E-06 0.119E-06 0.119E-06 0.119E-06 0.119E-06 0.119E-06 -0.596E-07 0.119E-06 0.119E-06 0.119E-06 0.119E-06 0.119E-06 0. -0.119E-06 0.179E-06 0.119E-06
0.100 0.100 0.100 0.100 0.100 0.100 0.100 0.100 0.100 0.100 0.100 0.100 0.100 0.500E-01 0.500E-01 0.100 0.100 0.500E-01 0.500E-01 0.100 0.500E-01 0.119E-06 0.500E-01 0.500E-01 0.119E-06 0.119E-06 0.119E-06 0.300E-01 0.300E-01 0.300E-01 0.300E-01 0.300E-01 0.119E-06 0.119E-06 0.119E-06 0.300E-01 0.300E-01 0.300E-01 0.300E-01 0.500E-01 0.119E-06 0.300E-01 0.300E-01 0.500E-01 0.119E-06 0.119E-06 0.596E-07 0.596E-07 0.238E-06 0.119E-06 0.119E-06 0.179E-06 0.238E-06 0.500E-01 0.119E-06 0.596E-07 0.179E-06 0.119E-06 -0.179E-06 -0.179E-06 0. -0.119E-06
