share/VS_Project/swb/x64/Debug/MASS_BALANCE_07_21_1989.asc
NCOLS        340
NROWS        316
XLLCORNER     528502.530
YLLCORNER     274871.653
CELLSIZE        100.000
NODATA_VALUE    -9999.000
[rows 216 to 242 of 316, columns 122 to 182 of 340]
-0.104E-06 0.300E-01 -0.104E-06 -0.104E-06 0.500E-01 0.500E-01 -0.104E-06 -0.104E-06 0.500E-01 -0.104E-06 -0.104E-06 -0.104E-06 -0.104E-06 -0.104E-06 -0.104E-06 -0.104E-06 0.300E-01 -0.104E-06 -0.104E-06 -0.104E-06 -0.104E-06 -0.104E-06 0.300E-01 -0.104E-06 -0.104E-06 -0.104E-06 -0.104E-06 -0.104E-06 -0.104E-06 -0.104E-06 -0.104E-06 0.500E-01 0.300E-01 -0.104E-06 0.300E-01 0.300E-01 0.300E-01 0.300E-01 0.300E-01 0.300E-01 -0.104E-06 -0.104E-06 -0.104E-06 -0.104E-06 -0.104E-06 -0.104E-06 0.500E-01 0.500E-01 -0.104E-06 -0.104E-06 0.300E-01 0.300E-01 0.300E-01 0.300E-01 -0.104E-06 -0.104E-06 0.300E-01 0.300E-01 -0.104E-06 -0.104E-06 -0.112E-06
0.500E-01 0.500E-01 -0.104E-06 -0.104E-06 -0.104E-06 0.100 -0.104E-06 -0.104E-06 0.500E-01 -0.104E-06 0.500E-01 -0.104E-06 0.300E-01 -0.104E-06 0.300E-01 0.300E-01 -0.104E-06 -0.104E-06 -0.104E-06 0.500E-01 0.300E-01 0.300E-01 0.300E-01 -0.104E-06 -0.104E-06 -0.104E-06 0.500E-01 -0.104E-06 -0.104E-06 -0.104E-06 -0.104E-06 0.500E-01 0.300E-01 -0.104E-06 0.300E-01 0.500E-01 0.500E-01 -0.104E-06 -0.104E-06 -0.104E-06 -0.104E-06 0.300E-01 -0.104E-06 -0.104E-06 -0.104E-06 -0.104E-06 0.500E-01 0.500E-01 -0.104E-06 0.500E-01 0.300E-01 -0.104E-06 -0.104E-06 0.500E-01 0.500E-01 -0.104E-06 -0.104E-06 -0.104E-06 -0.104E-06 -0.209E-06 -0.104E-06
0.100 0.500E-01 -0.104E-06 -0.104E-06 -0.104E-06 0.100 -0.104E-06 -0.104E-06 0.500E-01 -0.104E-06 -0.104E-06 0.300E-01 0.300E-01 -0.104E-06 0.300E-01 0.300E-01 0.300E-01 0.300E-01 0.300E-01 0.300E-01 0.300E-01 0.300E-01 -0.104E-06 -0.104E-06 -0.104E-06 -0.104E-06 -0.104E-06 -0.104E-06 0.500E-01 -0.104E-06 -0.104E-06 0.500E-01 0.500E-01 -0.104E-06 0.300E-01 0.300E-01 0.500E-01 0.500E-01 0.300E-01 0.300E-01 -0.104E-06 0.500E-01 -0.104E-06 -0.104E-06 -0.104E-06 -0.104E-06 0.500E-01 -0.104E-06 0.500E-01 0.500E-01 -0.104E-06 -0.104E-06 -0.104E-06 0.500E-01 0.500E-01 0.500E-01 -0.104E-06 -0.104E-06 -0.104E-06 -0.104E-06 0.300E-01
-0.104E-06 0.100 0.500E-01 -0.104E-06 0.500E-01 0.100 -0.104E-06 0.100 0.500E-01 -0.104E-06 0.300E-01 -0.104E-06 -0.104E-06 -0.104E-06 -0.104E-06 -0.104E-06 -0.104E-06 -0.104E-06 -0.104E-06 -0.104E-06 -0.104E-06 0.500E-01 -0.104E-06 -0.104E-06 -0.104E-06 -0.104E-06 -0.104E-06 -0.104E-06 0.500E-01 -0.104E-06 -0.104E-06 0.500E-01 0.500E-01 -0.104E-06 -0.104E-06 -0.104E-06 0.300E-01 0.500E-01 0.500E-01 -0.104E-06 -0.104E-06 0.500E-01 0.500E-01 0.300E-01 -0.104E-06 -0.104E-06 0.500E-01 -0.104E-06 -0.104E-06 -0.104E-06 -0.104E-06 -0.104E-06 -0.104E-06 -0.104E-06 -0.104E-06 0.500E-01 0.500E-01 0.500E-01 -0.104E-06 -0.104E-06 -0.104E-06
-0.104E-06 0.500E-01 0.100 -0.104E-06 0.100 0.100 -0.104E-06 0.500E-01 -0.104E-06 0.500E-01 0.300E-01 -0.104E-06 0.300E-01 -0.104E-06 -0.104E-06 -0.104E-06 -0.104E-06 -0.104E-06 -0.104E-06 -0.104E-06 -0.104E-06 -0.104E-06 -0.104E-06 -0.104E-06 -0.104E-06 -0.104E-06 0.500E-01 0.500E-01 0.300E-01 0.300E-01 -0.104E-06 -0.104E-06 0.300E-01 -0.104E-06 0.500E-01 0.500E-01 0.500E-01 0.500E-01 0.500E-01 -0.104E-06 0.100 0.500E-01 0.300E-01 0.300E-01 -0.104E-06 -0.104E-06 0.100 -0.104E-06 0.500E-01 -0.104E-06 -0.104E-06 -0.104E-06 0.300E-01 0.500E-01 -0.104E-06 -0.104E-06 -0.104E-06 -0.894E-07 0.119E-06 0.300E-01 0.500E-01
-0.104E-06 0.500E-01 0.100 -0.104E-06 0.500E-01 0.500E-01 -0.104E-06 0.500E-01 0.500E-01 0.100 0.500E-01 0.300E-01 0.300E-01 -0.104E-06 -0.104E-06 -0.104E-06 -0.104E-06 0.300E-01 0.300E-01 0.300E-01 0.300E-01 0.300E-01 0.500E-01 0.300E-01 0.300E-01 0.300E-01 0.300E-01 0.300E-01 0.300E-01 -0.104E-06 0.500E-01 0.300E-01 -0.104E-06 0.500E-01 0.100 0.500E-01 0.500E-01 0.100 0.500E-01 0.500E-01 0.100 0.500E-01 0.300E-01 0.300E-01 0.500E-01 -0.104E-06 0.500E-01 -0.104E-06 0.500E-01 0.300E-01 0.300E-01 0.500E-01 0.500E-01 -0.104E-06 -0.104E-06 -0.104E-06 0.300E-01 -0.104E-06 0.500E-01 0.500E-01 0.500E-01
0.373E-06 -0.104E-06 0.500E-01 0.500E-01 0.500E-01 0.500E-01 0.500E-01 0.500E-01 0.500E-01 0.100 -0.104E-06 0.300E-01 0.300E-01 0.300E-01 -0.104E-06 -0.104E-06 -0.104E-06 -0.104E-06 -0.104E-06 -0.104E-06 0.300E-01 0.300E-01 0.500E-01 0.300E-01 0.300E-01 0.500E-01 0.500E-01 0.300E-01 0.500E-01 -0.104E-06 0.300E-01 -0.104E-06 0.500E-01 0.500E-01 0.500E-01 -0.104E-06 0.500E-01 0.500E-01 0.100 0.500E-01 0.500E-01 0.500E-01 0.300E-01 0.300E-01 0.500E-01 -0.112E-06 0.500E-01 -0.104E-06 0.300E-01 0.300E-01 0.500E-01 0.500E-01 0.500E-01 0.500E-01 0.300E-01 0.500E-01 -0.104E-06 -0.104E-06 0.500E-01 0.100 0.100
-0.104E-06 0.373E-06 0.373E-06 0.500E-01 0.100 0.500E-01 -0.104E-06 -0.104E-06 -0.104E-06 0.500E-01 0.500E-01 0.500E-01 0.500E-01 -0.447E-07 0. -0.104E-06 -0.119E-06 -0.104E-06 -0.104E-06 -0.104E-06 -0.104E-06 -0.104E-06 -0.104E-06 0.500E-01 0.500E-01 0.100 0.500E-01 0.300E-01 0.300E-01 0.300E-01 0.500E-01 0.300E-01 0.500E-01 0.500E-01 0.300E-01 0.500E-01 0.500E-01 0.500E-01 0.500E-01 0.300E-01 0.300E-01 0.300E-01 0.300E-01 -0.104E-06 -0.104E-06 0.500E-01 0.500E-01 -0.104E-06 0.500E-01 0.500E-01 0.500E-01 0.500E-01 0.500E-01 -0.104E-06 -0.104E-06 0.500E-01 0.500E-01 0.500E-01 0.100 -0.104E-06 -0.104E-06
0.500E-01 0.100 -0.104E-06 -0.104E-06 0.500E-01 0.500E-01 -0.104E-06 -0.104E-06 0.300E-01 -0.104E-06 0.300E-01 0.500E-01 0.171E-06 -0.104E-06 -0.104E-06 -0.104E-06 -0.894E-07 -0.104E-06 0.500E-01 0.500E-01 -0.104E-06 -0.104E-06 -0.104E-06 0.500E-01 -0.104E-06 -0.104E-06 0.300E-01 0.300E-01 0.500E-01 0.300E-01 -0.104E-06 -0.104E-06 0.300E-01 0.300E-01 0.500E-01 0.300E-01 0.300E-01 0.500E-01 0.500E-01 0.300E-01 0.300E-01 0.500E-01 0.500E-01 -0.104E-06 -0.104E-06 -0.104E-06 0.300E-01 -0.104E-06 0.500E-01 0.500E-01 0.300E-01 -0.104E-06 -0.104E-06 0.500E-01 -0.104E-06 0.500E-01 -0.104E-06 -0.104E-06 0.500E-01 -0.104E-06 -0.104E-06
0.500E-01 0.100 0.373E-06 -0.104E-06 -0.104E-06 0.500E-01 0.500E-01 -0.104E-06 -0.104E-06 -0.104E-06 -0.104E-06 0.300E-01 0.300E-01 0.300E-01 -0.104E-06 -0.104E-06 -0.894E-07 -0.104E-06 -0.104E-06 -0.104E-06 -0.104E-06 0.300E-01 0.500E-01 -0.104E-06 0.500E-01 0.500E-01 0.300E-01 0.300E-01 0.300E-01 0.300E-01 -0.104E-06 0.300E-01 0.300E-01 0.500E-01 -0.104E-06 0.300E-01 0.100 0.100 -0.104E-06 -0.104E-06 0.300E-01 0.300E-01 0.300E-01 -0.104E-06 -0.104E-06 0.300E-01 0.300E-01 -0.104E-06 0.500E-01 -0.104E-06 0.300E-01 -0.104E-06 0.500E-01 0.500E-01 0.500E-01 -0.104E-06 -0.104E-06 -0.104E-06 -0.104E-06 -0.104E-06 -0.104E-06
0.500E-01 0.500E-01 0.100 0.100 0.500E-01 0.100 0.500E-01 -0.104E-06 0.300E-01 0.500E-01 0.500E-01 0.300E-01 -0.104E-06 -0.104E-06 0.500E-01 -0.104E-06 -0.104E-06 -0.119E-06 -0.104E-06 -0.104E-06 -0.104E-06 0.500E-01 0.500E-01 0.500E-01 -0.104E-06 -0.104E-06 0.300E-01 0.300E-01 0.300E-01 0.300E-01 0.500E-01 0.300E-01 0.500E-01 0.500E-01 -0.104E-06 0.500E-01 0.100 0.500E-01 -0.104E-06 -0.104E-06 0.300E-01 0.300E-01 -0.104E-06 -0.104E-06 -0.104E-06 0.300E-01 0.300E-01 0.500E-01 0.500E-01 -0.104E-06 0.500E-01 0.500E-01 0.300E-01 0.300E-01 -0.104E-06 -0.104E-06 -0.104E-06 -0.104E-06 -0.104E-06 -0.104E-06 -0.104E-06
-0.104E-06 0.500E-01 0.100 0.100 0.500E-01 0.500E-01 -0.104E-06 -0.104E-06 0.500E-01 0.100 -0.104E-06 -0.104E-06 -0.104E-06 0.300E-01 -0.104E-06 -0.104E-06 -0.104E-06 -0.104E-06 -0.104E-06 -0.104E-06 0.300E-01 0.300E-01 0.500E-01 -0.104E-06 -0.104E-06 -0.104E-06 0.300E-01 0.300E-01 0.500E-01 0.300E-01 -0.104E-06 0.300E-01 0.500E-01 -0.104E-06 0.500E-01 0.100 0.500E-01 -0.104E-06 0.500E-01 -0.112E-06 -0.894E-07 -0.104E-06 -0.104E-06 -0.104E-06 -0.104E-06 0.300E-01 0.300E-01 0.500E-01 0.500E-01 -0.104E-06 -0.104E-06 -0.104E-06 -0.104E-06 -0.104E-06 0.300E-01 0.300E-01 0.500E-01 0.500E-01 0.300E-01 0.500E-01 0.300E-01
0.500E-01 0.100 0.100 0.100 0.500E-01 0.500E-01 -0.104E-06 0.500E-01 0.100 0.100 -0.104E-06 -0.104E-06 0.500E-01 0.300E-01 -0.104E-06 -0.894E-07 -0.104E-06 -0.104E-06 -0.104E-06 -0.104E-06 0.300E-01 0.300E-01 -0.104E-06 0.300E-01 0.300E-01 -0.104E-06 0.300E-01 0.500E-01 0.300E-01 0.300E-01 0.500E-01 0.500E-01 -0.104E-06 -0.104E-06 0.500E-01 0.100 0.300E-01 -0.104E-06 0.300E-01 -0.104E-06 0.300E-01 -0.104E-06 -0.104E-06 -0.104E-06 -0.104E-06 0.300E-01 0.300E-01 0.300E-01 -0.104E-06 -0.104E-06 -0.104E-06 -0.104E-06 -0.104E-06 0.500E-01 0.300E-01 0.300E-01 0.500E-01 0.300E-01 0.300E-01 0.500E-01 0.500E-01
0.500E-01 -0.104E-06 0.500E-01 0.100 0.373E-06 0.500E-01 -0.104E-06 0.100 0.100 0.100 0.500E-01 -0.104E-06 -0.104E-06 -0.104E-06 0.300E-01 0.300E-01 -0.104E-06 -0.104E-06 0.300E-01 0.224E-07 0.300E-01 0.300E-01 -0.104E-06 -0.104E-06 -0.104E-06 -0.104E-06 0.300E-01 0.500E-01 0.300E-01 0.300E-01 0.300E-01 0.300E-01 -0.104E-06 -0.104E-06 0.500E-01 0.300E-01 -0.104E-06 -0.104E-06 0.500E-01 0.300E-01 0.300E-01 -0.104E-06 -0.104E-06 -0.104E-06 -0.104E-06 -0.104E-06 0.300E-01 -0.104E-06 -0.104E-06 -0.104E-06 0.500E-01 0.500E-01 0.500E-01 0.500E-01 0.100 0.500E-01 0.300E-01 0.300E-01 0.300E-01 0.300E-01 0.300E-01
-0.104E-06 -0.104E-06 -0.104E-06 0.500E-01 0.100 0.373E-06 0.100 0.100 0.100 0.100 0.100 0.100 0.100 0.500E-01 0.300E-01 -0.104E-06 -0.104E-06 -0.104E-06 -0.104E-06 -0.894E-07 -0.104E-06 0.300E-01 -0.104E-06 -0.104E-06 -0.104E-06 -0.104E-06 0.300E-01 0.300E-01 0.300E-01 -0.104E-06 0.300E-01 0.300E-01 -0.104E-06 -0.104E-06 0.300E-01 0.300E-01 -0.104E-06 -0.104E-06 -0.104E-06 -0.104E-06 -0.104E-06 -0.104E-06 -0.104E-06 -0.104E-06 -0.104E-06 -0.104E-06 -0.104E-06 0.300E-01 -0.104E-06 -0.104E-06 -0.104E-06 -0.104E-06 -0.104E-06 0.500E-01 0.300E-01 0.300E-01 0.500E-01 0.500E-01 0.300E-01 -0.112E-06 0.373E-06
0.500E-01 0.500E-01 0.500E-01 0.100 0.100 0.500E-01 0.100 0.100 0.100 0.100 0.100 0.100 0.100 0.100 0.300E-01 0.300E-01 -0.104E-06 -0.104E-06 -0.104E-06 0.300E-01 0.300E-01 -0.104E-06 0.500E-01 -0.104E-06 -0.104E-06 -0.104E-06 0.300E-01 0.300E-01 0.300E-01 -0.104E-06 -0.104E-06 -0.104E-06 0.300E-01 0.300E-01 0.500E-01 0.500E-01 0.500E-01 -0.104E-06 -0.104E-06 -0.104E-06 -0.104E-06 0.500E-01 -0.104E-06 -0.104E-06 -0.104E-06 -0.104E-06 -0.104E-06 -0.104E-06 -0.104E-06 -0.104E-06 -0.104E-06 -0.104E-06 -0.104E-06 -0.104E-06 0.373E-06 -0.104E-06 0.373E-06 0.373E-06 0.500E-01 0.300E-01 0.500E-01
0.300E-01 0.500E-01 0.500E-01 0.500E-01 0.100 0.373E-06 0.100 0.500E-01 0.300E-01 0.300E-01 0.500E-01 0.100 -0.104E-06 0.100 0.300E-01 0.300E-01 -0.104E-06 -0.104E-06 -0.104E-06 -0.104E-06 0.300E-01 0.300E-01 -0.104E-06 -0.104E-06 -0.104E-06 -0.104E-06 -0.104E-06 0.300E-01 0.300E-01 -0.104E-06 -0.104E-06 -0.104E-06 0.300E-01 0.300E-01 0.500E-01 0.300E-01 0.300E-01 0.300E-01 -0.104E-06 -0.104E-06 -0.104E-06 0.500E-01 -0.104E-06 -0.104E-06 -0.104E-06 0.500E-01 -0.104E-06 -0.104E-06 -0.104E-06 -0.104E-06 -0.104E-06 0.373E-06 -0.104E-06 -0.104E-06 0.500E-01 0.373E-06 -0.104E-06 -0.104E-06 0.500E-01 0.373E-06 0.373E-06
0.300E-01 0.300E-01 0.300E-01 0.300E-01 0.500E-01 0.500E-01 0.100 0.500E-01 0.500E-01 0.300E-01 -0.104E-06 -0.104E-06 -0.104E-06 0.500E-01 0.500E-01 0.300E-01 -0.104E-06 0.500E-01 0.500E-01 0.418E-01 0.300E-01 0.300E-01 -0.104E-06 -0.104E-06 -0.104E-06 -0.104E-06 0.300E-01 0.300E-01 0.300E-01 0.300E-01 -0.104E-06 -0.104E-06 -0.104E-06 -0.104E-06 0.300E-01 0.300E-01 -0.104E-06 -0.104E-06 0.500E-01 0.500E-01 0.300E-01 -0.104E-06 -0.104E-06 -0.104E-06 -0.104E-06 -0.104E-06 0.500E-01 -0.104E-06 0.500E-01 -0.104E-06 -0.104E-06 0.500E-01 0.500E-01 -0.104E-06 0.500E-01 0.500E-01 -0.104E-06 -0.104E-06 -0.104E-06 0.500E-01 0.500E-01
0.300E-01 0.300E-01 0.300E-01 0.500E-01 0.500E-01 0.500E-01 0.100 -0.104E-06 -0.104E-06 -0.104E-06 -0.104E-06 -0.104E-06 -0.104E-06 0.500E-01 0.500E-01 -0.104E-06 -0.104E-06 -0.104E-06 -0.104E-06 0.500E-01 -0.894E-07 -0.104E-06 -0.104E-06 -0.104E-06 -0.104E-06 -0.104E-06 -0.104E-06 0.300E-01 -0.104E-06 0.500E-01 0.500E-01 0.300E-01 0.300E-01 0.300E-01 -0.104E-06 -0.104E-06 -0.104E-06 0.300E-01 0.500E-01 0.500E-01 0.500E-01 -0.104E-06 -0.104E-06 -0.104E-06 -0.104E-06 -0.104E-06 -0.104E-06 0.500E-01 0.500E-01 0.100 0.500E-01 0.500E-01 0.500E-01 0.500E-01 -0.104E-06 -0.104E-06 -0.104E-06 0.300E-01 0.500E-01 0.500E-01 0.500E-01
0.300E-01 0.300E-01 0.300E-01 0.500E-01 0.500E-01 0.500E-01 0.500E-01 -0.104E-06 -0.104E-06 -0.104E-06 -0.104E-06 0.820E-07 -0.104E-06 0.300E-01 0.500E-01 0.500E-01 -0.104E-06 -0.104E-06 -0.104E-06 -0.104E-06 -0.104E-06 -0.104E-06 -0.104E-06 -0.104E-06 -0.104E-06 -0.104E-06 -0.104E-06 -0.104E-06 -0.104E-06 -0.104E-06 -0.104E-06 -0.104E-06 -0.104E-06 -0.104E-06 -0.104E-06 -0.104E-06 -0.104E-06 0.300E-01 0.300E-01 0.500E-01 0.500E-01 -0.104E-06 -0.104E-06 -0.104E-06 -0.104E-06 -0.104E-06 -0.104E-06 0.500E-01 0.500E-01 -0.104E-06 -0.104E-06 0.500E-01 0.500E-01 -0.104E-06 0.373E-06 -0.104E-06 0.300E-01 0.500E-01 0.500E-01 0.500E-01 0.500E-01
0.500E-01 0.500E-01 -0.104E-06 0.500E-01 0. 0.100 0.500E-01 0.500E-01 -0.104E-06 0.194E-06 0.745E-07 -0.522E-07 -0.522E-07 0.500E-01 0.500E-01 -0.104E-06 -0.134E-06 -0.894E-07 -0.104E-06 -0.104E-06 -0.104E-06 -0.104E-06 -0.104E-06 -0.104E-06 -0.104E-06 -0.104E-06 0.300E-01 0.300E-01 0.300E-01 -0.104E-06 -0.104E-06 -0.104E-06 -0.104E-06 -0.104E-06 -0.104E-06 0.500E-01 0.500E-01 0.300E-01 0.300E-01 -0.112E-06 -0.104E-06 -0.104E-06 0.500E-01 -0.104E-06 -0.104E-06 -0.104E-06 -0.104E-06 0.500E-01 0.500E-01 0.500E-01 0.373E-06 0.500E-01 0.373E-06 0.373E-06 0.373E-06 -0.104E-06 0.300E-01 0.500E-01 0.500E-01 0.300E-01 -0.104E-06
0.500E-01 0.500E-01 0.100 0.100 0.100 0.100 0.100 0.100 -0.104E-06 0.745E-07 0.894E-07 -0.522E-07 -0.104E-06 0.300E-01 0.500E-01 0.500E-01 -0.104E-06 -0.894E-07 0. 0.373E-07 -0.224E-07 0.300E-01 -0.104E-06 0.300E-01 0.300E-01 -0.104E-06 -0.104E-06 -0.104E-06 0.300E-01 -0.104E-06 -0.104E-06 -0.104E-06 -0.104E-06 -0.104E-06 -0.104E-06 -0.104E-06 -0.104E-06 0.300E-01 0.300E-01 0.500E-01 0.500E-01 0.500E-01 0.500E-01 0.500E-01 -0.104E-06 -0.104E-06 -0.104E-06 0.500E-01 0.500E-01 0.500E-01 0.500E-01 0.373E-06 0.373E-06 0.373E-06 0.300E-01 -0.104E-06 0.500E-01 0.500E-01 0.500E-01 -0.104E-06 -0.104E-06
0.100 0.500E-01 0.745E-07 0.745E-07 0.500E-01 0.100 0.100 0.100 0.500E-01 0.500E-01 0.127E-06 0.745E-07 -0.104E-06 -0.104E-06 -0.104E-06 0.745E-07 0.745E-07 -0.522E-07 -0.104E-06 -0.104E-06 -0.104E-06 -0.104E-06 -0.298E-07 -0.104E-06 -0.104E-06 -0.104E-06 -0.104E-06 -0.104E-06 0.300E-01 0.300E-01 -0.104E-06 -0.104E-06 -0.104E-06 -0.104E-06 -0.104E-06 -0.104E-06 -0.104E-06 -0.104E-06 0.300E-01 0.300E-01 0.500E-01 0.500E-01 0.500E-01 0.500E-01 -0.104E-06 -0.104E-06 -0.104E-06 -0.104E-06 -0.104E-06 0.500E-01 -0.104E-06 0.500E-01 0.500E-01 0.500E-01 0.500E-01 0.500E-01 0.500E-01 0.500E-01 -0.104E-06 -0.104E-06 0.500E-01
0.100 0.500E-01 0.745E-07 0.745E-07 0.894E-07 0.100 0.100 0.100 0.100 0.100 -0.104E-06 0.500E-01 0.745E-07 0.745E-07 -0.522E-07 -0.522E-07 -0.522E-07 0.820E-07 -0.104E-06 -0.522E-07 -0.522E-07 -0.522E-07 0.500E-01 0.500E-01 -0.112E-06 -0.104E-06 -0.104E-06 -0.104E-06 -0.112E-06 0.300E-01 -0.894E-07 0.300E-01 -0.104E-06 0.300E-01 -0.104E-06 -0.104E-06 -0.104E-06 -0.104E-06 -0.104E-06 -0.104E-06 -0.104E-06 0.500E-01 0.500E-01 -0.104E-06 -0.104E-06 -0.104E-06 0.300E-01 -0.104E-06 0.500E-01 0.500E-01 -0.104E-06 -0.104E-06 -0.104E-06 -0.104E-06 0.500E-01 0.300E-01 0.300E-01 0.500E-01 -0.104E-06 -0.104E-06 -0.104E-06
0.500E-01 0.500E-01 -0.522E-07 -0.522E-07 -0.522E-07 0.100 0.100 0.100 0.100 0.100 0.100 0.100 0.100 0.100 0.745E-07 -0.447E-07 0.298E-07 0.298E-07 -0.104E-06 -0.104E-06 0.224E-06 -0.522E-07 -0.104E-06 -0.104E-06 -0.104E-06 -0.201E-06 -0.104E-06 -0.104E-06 -0.104E-06 -0.201E-06 -0.119E-06 -0.104E-06 0.500E-01 0.500E-01 0.300E-01 0.300E-01 -0.104E-06 -0.104E-06 0.500E-01 -0.104E-06 -0.104E-06 0.500E-01 -0.104E-06 0.500E-01 0.500E-01 -0.104E-06 -0.104E-06 -0.104E-06 -0.104E-06 -0.104E-06 0.500E-01 0.300E-01 0.500E-01 -0.104E-06 0.500E-01 0.300E-01 0.300E-01 0.500E-01 -0.104E-06 -0.104E-06 0.500E-01
0.300E-01 0.300E-01 0.745E-07 -0.104E-06 -0.104E-06 0.100 0.100 0.100 0.100 0.100 0.100 0.100 0.500E-01 -0.104E-06 0.745E-07 0.745E-07 0.522E-07 -0.745E-07 0.298E-07 -0.522E-07 -0.522E-07 -0.119E-06 -0.522E-07 -0.522E-07 -0.522E-07 -0.104E-06 -0.209E-06 -0.104E-06 -0.104E-06 -0.209E-06 -0.104E-06 0.500E-01 -0.104E-06 0.500E-01 0.500E-01 0.500E-01 0.500E-01 0.500E-01 0.500E-01 0.500E-01 0.500E-01 0.500E-01 -0.104E-06 -0.104E-06 0.300E-01 0.300E-01 0.500E-01 0.500E-01 0.500E-01 0.500E-01 0.500E-01 0.500E-01 0.500E-01 -0.104E-06 -0.104E-06 -0.104E-06 0.300E-01 -0.104E-06 -0.104E-06 0.500E-01 0.100
0.500E-01 0.500E-01 0.745E-07 0.745E-07 0.100 0.500E-01 0.500E-01 -0.104E-06 0.500E-01 0.745E-07 0.100 0.100 0.100 0.500E-01 -0.104E-06 -0.104E-06 -0.104E-06 -0.104E-06 0.149E-06 0.820E-07 -0.522E-07 0.447E-07 -0.104E-06 -0.149E-07 0.300E-01 0.820E-07 -0.201E-06 0.500E-01 0.500E-01 -0.104E-06 -0.104E-06 -0.104E-06 0.500E-01 0.500E-01 0.500E-01 0.300E-01 0.300E-01 0.300E-01 0.300E-01 0.300E-01 -0.104E-06 0.500E-01 0.500E-01 0.500E-01 0.500E-01 0.500E-01 0.500E-01 0.100 0.500E-01 0.500E-01 0.100 0.500E-01 -0.104E-06 -0.104E-06 -0.104E-06 0.500E-01 0.300E-01 -0.104E-06 -0.104E-06 -0.104E-06 0.300E-01
