share/VS_Project/swb/x64/Debug/MASS_BALANCE_08_20_1990.asc
NCOLS        340
NROWS        316
XLLCORNER     528502.530
YLLCORNER     274871.653
CELLSIZE        100.000
NODATA_VALUE    -9999.000
[rows 27 to 53 of 316, columns 62 to 123 of 340]
0.400E-01 0.469E-06 0.350E-06 0.544E-06 0.127E-06 0.782E-06 0.842E-06 -0.499E-06 0.335E-06 0.782E-06 0.782E-06 0.603E-06 -0.887E-06 -0.112E-06 0.246E-06 0.171E-06 0.603E-06 0.469E-06 -0.201E-06 0.300E-01 0.300E-01 0.894E-07 -0.119E-06 0.300E-01 0.300E-01 0.300E-01 0.300E-01 0.300E-01 0.300E-01 0.500E-01 0.300E-01 0.603E-06 0.300E-01 0.300E-01 0.300E-01 0.500E-01 0.300E-01 0.300E-01 0.300E-01 0.500E-01 0.300E-01 0.300E-01 0.300E-01 0.300E-01 -0.373E-07 0.969E-07 0.365E-06 0.500E-01 0.156E-06 -0.745E-08 -0.671E-07 -0.671E-07 0.335E-06 -0.112E-06 0.171E-06 0.603E-06 0.469E-06 0.894E-07 0.500E-01 0.300E-01 0.300E-01 0.300E-01
0.400E-01 0.603E-06 0.500E-01 0.500E-01 -0.171E-06 0.931E-06 0.544E-06 -0.678E-06 0.633E-06 -0.738E-06 0.127E-06 0.969E-07 -0.745E-08 -0.231E-06 -0.231E-06 0.365E-06 -0.440E-06 -0.171E-06 0.400E-01 0.300E-01 0.300E-01 0.300E-01 0.300E-01 0.500E-01 0.300E-01 0.300E-01 0.300E-01 0.300E-01 0.300E-01 0.500E-01 -0.544E-06 0.469E-06 0.300E-01 0.300E-01 0.300E-01 0.300E-01 0.300E-01 0.300E-01 0.300E-01 0.300E-01 0.300E-01 0.300E-01 0.300E-01 0.300E-01 0.186E-06 -0.201E-06 0.373E-07 0.969E-07 0.484E-06 -0.201E-06 -0.112E-06 0.300E-01 0.201E-06 -0.186E-06 0.500E-01 0.574E-06 0.469E-06 0.894E-07 0.500E-01 0.300E-01 0.300E-01 -0.671E-07
-0.522E-07 -0.156E-06 -0.671E-07 -0.820E-07 -0.231E-06 -0.820E-07 -0.522E-07 0.969E-07 0.216E-06 0.671E-07 -0.171E-06 -0.522E-07 0.186E-06 0.969E-07 -0.171E-06 0.127E-06 0.300E-01 0.300E-01 0.300E-01 0.300E-01 0.300E-01 0.300E-01 0.300E-01 0.500E-01 0.300E-01 0.300E-01 0.300E-01 0.300E-01 0.300E-01 0.300E-01 0.300E-01 0.300E-01 0.300E-01 0.300E-01 0.300E-01 0.300E-01 0.300E-01 0.300E-01 0.300E-01 0.425E-06 -0.745E-08 -0.201E-06 0.127E-06 -0.522E-07 0.300E-01 0.156E-06 -0.142E-06 0.156E-06 0.300E-01 0.300E-01 0.300E-01 0.300E-01 0.800E-01 -0.246E-06 0.633E-06 0.500E-01 0.300E-01 0.300E-01 0.500E-01 0.894E-07 0.119E-06 0.800E-01
-0.671E-07 -0.156E-06 -0.671E-07 0.500E-01 0.671E-07 0.671E-07 0.127E-06 0.969E-07 0.969E-07 0.216E-06 -0.231E-06 -0.231E-06 -0.522E-07 0.216E-06 0.671E-07 0.156E-06 0.300E-01 0.300E-01 0.300E-01 0.300E-01 0.300E-01 0.300E-01 0.300E-01 0.500E-01 0.300E-01 0.300E-01 0.300E-01 0.300E-01 0.300E-01 0.300E-01 0.300E-01 0.300E-01 0.300E-01 0.300E-01 0.300E-01 0.500E-01 0.300E-01 0.300E-01 0.300E-01 0.500E-01 0.484E-06 -0.201E-06 -0.201E-06 -0.231E-06 0.156E-06 0.156E-06 0.186E-06 -0.522E-07 0.300E-01 0.300E-01 0.300E-01 0.300E-01 0.300E-01 -0.112E-06 0.469E-06 0.500E-01 0.300E-01 0.300E-01 -0.596E-07 0.238E-06 0.300E-01 -0.671E-07
-0.156E-06 -0.671E-07 -0.671E-07 0.216E-06 0.216E-06 -0.112E-06 0.671E-07 0.671E-07 0.216E-06 0.969E-07 0.671E-07 0.671E-07 0.127E-06 0.969E-07 0.216E-06 0.300E-01 0.300E-01 0.300E-01 0.300E-01 0.300E-01 0.300E-01 0.300E-01 0.300E-01 0.134E-06 0.894E-07 0.300E-01 0.300E-01 0.300E-01 0.300E-01 0.300E-01 0.300E-01 0.300E-01 0.300E-01 0.300E-01 0.300E-01 0.500E-01 0.300E-01 0.300E-01 0.300E-01 0.300E-01 0.500E-01 0.127E-06 -0.201E-06 -0.224E-07 -0.522E-07 -0.112E-06 -0.171E-06 0.300E-01 0.300E-01 0.300E-01 0.300E-01 0.300E-01 0.745E-08 -0.671E-07 -0.589E-06 -0.872E-06 0.500E-01 0.300E-01 -0.156E-06 0.894E-07 -0.671E-07 0.500E-01
-0.224E-07 -0.156E-06 -0.671E-07 0.969E-07 0.969E-07 0.186E-06 0.216E-06 0.216E-06 0.969E-07 0.969E-07 0.216E-06 0.216E-06 -0.142E-06 0.373E-07 0.969E-07 0.300E-01 0.300E-01 0.300E-01 0.300E-01 0.300E-01 0.300E-01 0.300E-01 0.300E-01 0.894E-07 0.300E-01 0.300E-01 0.300E-01 0.300E-01 0.300E-01 0.300E-01 0.300E-01 0.300E-01 0.300E-01 0.300E-01 0.300E-01 0.300E-01 0.300E-01 -0.201E-06 0.216E-06 0.300E-01 0.745E-08 0.127E-06 -0.201E-06 -0.201E-06 0.300E-01 0.300E-01 0.300E-01 0.186E-06 -0.201E-06 -0.201E-06 -0.171E-06 0.186E-06 0.469E-06 0.902E-06 -0.745E-08 -0.209E-06 0.100 0.500E-01 -0.559E-06 0.469E-06 -0.179E-06 0.663E-06
-0.171E-06 -0.231E-06 0.671E-07 0.216E-06 0.969E-07 0.671E-07 -0.171E-06 -0.231E-06 0.671E-07 0.216E-06 0.969E-07 0.969E-07 0.969E-07 0.969E-07 0.596E-07 0.300E-01 0.300E-01 0.300E-01 0.300E-01 0.300E-01 0.300E-01 0.300E-01 0.300E-01 0.300E-01 0.300E-01 0.300E-01 0.300E-01 0.300E-01 0.300E-01 0.300E-01 0.300E-01 0.300E-01 0.300E-01 0.300E-01 0.300E-01 0.127E-06 -0.201E-06 0.745E-08 -0.201E-06 -0.224E-07 0.300E-01 0.300E-01 0.300E-01 0.800E-01 0.300E-01 0.300E-01 0.300E-01 0.300E-01 -0.171E-06 0.171E-06 -0.231E-06 0.246E-06 -0.440E-06 0.112E-06 -0.112E-06 0.500E-01 0.500E-01 -0.671E-07 -0.522E-07 -0.231E-06 0.400E-01 0.400E-01
0.373E-07 0.745E-08 -0.171E-06 0.216E-06 -0.224E-07 -0.224E-07 -0.201E-06 0.745E-08 0.216E-06 0.969E-07 0.969E-07 0.500E-01 0.500E-01 0.500E-01 0.500E-01 0.300E-01 0.300E-01 0.300E-01 0.300E-01 0.300E-01 0.300E-01 0.300E-01 0.300E-01 0.300E-01 0.300E-01 0.300E-01 0.300E-01 0.300E-01 -0.201E-06 0.300E-01 0.300E-01 0.300E-01 0.300E-01 0.484E-06 -0.171E-06 -0.171E-06 0.373E-07 -0.112E-06 -0.142E-06 -0.201E-06 0.300E-01 0.300E-01 0.300E-01 0.800E-01 0.300E-01 0.300E-01 0.300E-01 0.300E-01 -0.201E-06 0.603E-06 0.216E-06 0.300E-01 0.723E-06 0.469E-06 -0.112E-06 0.500E-01 0.500E-01 0.127E-06 -0.320E-06 0.328E-06 0.400E-01 0.738E-06
0.127E-06 0.671E-07 0.216E-06 -0.142E-06 -0.246E-06 0.671E-07 0.216E-06 0.969E-07 -0.820E-07 0.500E-01 0.894E-07 0.500E-01 0.500E-01 0.894E-07 0.500E-01 -0.209E-06 0.300E-01 0.300E-01 0.300E-01 0.500E-01 0.500E-01 0.300E-01 0.300E-01 0.300E-01 0.300E-01 0.500E-01 0.300E-01 0.300E-01 0.300E-01 -0.201E-06 -0.231E-06 -0.201E-06 -0.201E-06 0.671E-07 -0.201E-06 0.186E-06 0.800E-01 0.894E-07 0.127E-06 0.300E-01 -0.201E-06 0.300E-01 0.300E-01 -0.142E-06 0.300E-01 0.300E-01 0.300E-01 0.300E-01 0.300E-01 0.469E-06 -0.224E-07 -0.142E-06 0.500E-01 0.400E-01 0.119E-06 0.500E-01 -0.671E-07 0.179E-06 0.300E-01 -0.209E-06 -0.671E-07 0.514E-06
0.500E-01 0.500E-01 0.300E-01 0.300E-01 0.300E-01 0.500E-01 0.500E-01 0.500E-01 0.500E-01 0.500E-01 0.500E-01 0.500E-01 0.500E-01 0.500E-01 0.149E-06 -0.209E-06 -0.745E-08 0.300E-01 0.300E-01 0.300E-01 0.300E-01 0.300E-01 0.300E-01 0.300E-01 0.300E-01 0.300E-01 0.300E-01 0.300E-01 0.300E-01 -0.201E-06 -0.469E-06 0.300E-01 0.216E-06 0.179E-06 -0.201E-06 -0.171E-06 0.127E-06 0.484E-06 -0.201E-06 -0.201E-06 0.127E-06 -0.171E-06 0.373E-07 -0.112E-06 0.127E-06 -0.201E-06 0.745E-08 0.300E-01 0.300E-01 -0.201E-06 0.186E-06 0.500E-01 0.400E-01 0.400E-01 0.500E-01 0.500E-01 0.149E-06 0.300E-01 0.300E-01 -0.596E-07 0.216E-06 0.969E-07
0.100 0.100 0.500E-01 0.500E-01 0.500E-01 0.500E-01 0.500E-01 0.894E-07 0.119E-06 0.300E-01 0.300E-01 0.894E-07 -0.298E-07 -0.119E-06 0.500E-01 -0.522E-07 0.216E-06 0.500E-01 0.216E-06 0.300E-01 0.300E-01 0.300E-01 0.300E-01 0.300E-01 0.300E-01 0.300E-01 0.300E-01 -0.410E-06 0.745E-08 -0.201E-06 0.373E-07 -0.112E-06 -0.201E-06 -0.112E-06 -0.201E-06 0.969E-07 0.246E-06 -0.201E-06 -0.350E-06 -0.350E-06 0.373E-07 -0.201E-06 0.745E-08 -0.171E-06 -0.231E-06 0.216E-06 0.522E-07 -0.201E-06 0.300E-01 0.300E-01 0.300E-01 0.300E-01 0.100 0.500E-01 -0.596E-07 -0.596E-07 0.596E-07 -0.596E-07 -0.596E-07 -0.179E-06 -0.820E-07 0.894E-07
0.500E-01 0.500E-01 0.500E-01 0.500E-01 0.500E-01 0.500E-01 0.500E-01 0.500E-01 -0.596E-07 0.500E-01 0.500E-01 0.500E-01 -0.238E-06 0.596E-07 0.820E-07 0.186E-06 -0.820E-07 -0.112E-06 -0.231E-06 0.300E-01 0.500E-01 0.300E-01 0.300E-01 0.300E-01 0.300E-01 0.300E-01 0.671E-07 0.186E-06 0.186E-06 0.127E-06 -0.201E-06 -0.201E-06 0.127E-06 -0.201E-06 -0.201E-06 0.186E-06 0.745E-08 0.300E-01 0.300E-01 0.300E-01 0.127E-06 0.156E-06 -0.171E-06 0.186E-06 0.300E-01 0.300E-01 0.300E-01 0.300E-01 0.300E-01 0.300E-01 0.500E-01 0.500E-01 -0.209E-06 -0.596E-07 -0.596E-07 -0.596E-07 -0.596E-07 -0.596E-07 -0.596E-07 -0.179E-06 -0.894E-07 0.894E-07
0.500E-01 0.500E-01 0.894E-07 0.500E-01 0.500E-01 0.500E-01 0.500E-01 0.894E-07 0.500E-01 0.500E-01 0.500E-01 0.149E-07 -0.402E-06 0.300E-01 0.969E-07 0.500E-01 -0.671E-07 0.216E-06 -0.171E-06 0.500E-01 0.300E-01 0.300E-01 0.300E-01 0.300E-01 0.300E-01 0.300E-01 0.373E-07 -0.112E-06 0.127E-06 0.216E-06 -0.201E-06 0.127E-06 -0.224E-07 -0.201E-06 -0.201E-06 -0.201E-06 -0.142E-06 -0.142E-06 -0.820E-07 -0.142E-06 -0.171E-06 0.969E-07 0.969E-07 -0.112E-06 0.300E-01 0.300E-01 0.300E-01 0.300E-01 0.500E-01 0.500E-01 -0.209E-06 -0.596E-07 -0.596E-07 -0.596E-07 0.119E-06 0.894E-07 -0.179E-06 -0.179E-06 -0.596E-07 -0.596E-07 0.149E-06 -0.373E-07
0.894E-07 0.500E-01 0.894E-07 0.500E-01 0.500E-01 0.500E-01 0.500E-01 0.894E-07 0.500E-01 0.500E-01 0.500E-01 0.300E-01 0.300E-01 0.300E-01 -0.112E-06 0.500E-01 0.500E-01 0.500E-01 0.500E-01 0.500E-01 0.500E-01 0.500E-01 0.300E-01 0.300E-01 0.300E-01 0.300E-01 -0.201E-06 -0.142E-06 0.300E-01 -0.201E-06 -0.522E-07 -0.201E-06 -0.201E-06 0.127E-06 -0.142E-06 0.300E-01 0.300E-01 0.671E-07 0.300E-01 0.300E-01 0.186E-06 0.186E-06 0.179E-06 -0.119E-06 0.500E-01 0.500E-01 0.500E-01 0.500E-01 -0.596E-07 -0.596E-07 0.298E-07 -0.596E-07 -0.596E-07 -0.596E-07 -0.179E-06 0.800E-01 0.500E-01 0.500E-01 0.894E-07 0.894E-07 0.119E-06 0.596E-07
0.500E-01 0.500E-01 0.894E-07 0.500E-01 0.500E-01 0.500E-01 0.500E-01 0.134E-06 0.500E-01 0.300E-01 0.300E-01 0.300E-01 0.300E-01 0.300E-01 0.300E-01 0.500E-01 0.500E-01 0.300E-01 0.300E-01 0.300E-01 -0.671E-07 -0.671E-07 -0.224E-07 -0.156E-06 -0.671E-07 0.300E-01 0.300E-01 0.500E-01 0.400E-01 0.400E-01 0.400E-01 0.400E-01 0.603E-06 0.469E-06 0.400E-01 0.500E-01 -0.119E-06 -0.596E-07 -0.596E-07 0.500E-01 -0.894E-07 0.500E-01 0.500E-01 0.894E-07 -0.119E-06 0.500E-01 -0.596E-07 0.500E-01 0.500E-01 -0.119E-06 -0.179E-06 -0.596E-07 0.596E-07 0.894E-07 -0.596E-07 0.500E-01 0.500E-01 0.100 0.100 0.100 0.500E-01 0.500E-01
0.500E-01 0.894E-07 -0.149E-06 0.500E-01 0.500E-01 0.500E-01 0.500E-01 0.596E-07 0.500E-01 0.300E-01 0.300E-01 0.500E-01 0.500E-01 0.500E-01 0.300E-01 0.500E-01 0.300E-01 0.300E-01 0.300E-01 0.300E-01 -0.291E-06 -0.469E-06 0.500E-01 0.745E-08 0.800E-01 -0.268E-06 0.300E-01 0.400E-01 0.400E-01 0.500E-01 0.500E-01 0.500E-01 0.500E-01 0.500E-01 0.500E-01 -0.179E-06 0.596E-07 0.300E-01 0.300E-01 0.894E-07 0.500E-01 -0.209E-06 -0.596E-07 0.894E-07 0.179E-06 -0.298E-07 0.300E-01 0.500E-01 0.500E-01 -0.119E-06 -0.209E-06 -0.209E-06 0. -0.596E-07 0.500E-01 0.500E-01 0.100 0.500E-01 0.500E-01 0.500E-01 0.500E-01 0.100
0.894E-07 0.894E-07 0.500E-01 0.500E-01 0.500E-01 0.500E-01 0.500E-01 0.894E-07 0.500E-01 0.300E-01 0.500E-01 0.500E-01 0.500E-01 0.500E-01 -0.820E-07 0.500E-01 0.300E-01 0.300E-01 0.300E-01 0.300E-01 0.300E-01 0.300E-01 0.300E-01 0.400E-01 0.400E-01 0.300E-01 0.894E-07 0.500E-01 0.500E-01 0.500E-01 0.500E-01 0.500E-01 0.179E-06 0.179E-06 0.179E-06 0.894E-07 0.894E-07 0.300E-01 0.300E-01 0.894E-07 0.300E-01 0.894E-07 -0.596E-07 0.894E-07 -0.119E-06 -0.149E-06 0.894E-07 0.894E-07 0.179E-06 -0.119E-06 -0.209E-06 -0.209E-06 0.209E-06 0.894E-07 0.800E-01 0.500E-01 0.100 0.800E-01 0.100 0.100 -0.671E-07 0.500E-01
0.500E-01 -0.149E-06 -0.149E-06 0.500E-01 0.500E-01 0.500E-01 0.100 0.100 0.100 0.500E-01 0.100 0.100 0.100 -0.715E-06 -0.596E-06 0.350E-06 -0.834E-06 0.484E-06 0.500E-01 0.500E-01 0.500E-01 0.500E-01 0.500E-01 0.500E-01 0.179E-06 0.500E-01 0.500E-01 0.500E-01 0.500E-01 0.300E-01 0.300E-01 0.300E-01 -0.596E-07 -0.596E-07 -0.209E-06 0.179E-06 0.209E-06 -0.894E-07 -0.298E-07 -0.209E-06 0.300E-01 -0.596E-07 0. 0.238E-06 0.179E-06 0.179E-06 0.149E-06 -0.209E-06 0.179E-06 0.894E-07 -0.209E-06 -0.209E-06 -0.298E-07 0.179E-06 0.894E-07 0.894E-07 0.500E-01 0.500E-01 0.100 0.500E-01 0.100 0.500E-01
0.100 0.596E-07 0.500E-01 0.500E-01 0.100 0.500E-01 0.100 0.500E-01 0.500E-01 0.500E-01 0.894E-07 0.500E-01 0.500E-01 0.100 0.100 0.500E-01 0.179E-06 0.179E-06 0.500E-01 0.500E-01 0.500E-01 0.500E-01 0.500E-01 0.300E-01 0.300E-01 -0.596E-07 0.300E-01 0.300E-01 0.300E-01 0.300E-01 0.300E-01 0.300E-01 0. -0.298E-07 -0.209E-06 0.300E-01 0.300E-01 0.300E-01 0.300E-01 -0.596E-07 0.300E-01 0.300E-01 -0.596E-07 0.894E-07 -0.298E-07 0.500E-01 0.209E-06 -0.209E-06 -0.119E-06 0.298E-07 -0.209E-06 -0.596E-07 0.119E-06 -0.179E-06 -0.179E-06 -0.209E-06 0.894E-07 0.500E-01 0.500E-01 0.500E-01 -0.671E-07 0.100
0.500E-01 0.500E-01 0.500E-01 0.100 0.500E-01 0.500E-01 0.500E-01 -0.596E-07 0. -0.596E-07 0.894E-07 0.500E-01 0.500E-01 0.500E-01 0.100 0.894E-07 0.894E-07 0.894E-07 0.894E-07 0.300E-01 0.300E-01 0.500E-01 0.500E-01 0.300E-01 0.300E-01 0.300E-01 0.300E-01 0.300E-01 0.300E-01 0.300E-01 0.300E-01 0.300E-01 0.300E-01 0.300E-01 0.300E-01 0.300E-01 -0.894E-07 0.300E-01 0.300E-01 -0.179E-06 0.300E-01 0.300E-01 -0.298E-07 0.596E-07 -0.119E-06 0.300E-01 0.300E-01 -0.119E-06 -0.119E-06 0.300E-01 -0.149E-06 -0.209E-06 0.894E-07 0.500E-01 -0.179E-06 0.894E-07 0.500E-01 0.894E-07 0.894E-07 -0.179E-06 0.119E-06 0.500E-01
0.500E-01 0.894E-07 0.894E-07 0.894E-07 0.894E-07 0.894E-07 0. 0.894E-07 0.300E-01 0.300E-01 0.500E-01 0.100 0.100 0.894E-07 0.500E-01 0.500E-01 -0.596E-07 -0.179E-06 0.179E-06 0.300E-01 0. -0.119E-06 0. 0.500E-01 0.894E-07 0.179E-06 0.300E-01 0.300E-01 0.300E-01 0.300E-01 0.300E-01 0.300E-01 0.300E-01 0.300E-01 0.300E-01 0.300E-01 0.300E-01 0.300E-01 0.596E-07 -0.209E-06 0.300E-01 0.300E-01 0.209E-06 0.300E-01 0.209E-06 0.209E-06 0.300E-01 0.300E-01 -0.596E-07 0.300E-01 0.300E-01 0.300E-01 -0.179E-06 0.800E-01 0.500E-01 0.500E-01 0.500E-01 -0.596E-07 0.894E-07 -0.179E-06 0.500E-01 -0.671E-07
0. 0.179E-06 -0.209E-06 0.894E-07 0.894E-07 0.179E-06 0.500E-01 -0.596E-07 0.300E-01 0.300E-01 0.500E-01 0.300E-01 0.894E-07 0.300E-01 0.300E-01 0.894E-07 0.894E-07 0.894E-07 -0.596E-07 0.300E-01 0.300E-01 0.894E-07 -0.119E-06 0.300E-01 -0.209E-06 0.894E-07 0.300E-01 0.300E-01 0.300E-01 0.300E-01 0.300E-01 0.300E-01 0.300E-01 0.300E-01 0.300E-01 0.300E-01 0.300E-01 0.300E-01 0.300E-01 -0.209E-06 0.300E-01 0.300E-01 0.209E-06 0.300E-01 0.149E-06 0.300E-01 0.300E-01 0.300E-01 0.300E-01 0.300E-01 0.300E-01 0.300E-01 0.894E-07 0.800E-01 0.100 0.100 0.500E-01 0.100 0.100 0.894E-07 0.500E-01 0.500E-01
0.209E-06 0.500E-01 0.500E-01 0.100 0.500E-01 0.500E-01 0.500E-01 0.500E-01 -0.596E-07 0.500E-01 0.300E-01 0.300E-01 0.300E-01 0.300E-01 0.300E-01 0.894E-07 0.894E-07 0.894E-07 0.894E-07 0.300E-01 -0.119E-06 -0.209E-06 -0.209E-06 0.300E-01 0.149E-06 -0.209E-06 0.300E-01 0.300E-01 0.300E-01 0.300E-01 0.300E-01 0.300E-01 0.894E-07 0.894E-07 0.894E-07 0.300E-01 0.300E-01 0.300E-01 0.300E-01 0.300E-01 0.300E-01 0.300E-01 0.300E-01 0.300E-01 -0.209E-06 0.300E-01 0.300E-01 0.300E-01 0.300E-01 0.300E-01 0.300E-01 0.300E-01 0.894E-07 0.894E-07 0.800E-01 0.800E-01 0.500E-01 0.500E-01 0.100 0.100 0.100 0.500E-01
0.238E-06 0.500E-01 0.500E-01 0.500E-01 0.500E-01 -0.596E-07 0.894E-07 0.500E-01 0.300E-01 0.300E-01 0.500E-01 0.300E-01 0.300E-01 0.300E-01 0.300E-01 0.894E-07 0.894E-07 0.894E-07 0.300E-01 0.300E-01 -0.209E-06 -0.179E-06 0.500E-01 0.300E-01 0.149E-06 0.894E-07 0.300E-01 0.300E-01 0.300E-01 0.300E-01 0.300E-01 0.300E-01 0.300E-01 0.300E-01 0.894E-07 0.300E-01 0.300E-01 0.300E-01 0.300E-01 0.300E-01 0.300E-01 0.300E-01 0.300E-01 0.300E-01 0.894E-07 0.300E-01 0.300E-01 0.300E-01 0.300E-01 0.300E-01 0.300E-01 0.300E-01 0.894E-07 0.800E-01 0.500E-01 0.500E-01 0.800E-01 -0.671E-07 0.500E-01 -0.671E-07 0.500E-01 -0.671E-07
0.894E-07 0.894E-07 0.500E-01 0.500E-01 0.500E-01 0.500E-01 0.100 0.500E-01 0.300E-01 0.300E-01 0.500E-01 0.300E-01 0.300E-01 0.300E-01 0.300E-01 0.300E-01 0.894E-07 -0.119E-06 0.300E-01 0.300E-01 -0.238E-06 0.894E-07 0.500E-01 0.300E-01 -0.119E-06 0.300E-01 0.300E-01 0.300E-01 0.300E-01 0.300E-01 0.300E-01 0.300E-01 0.300E-01 0.300E-01 -0.209E-06 -0.179E-06 0.149E-06 -0.119E-06 -0.179E-06 0.300E-01 0.300E-01 0.300E-01 0.300E-01 0.300E-01 0.300E-01 0.300E-01 0.300E-01 0.300E-01 0.300E-01 0.300E-01 0.300E-01 0.300E-01 0.179E-06 -0.596E-07 0.500E-01 0.800E-01 0.800E-01 0.119E-06 -0.119E-06 0.800E-01 0.800E-01 -0.179E-06
-0.119E-06 -0.596E-07 0.500E-01 0.179E-06 0.179E-06 0.500E-01 0.500E-01 0.500E-01 0.500E-01 0.500E-01 0.500E-01 0.500E-01 0.300E-01 0.300E-01 0.300E-01 -0.209E-06 -0.119E-06 0.500E-01 0.500E-01 0.300E-01 0.500E-01 0.209E-06 0.500E-01 0.894E-07 0.894E-07 -0.238E-06 0.300E-01 0.300E-01 0.300E-01 0.300E-01 0.300E-01 0.300E-01 0.300E-01 0.300E-01 0.596E-07 0. -0.119E-06 -0.149E-06 -0.596E-07 0.894E-07 0.500E-01 -0.596E-07 0.300E-01 0.300E-01 0.300E-01 0.300E-01 -0.119E-06 0.300E-01 0.300E-01 0.300E-01 0.300E-01 0.300E-01 0.894E-07 0.894E-07 0.894E-07 0.596E-07 0.800E-01 0.894E-07 -0.119E-06 0.800E-01 -0.671E-07 0.300E-01
0.894E-07 0.894E-07 0.500E-01 0.894E-07 0.894E-07 0. 0.894E-07 0.894E-07 0.894E-07 0.894E-07 0.894E-07 0.500E-01 0.209E-06 -0.209E-06 0.209E-06 -0.298E-07 -0.298E-07 -0.209E-06 -0.209E-06 -0.209E-06 0.300E-01 -0.596E-07 0.179E-06 0.119E-06 0.894E-07 0.894E-07 0.300E-01 0.300E-01 0.300E-01 0.300E-01 -0.119E-06 -0.298E-07 0.300E-01 0.300E-01 0.300E-01 0.300E-01 0.894E-07 0.894E-07 0.894E-07 0.500E-01 0.800E-01 0.300E-01 -0.209E-06 -0.149E-06 0.894E-07 0.119E-06 0.596E-07 -0.298E-07 0.119E-06 -0.119E-06 -0.179E-06 -0.522E-07 -0.522E-07 -0.119E-06 0.179E-06 0.179E-06 0.179E-06 -0.209E-06 0.894E-07 -0.179E-06 -0.119E-06 0.209E-06
