share/VS_Project/swb/x64/Debug/MASS_BALANCE_06_26_1990.asc
NCOLS        340
NROWS        316
XLLCORNER     528502.530
YLLCORNER     274871.653
CELLSIZE        100.000
NODATA_VALUE    -9999.000
[rows 270 to 296 of 316, columns 244 to 304 of 340]
-0.596E-07 -0.596E-07 -0.596E-07 -0.596E-07 -0.596E-07 -0.596E-07 0.300E-01 0.300E-01 0.300E-01 0.500E-01 0.500E-01 0.500E-01 0.500E-01 0.500E-01 0.500E-01 0.300E-01 -0.596E-07 -0.596E-07 -0.596E-07 -0.596E-07 -0.596E-07 -0.596E-07 -0.596E-07 -0.596E-07 0.300E-01 -0.596E-07 -0.596E-07 -0.596E-07 -0.596E-07 -0.596E-07 -0.596E-07 -0.596E-07 0.300E-01 0.300E-01 0.300E-01 -0.596E-07 -0.596E-07 -0.224E-06 -0.596E-07 -0.596E-07 0.596E-07 0.194E-06 -0.596E-07 -0.596E-07 -0.596E-07 0. 0.596E-07 0.596E-07 -0.179E-06 -0.596E-07 0.745E-07 0.194E-06 0.179E-06 0.194E-06 0. -0.164E-06 0.298E-07 -0.596E-07 -0.596E-07 -0.596E-07 -0.596E-07
0.300E-01 0.300E-01 0.300E-01 -0.596E-07 -0.596E-07 -0.596E-07 0.300E-01 0.500E-01 -0.596E-07 0.500E-01 0.300E-01 0.300E-01 0.500E-01 0.500E-01 0.500E-01 0.500E-01 0.500E-01 -0.596E-07 -0.596E-07 -0.596E-07 -0.596E-07 -0.596E-07 0.300E-01 0.300E-01 -0.596E-07 0.500E-01 -0.596E-07 -0.596E-07 -0.596E-07 -0.745E-07 0.149E-06 -0.596E-07 0.300E-01 0.300E-01 0.300E-01 -0.596E-07 -0.596E-07 0.224E-06 0.500E-01 0.596E-07 0.596E-07 0. 0.596E-07 0.119E-06 0. 0.149E-06 0.596E-07 0.596E-07 -0.179E-06 0.596E-07 -0.596E-07 0.298E-07 -0.194E-06 -0.596E-07 -0.596E-07 -0.298E-07 -0.596E-07 -0.596E-07 -0.596E-07 -0.596E-07 -0.596E-07
-0.596E-07 -0.596E-07 -0.596E-07 -0.596E-07 -0.596E-07 -0.596E-07 -0.596E-07 -0.596E-07 -0.596E-07 -0.596E-07 -0.596E-07 -0.596E-07 -0.596E-07 -0.596E-07 -0.596E-07 -0.596E-07 -0.596E-07 -0.596E-07 -0.596E-07 -0.596E-07 -0.596E-07 0.500E-01 -0.596E-07 0.500E-01 -0.596E-07 0.500E-01 -0.596E-07 -0.596E-07 -0.596E-07 -0.596E-07 -0.596E-07 0. 0.300E-01 0.300E-01 0. 0. 0.358E-06 0.209E-06 -0.119E-06 0. -0.596E-07 0.596E-07 0.447E-07 -0.596E-07 -0.134E-06 0.596E-07 -0.596E-07 -0.596E-07 -0.596E-07 -0.596E-07 0.224E-06 0.596E-07 0. -0.596E-07 0.596E-07 -0.596E-07 -0.596E-07 -0.596E-07 -0.596E-07 -0.596E-07 -0.596E-07
-0.596E-07 -0.596E-07 -0.596E-07 0.300E-01 0.300E-01 0.300E-01 0.300E-01 0.300E-01 0.300E-01 -0.596E-07 -0.596E-07 0.300E-01 0.300E-01 0.300E-01 0.300E-01 -0.596E-07 -0.596E-07 -0.596E-07 -0.596E-07 -0.596E-07 -0.596E-07 -0.596E-07 0.298E-07 0.298E-07 -0.596E-07 0.300E-01 -0.596E-07 -0.596E-07 -0.596E-07 -0.596E-07 0.300E-01 0.300E-01 0.300E-01 0.500E-01 0.500E-01 -0.596E-07 -0.596E-07 -0.596E-07 -0.179E-06 -0.179E-06 0.596E-07 0.596E-07 -0.238E-06 -0.596E-07 0.596E-07 0.596E-07 -0.596E-07 0.596E-07 -0.179E-06 0.149E-06 0.596E-07 0.596E-07 -0.596E-07 -0.596E-07 -0.596E-07 -0.596E-07 -0.596E-07 -0.596E-07 -0.596E-07 -0.596E-07 -0.596E-07
0.300E-01 0.300E-01 0.300E-01 0.300E-01 0.300E-01 0.300E-01 0.300E-01 0.300E-01 0.300E-01 0.300E-01 -0.596E-07 -0.596E-07 0.300E-01 0.300E-01 0.300E-01 0.300E-01 -0.596E-07 0.300E-01 0.300E-01 -0.596E-07 -0.596E-07 0.500E-01 0.373E-06 -0.596E-07 0.500E-01 0.500E-01 0.500E-01 -0.596E-07 0.300E-01 0.300E-01 0.300E-01 0.300E-01 0.300E-01 0.300E-01 0.300E-01 -0.596E-07 -0.596E-07 -0.596E-07 -0.596E-07 -0.596E-07 0. 0.134E-06 -0.179E-06 0.596E-07 0.149E-06 0.596E-07 0.596E-07 -0.596E-07 0.596E-07 0.596E-07 0.500E-01 0.596E-07 -0.596E-07 -0.596E-07 0.596E-07 -0.596E-07 -0.596E-07 -0.596E-07 -0.596E-07 -0.596E-07 -0.596E-07
-0.596E-07 -0.596E-07 -0.596E-07 -0.596E-07 0.300E-01 0.300E-01 0.300E-01 0.300E-01 0.300E-01 0.300E-01 0.300E-01 0.300E-01 0.300E-01 0.300E-01 -0.596E-07 -0.596E-07 -0.596E-07 -0.596E-07 0.300E-01 -0.596E-07 -0.596E-07 0.500E-01 0.283E-06 0.500E-01 0.500E-01 0.100 -0.596E-07 -0.596E-07 -0.596E-07 0.300E-01 -0.596E-07 0.300E-01 -0.596E-07 -0.596E-07 -0.596E-07 -0.596E-07 -0.596E-07 0.500E-01 0.500E-01 -0.596E-07 0.104E-06 0.596E-07 0.596E-07 -0.596E-07 -0.596E-07 -0.894E-07 0.596E-07 0. -0.238E-06 0.500E-01 -0.596E-07 -0.596E-07 0.500E-01 -0.596E-07 -0.596E-07 0.745E-07 0.500E-01 0.500E-01 0.500E-01 0.100 0.100
0.300E-01 0.300E-01 0.300E-01 0.300E-01 -0.596E-07 0.300E-01 0.300E-01 0.300E-01 0.300E-01 0.300E-01 0.300E-01 0.300E-01 -0.596E-07 0.300E-01 0.300E-01 -0.596E-07 -0.596E-07 -0.596E-07 0.300E-01 -0.596E-07 0.500E-01 -0.596E-07 0.500E-01 0.500E-01 0.500E-01 0.500E-01 0.500E-01 -0.596E-07 -0.596E-07 0.300E-01 0.300E-01 0.300E-01 -0.596E-07 -0.596E-07 -0.596E-07 -0.596E-07 -0.596E-07 -0.596E-07 0.300E-01 -0.596E-07 -0.596E-07 -0.179E-06 0.596E-07 0.596E-07 -0.596E-07 0.894E-07 0.596E-07 -0.596E-07 -0.596E-07 0.500E-01 -0.596E-07 -0.596E-07 -0.596E-07 -0.596E-07 -0.596E-07 0.194E-06 0.100 0.100 0.100 0.100 0.500E-01
0.300E-01 0.300E-01 0.300E-01 0.300E-01 0.300E-01 0.300E-01 -0.596E-07 0.300E-01 -0.596E-07 -0.596E-07 -0.596E-07 -0.596E-07 -0.596E-07 -0.596E-07 -0.596E-07 -0.596E-07 0.300E-01 0.300E-01 0.300E-01 0.500E-01 0.500E-01 -0.596E-07 0.500E-01 -0.596E-07 0.500E-01 0.500E-01 0.500E-01 -0.596E-07 -0.596E-07 0.300E-01 0.300E-01 0.300E-01 -0.596E-07 -0.596E-07 -0.596E-07 -0.596E-07 -0.596E-07 -0.596E-07 0.300E-01 -0.596E-07 -0.596E-07 -0.596E-07 0.745E-07 0.596E-07 0.500E-01 0.500E-01 0.500E-01 -0.596E-07 -0.596E-07 -0.596E-07 -0.179E-06 0.596E-07 -0.596E-07 -0.596E-07 -0.596E-07 0.500E-01 0.500E-01 0.500E-01 0.100 0.500E-01 -0.596E-07
0.300E-01 0.300E-01 0.300E-01 -0.596E-07 -0.596E-07 -0.596E-07 -0.596E-07 0.300E-01 0.300E-01 -0.596E-07 -0.596E-07 -0.596E-07 -0.596E-07 -0.596E-07 0.300E-01 0.298E-07 0.298E-07 0.300E-01 0.500E-01 -0.596E-07 0.300E-01 0.300E-01 -0.596E-07 -0.596E-07 -0.596E-07 -0.596E-07 -0.596E-07 -0.596E-07 0.500E-01 0.300E-01 0.300E-01 0.300E-01 -0.596E-07 -0.596E-07 -0.596E-07 -0.596E-07 -0.596E-07 0.500E-01 0.500E-01 -0.596E-07 0. 0.596E-07 0.298E-07 -0.596E-07 0. 0.500E-01 0.500E-01 -0.596E-07 -0.447E-07 -0.447E-07 -0.447E-07 -0.596E-07 0.500E-01 0.500E-01 -0.596E-07 0.500E-01 -0.596E-07 -0.596E-07 -0.596E-07 -0.596E-07 -0.596E-07
0.300E-01 -0.596E-07 -0.596E-07 -0.596E-07 -0.596E-07 -0.596E-07 -0.596E-07 -0.596E-07 -0.596E-07 -0.596E-07 -0.596E-07 -0.596E-07 -0.596E-07 -0.596E-07 -0.596E-07 0.300E-01 0.300E-01 -0.596E-07 0.500E-01 -0.596E-07 0.300E-01 0.300E-01 0.300E-01 0.300E-01 -0.596E-07 0.500E-01 0.500E-01 -0.596E-07 0.500E-01 0.300E-01 0.300E-01 0.300E-01 0.300E-01 0.300E-01 0.300E-01 0.300E-01 0.500E-01 -0.596E-07 -0.596E-07 -0.104E-06 -0.596E-07 0.209E-06 0.194E-06 0. 0. 0. -0.447E-07 -0.596E-07 -0.149E-07 -0.596E-07 -0.447E-07 -0.596E-07 -0.596E-07 -0.596E-07 0.500E-01 0.100 0.745E-07 0.596E-07 -0.596E-07 -0.596E-07 0.194E-06
-0.596E-07 -0.596E-07 -0.596E-07 -0.596E-07 0.300E-01 -0.596E-07 -0.596E-07 -0.596E-07 -0.596E-07 -0.596E-07 -0.596E-07 -0.596E-07 -0.596E-07 -0.596E-07 -0.596E-07 -0.596E-07 -0.328E-06 0.500E-01 0.500E-01 0.300E-01 -0.596E-07 0.300E-01 0.300E-01 0.300E-01 -0.596E-07 0.300E-01 0.300E-01 0.300E-01 0.500E-01 0.300E-01 0.300E-01 0.300E-01 0.300E-01 0.300E-01 0.300E-01 -0.596E-07 0.500E-01 -0.596E-07 -0.596E-07 0.596E-07 -0.596E-07 0. -0.209E-06 0. -0.745E-07 -0.596E-07 0. 0. 0. -0.596E-07 -0.596E-07 0.164E-06 0.500E-01 0.596E-07 0.800E-01 0.100 0.500E-01 -0.596E-07 0.104E-06 -0.596E-07 0.596E-07
-0.596E-07 -0.596E-07 -0.596E-07 -0.596E-07 -0.596E-07 -0.596E-07 0.300E-01 -0.596E-07 -0.596E-07 -0.596E-07 -0.596E-07 0.300E-01 0.300E-01 0.300E-01 0.300E-01 0.300E-01 -0.596E-07 0.500E-01 -0.596E-07 -0.596E-07 0.300E-01 0.300E-01 0.300E-01 0.300E-01 0.300E-01 0.300E-01 0.300E-01 0.300E-01 0.300E-01 0.300E-01 0.300E-01 0.300E-01 0.300E-01 0.300E-01 0.300E-01 0.300E-01 0.500E-01 0.300E-01 0.500E-01 0.300E-01 0.300E-01 0.300E-01 0.298E-07 -0.447E-07 -0.447E-07 0.500E-01 0.298E-07 0. -0.209E-06 -0.596E-07 -0.596E-07 -0.596E-07 -0.596E-07 0.500E-01 -0.596E-07 0.100 -0.596E-07 -0.596E-07 -0.596E-07 0.194E-06 0.
-0.596E-07 -0.596E-07 -0.596E-07 -0.596E-07 -0.596E-07 0.300E-01 0.300E-01 -0.298E-07 -0.596E-07 -0.596E-07 0.300E-01 0.300E-01 -0.596E-07 -0.596E-07 0.300E-01 -0.596E-07 -0.596E-07 0.500E-01 -0.596E-07 -0.596E-07 -0.596E-07 0.300E-01 0.300E-01 0.300E-01 0.300E-01 0.300E-01 0.300E-01 0.300E-01 0.300E-01 0.300E-01 0.300E-01 0.300E-01 0.300E-01 0.300E-01 0.300E-01 0.500E-01 0.100 0.100 0.100 0.100 0.300E-01 0.300E-01 0.300E-01 0.300E-01 -0.596E-07 -0.447E-07 -0.447E-07 0.596E-07 -0.298E-06 -0.596E-07 -0.596E-07 -0.596E-07 -0.596E-07 0.298E-07 -0.596E-07 -0.596E-07 -0.596E-07 -0.596E-07 -0.596E-07 -0.596E-07 0.596E-07
-0.596E-07 -0.596E-07 -0.596E-07 -0.596E-07 0.300E-01 0.300E-01 0.300E-01 0.300E-01 0.300E-01 0.500E-01 -0.596E-07 0.300E-01 -0.596E-07 -0.596E-07 0.300E-01 -0.596E-07 -0.596E-07 0.300E-01 0.500E-01 0.500E-01 -0.596E-07 -0.596E-07 0.300E-01 0.300E-01 0.300E-01 0.300E-01 0.300E-01 0.300E-01 0.300E-01 0.300E-01 0.300E-01 0.300E-01 0.300E-01 0.300E-01 0.300E-01 -0.596E-07 0.100 0.100 0.100 0.300E-01 0.300E-01 0.300E-01 0.300E-01 0.300E-01 -0.447E-07 -0.596E-07 0.500E-01 0.300E-01 0.300E-01 -0.596E-07 -0.596E-07 0.500E-01 0. 0.500E-01 0.300E-01 0.300E-01 -0.596E-07 -0.596E-07 -0.596E-07 -0.596E-07 -0.596E-07
-0.596E-07 -0.596E-07 0.300E-01 0.300E-01 0.300E-01 0.300E-01 0.300E-01 0.500E-01 0.500E-01 0.500E-01 -0.596E-07 0.500E-01 -0.596E-07 -0.596E-07 0.300E-01 0.300E-01 0.300E-01 0.300E-01 0.300E-01 -0.596E-07 0.300E-01 -0.596E-07 -0.596E-07 -0.596E-07 0.300E-01 0.300E-01 0.300E-01 0.300E-01 0.300E-01 0.300E-01 0.300E-01 0.300E-01 0.300E-01 0.500E-01 0.500E-01 0.500E-01 0.500E-01 0.500E-01 0.500E-01 0.300E-01 0.300E-01 0.300E-01 0.300E-01 -0.447E-07 -0.596E-07 -0.745E-07 -0.596E-07 0.300E-01 0.300E-01 0.300E-01 0.500E-01 0.500E-01 0.500E-01 0. 0. -0.596E-07 -0.596E-07 -0.596E-07 -0.596E-07 -0.596E-07 -0.596E-07
-0.596E-07 0.300E-01 0.300E-01 0.300E-01 0.300E-01 0.500E-01 0.500E-01 0.500E-01 -0.596E-07 0.500E-01 -0.596E-07 -0.596E-07 -0.596E-07 0.300E-01 0.300E-01 0.300E-01 0.300E-01 0.300E-01 0.300E-01 -0.596E-07 -0.596E-07 -0.596E-07 -0.596E-07 -0.596E-07 0.300E-01 0.300E-01 0.300E-01 0.300E-01 0.300E-01 0.300E-01 0.300E-01 0.300E-01 0.300E-01 0.300E-01 0.300E-01 0.300E-01 0.300E-01 0.300E-01 -0.596E-07 0.300E-01 0.300E-01 0.300E-01 0.300E-01 0.164E-06 -0.596E-07 0.164E-06 0.500E-01 0.300E-01 0.300E-01 0.300E-01 -0.596E-07 0.500E-01 -0.596E-07 -0.596E-07 0.117E-01 -0.596E-07 -0.596E-07 -0.596E-07 0.500E-01 -0.596E-07 -0.596E-07
0.300E-01 0.300E-01 0.300E-01 -0.596E-07 0.500E-01 0.300E-01 0.300E-01 0.500E-01 -0.596E-07 -0.596E-07 -0.596E-07 -0.596E-07 0.300E-01 0.300E-01 0.300E-01 0.300E-01 0.300E-01 0.300E-01 -0.596E-07 -0.596E-07 0.300E-01 0.300E-01 0.500E-01 0.500E-01 0.500E-01 0.300E-01 0.300E-01 0.300E-01 0.300E-01 0.300E-01 0.300E-01 0.300E-01 0.300E-01 0.300E-01 0.300E-01 0.300E-01 0.300E-01 0.300E-01 -0.596E-07 0.300E-01 0.300E-01 0.300E-01 0.300E-01 0.300E-01 -0.596E-07 0.300E-01 0.300E-01 0.300E-01 0.300E-01 0.300E-01 -0.596E-07 0.500E-01 -0.596E-07 -0.596E-07 0.300E-01 -0.596E-07 -0.596E-07 0.500E-01 0.500E-01 0.500E-01 -0.596E-07
0.300E-01 0.300E-01 0.300E-01 -0.596E-07 -0.596E-07 0.300E-01 0.300E-01 0.500E-01 0.300E-01 -0.596E-07 0.300E-01 0.300E-01 0.300E-01 0.300E-01 0.300E-01 0.300E-01 0.300E-01 0.300E-01 -0.596E-07 -0.596E-07 0.300E-01 0.500E-01 -0.596E-07 -0.596E-07 0.500E-01 0.300E-01 0.300E-01 0.300E-01 0.300E-01 0.300E-01 0.300E-01 0.300E-01 0.300E-01 0.300E-01 0.300E-01 0.300E-01 0.300E-01 0.300E-01 0.300E-01 0.300E-01 0.300E-01 0.300E-01 0.300E-01 -0.596E-07 0.300E-01 0.300E-01 0.500E-01 0.300E-01 0.300E-01 0.300E-01 -0.596E-07 -0.596E-07 -0.596E-07 -0.596E-07 0.300E-01 -0.596E-07 -0.596E-07 -0.596E-07 -0.596E-07 -0.596E-07 -0.596E-07
0.300E-01 0.300E-01 -0.596E-07 -0.596E-07 0.500E-01 -0.596E-07 0.300E-01 0.300E-01 0.500E-01 -0.596E-07 0.500E-01 0.300E-01 0.300E-01 -0.596E-07 -0.596E-07 0.300E-01 0.300E-01 -0.596E-07 -0.596E-07 -0.596E-07 -0.596E-07 0.300E-01 -0.596E-07 -0.596E-07 0.300E-01 0.300E-01 0.300E-01 0.300E-01 0.300E-01 0.300E-01 0.300E-01 0.300E-01 0.300E-01 0.500E-01 0.300E-01 0.300E-01 0.300E-01 0.300E-01 0.300E-01 0.300E-01 0.300E-01 0.300E-01 0.300E-01 -0.596E-07 -0.596E-07 -0.596E-07 0.500E-01 0.300E-01 0.300E-01 0.300E-01 0.500E-01 -0.596E-07 -0.596E-07 -0.596E-07 0.300E-01 -0.596E-07 -0.596E-07 -0.596E-07 0.300E-01 -0.596E-07 -0.596E-07
0.300E-01 0.300E-01 -0.596E-07 0.500E-01 -0.596E-07 -0.596E-07 0.300E-01 -0.596E-07 0.500E-01 0.100 0.100 0.300E-01 0.300E-01 0.300E-01 0.300E-01 0.300E-01 0.300E-01 0.300E-01 -0.596E-07 -0.596E-07 -0.596E-07 -0.596E-07 0.300E-01 0.300E-01 -0.596E-07 0.300E-01 0.300E-01 0.300E-01 0.300E-01 0.300E-01 0.300E-01 0.300E-01 -0.596E-07 -0.596E-07 -0.596E-07 -0.596E-07 0.300E-01 0.300E-01 0.500E-01 -0.596E-07 -0.596E-07 0.300E-01 0.300E-01 0.300E-01 -0.596E-07 -0.596E-07 0.500E-01 0.300E-01 0.300E-01 0.500E-01 0.500E-01 0.500E-01 -0.596E-07 -0.596E-07 0.300E-01 -0.596E-07 -0.596E-07 0.300E-01 0.300E-01 -0.596E-07 -0.596E-07
0.300E-01 0.300E-01 0.300E-01 0.100 0.100 0.100 0.500E-01 0.500E-01 0.100 0.100 0.100 -0.596E-07 -0.596E-07 0.300E-01 0.300E-01 0.300E-01 0.300E-01 -0.596E-07 -0.596E-07 -0.596E-07 -0.596E-07 0.300E-01 -0.596E-07 -0.596E-07 0.300E-01 0.300E-01 0.300E-01 0.300E-01 0.300E-01 0.300E-01 0.300E-01 0.300E-01 0.300E-01 -0.596E-07 -0.596E-07 -0.596E-07 0.300E-01 0.300E-01 -0.596E-07 -0.596E-07 -0.596E-07 0.300E-01 0.300E-01 0.300E-01 0.500E-01 -0.596E-07 -0.596E-07 0.500E-01 -0.596E-07 -0.596E-07 0.300E-01 -0.596E-07 -0.596E-07 -0.596E-07 -0.596E-07 -0.596E-07 -0.596E-07 0.300E-01 -0.596E-07 -0.596E-07 -0.596E-07
0.300E-01 0.300E-01 0.300E-01 0.100 0.100 0.500E-01 0.300E-01 0.500E-01 0.100 0.100 0.100 0.500E-01 -0.596E-07 0.300E-01 0.300E-01 -0.596E-07 -0.596E-07 -0.596E-07 -0.596E-07 -0.596E-07 -0.596E-07 0.300E-01 -0.596E-07 0.300E-01 0.300E-01 0.300E-01 0.300E-01 0.300E-01 0.300E-01 0.300E-01 0.300E-01 0.300E-01 0.300E-01 -0.596E-07 -0.596E-07 -0.596E-07 0.300E-01 -0.596E-07 -0.596E-07 -0.596E-07 -0.596E-07 0.300E-01 0.300E-01 -0.596E-07 -0.596E-07 -0.596E-07 -0.596E-07 -0.596E-07 -0.596E-07 -0.596E-07 0.500E-01 -0.596E-07 -0.596E-07 -0.596E-07 -0.596E-07 -0.596E-07 0.300E-01 0.500E-01 -0.596E-07 -0.596E-07 -0.596E-07
0.500E-01 -0.596E-07 0.300E-01 0.100 0.100 0.100 0.300E-01 0.500E-01 0.500E-01 0.100 0.100 -0.596E-07 0.300E-01 0.300E-01 -0.596E-07 -0.596E-07 -0.596E-07 -0.596E-07 -0.596E-07 -0.596E-07 -0.596E-07 0.300E-01 -0.596E-07 0.300E-01 0.300E-01 0.300E-01 0.300E-01 0.300E-01 0.300E-01 0.300E-01 0.300E-01 0.300E-01 0.300E-01 -0.596E-07 -0.596E-07 0.500E-01 -0.596E-07 -0.596E-07 -0.596E-07 -0.596E-07 -0.596E-07 0.300E-01 -0.596E-07 -0.596E-07 -0.596E-07 -0.596E-07 -0.596E-07 -0.596E-07 -0.596E-07 -0.596E-07 0.500E-01 0.500E-01 -0.596E-07 -0.596E-07 -0.596E-07 -0.596E-07 0.300E-01 0.300E-01 -0.596E-07 -0.596E-07 0.500E-01
0.500E-01 0.300E-01 0.500E-01 0.100 0.100 0.100 0.500E-01 0.500E-01 0.500E-01 0.100 0.100 0.500E-01 0.300E-01 0.300E-01 -0.596E-07 -0.596E-07 -0.596E-07 -0.596E-07 -0.596E-07 -0.596E-07 -0.596E-07 -0.596E-07 -0.596E-07 -0.596E-07 0.300E-01 0.300E-01 0.300E-01 0.300E-01 0.300E-01 0.300E-01 0.300E-01 0.300E-01 0.300E-01 -0.596E-07 0.300E-01 0.300E-01 -0.596E-07 0.300E-01 -0.596E-07 0.300E-01 -0.596E-07 -0.596E-07 -0.596E-07 0.500E-01 -0.596E-07 -0.596E-07 -0.596E-07 -0.596E-07 0.300E-01 0.300E-01 0.500E-01 0.500E-01 -0.596E-07 0.500E-01 -0.596E-07 0.300E-01 0.300E-01 0.300E-01 -0.596E-07 -0.596E-07 0.500E-01
0.500E-01 0.500E-01 0.100 0.100 0.100 0.100 0.100 0.100 0.100 0.100 0.100 0.300E-01 0.300E-01 -0.596E-07 0.300E-01 -0.596E-07 0.500E-01 0.500E-01 0.300E-01 -0.596E-07 -0.596E-07 -0.596E-07 -0.596E-07 -0.596E-07 0.300E-01 0.300E-01 0.300E-01 0.300E-01 0.300E-01 0.300E-01 0.300E-01 0.300E-01 0.300E-01 0.300E-01 0.300E-01 -0.596E-07 -0.596E-07 0.300E-01 -0.596E-07 -0.596E-07 -0.596E-07 -0.596E-07 -0.596E-07 0.500E-01 -0.596E-07 -0.596E-07 -0.596E-07 -0.596E-07 0.300E-01 0.300E-01 -0.596E-07 0.500E-01 -0.596E-07 0.500E-01 0.300E-01 0.300E-01 -0.596E-07 -0.596E-07 -0.596E-07 -0.596E-07 -0.596E-07
0.500E-01 0.300E-01 0.100 0.100 0.100 0.100 0.100 0.100 0.100 0.100 0.100 -0.596E-07 0.500E-01 -0.596E-07 -0.596E-07 -0.596E-07 -0.596E-07 -0.596E-07 0.300E-01 0.300E-01 0.300E-01 0.300E-01 0.300E-01 0.500E-01 -0.596E-07 -0.596E-07 0.300E-01 0.300E-01 0.300E-01 0.300E-01 0.300E-01 0.300E-01 0.300E-01 0.300E-01 0.300E-01 0.300E-01 -0.596E-07 0.300E-01 -0.596E-07 0.300E-01 -0.596E-07 -0.596E-07 -0.596E-07 -0.596E-07 -0.596E-07 -0.596E-07 -0.596E-07 0.500E-01 0.300E-01 -0.596E-07 -0.596E-07 0.500E-01 0.500E-01 -0.596E-07 -0.596E-07 0.300E-01 -0.596E-07 -0.596E-07 -0.596E-07 -0.596E-07 -0.596E-07
0.100 0.500E-01 -0.596E-07 0.100 0.100 0.500E-01 0.500E-01 0.500E-01 0.500E-01 0.500E-01 0.500E-01 0.500E-01 0.500E-01 -0.596E-07 -0.596E-07 0.500E-01 0.500E-01 -0.596E-07 0.300E-01 -0.596E-07 -0.596E-07 0.300E-01 0.300E-01 0.500E-01 0.500E-01 -0.596E-07 -0.596E-07 0.300E-01 0.300E-01 0.300E-01 0.300E-01 0.300E-01 0.300E-01 0.300E-01 0.300E-01 0.300E-01 -0.596E-07 0.300E-01 -0.596E-07 0.300E-01 -0.596E-07 -0.596E-07 -0.596E-07 -0.596E-07 -0.596E-07 -0.596E-07 -0.596E-07 0.500E-01 0.500E-01 -0.596E-07 -0.596E-07 0.500E-01 -0.596E-07 -0.596E-07 -0.596E-07 0.300E-01 0.300E-01 -0.596E-07 -0.596E-07 -0.596E-07 -0.596E-07
