share/VS_Project/swb/x64/Debug/MASS_BALANCE_06_28_1990.asc
NCOLS        340
NROWS        316
XLLCORNER     528502.530
YLLCORNER     274871.653
CELLSIZE        100.000
NODATA_VALUE    -9999.000
[rows 112 to 139 of 316, columns 252 to 314 of 340]
0.119E-06 0.119E-06 0.119E-06 -0.119E-06 -0.238E-06 0.300E-01 0.119E-06 0.300E-01 0. 0.119E-06 0.119E-06 0. 0.119E-06 0.119E-06 0.500E-01 0.596E-06 -0.119E-06 0.119E-06 -0.119E-06 -0.119E-06 0.300E-01 -0.238E-06 -0.238E-06 0. 0. 0. 0. 0.119E-06 0.300E-01 0.300E-01 0.119E-06 0.119E-06 0.238E-06 0.119E-06 0.300E-01 0.300E-01 -0.238E-06 0. 0.119E-06 0.119E-06 0.119E-06 0.300E-01 0. 0.596E-06 0.300E-01 0.500E-01 0.300E-01 0.500E-01 0.100 0.100 0. 0. 0. 0. -0.238E-06 0.300E-01 0.300E-01 0.300E-01 0.119E-06 0.119E-06 0.500E-01 0.300E-01 0.300E-01
0.119E-06 0.119E-06 -0.119E-06 -0.238E-06 -0.238E-06 0.300E-01 0.300E-01 0.119E-06 0.300E-01 0.300E-01 0. 0. 0. 0.500E-01 0.100 0.119E-06 0.596E-06 0.119E-06 0.119E-06 0.119E-06 0.300E-01 0.119E-06 0. 0. 0.119E-06 0.119E-06 0.119E-06 -0.119E-06 0. 0.300E-01 0.300E-01 0.300E-01 0.119E-06 -0.119E-06 0.300E-01 0.300E-01 0.300E-01 0.119E-06 0.119E-06 0.300E-01 0.300E-01 0.300E-01 -0.119E-06 0.596E-06 0.119E-06 -0.358E-06 0.300E-01 0.119E-06 0.500E-01 0.500E-01 0.119E-06 0.119E-06 0.119E-06 -0.119E-06 0.300E-01 0.300E-01 0.300E-01 0.300E-01 0.238E-06 0.500E-01 -0.238E-06 -0.238E-06 0.300E-01
0. 0.119E-06 0. 0.238E-06 0.119E-06 0.300E-01 0.238E-06 0.300E-01 0.300E-01 0.300E-01 0. 0. 0. 0. 0.100 0.500E-01 -0.119E-06 -0.358E-06 0.119E-06 0.119E-06 0.300E-01 0.300E-01 0. 0.119E-06 0. -0.119E-06 0.300E-01 0.300E-01 0.300E-01 0.300E-01 0.300E-01 0.300E-01 -0.358E-06 0.119E-06 0.300E-01 0.300E-01 0. -0.238E-06 0.119E-06 -0.224E-06 0.300E-01 0.119E-06 0.119E-06 0.119E-06 0.119E-06 -0.358E-06 0. 0. 0.119E-06 0.119E-06 -0.119E-06 0.119E-06 -0.119E-06 0.119E-06 0.300E-01 0.300E-01 0.300E-01 0.300E-01 0.300E-01 0.500E-01 -0.358E-06 -0.238E-06 0.300E-01
0.238E-06 0.119E-06 -0.119E-06 0.119E-06 0. 0.300E-01 0. -0.238E-06 0.300E-01 0. 0.119E-06 0.119E-06 0.119E-06 0.119E-06 0. 0.119E-06 0.238E-06 0.119E-06 -0.358E-06 0.119E-06 0.300E-01 0.300E-01 0.119E-06 0. 0. 0. 0.300E-01 0.300E-01 0.300E-01 0.300E-01 0.300E-01 0.300E-01 0.119E-06 0.119E-06 0.300E-01 0.300E-01 -0.358E-06 0.300E-01 0.119E-06 -0.119E-06 0.119E-06 0.358E-06 -0.358E-06 0.119E-06 0.119E-06 0.596E-06 0.300E-01 0. 0.119E-06 0. 0.119E-06 -0.238E-06 0.119E-06 0.119E-06 0.238E-06 0.300E-01 0.300E-01 0.300E-01 0.300E-01 0.500E-01 -0.238E-06 -0.238E-06 0.119E-06
0.119E-06 0.300E-01 0.300E-01 0.500E-01 0.119E-06 0.500E-01 -0.358E-06 0.119E-06 0.119E-06 0.119E-06 -0.238E-06 0.119E-06 0.119E-06 0.119E-06 0. 0. -0.119E-06 0.119E-06 -0.238E-06 0. 0.119E-06 0.300E-01 0.119E-06 0.119E-06 0.119E-06 -0.119E-06 0.300E-01 0.300E-01 0.300E-01 0.300E-01 0.300E-01 0.300E-01 -0.358E-06 0.119E-06 -0.238E-06 -0.358E-06 0. 0.119E-06 -0.238E-06 0.300E-01 0.300E-01 0.300E-01 0.300E-01 0. 0.119E-06 0.119E-06 0.238E-06 0.119E-06 -0.119E-06 0.500E-01 0.500E-01 0. 0.119E-06 -0.119E-06 0.300E-01 0.300E-01 0.300E-01 0.300E-01 0.300E-01 -0.238E-06 0.119E-06 0.119E-06 0.119E-06
0.119E-06 0. 0.500E-01 0.500E-01 0.500E-01 0.500E-01 0.119E-06 -0.358E-06 0.119E-06 0.119E-06 0.238E-06 0.119E-06 -0.119E-06 0.119E-06 0.119E-06 0.119E-06 0.119E-06 0.119E-06 0.119E-06 0. 0.300E-01 0. 0.119E-06 0.119E-06 -0.119E-06 0.119E-06 0.300E-01 0.300E-01 0.500E-01 0.300E-01 0.119E-06 0. 0.300E-01 0.300E-01 0.300E-01 0.107E-05 0. 0.119E-06 -0.119E-06 0.300E-01 0.300E-01 0.300E-01 0.300E-01 0.119E-06 -0.358E-06 0.300E-01 0.300E-01 0.238E-06 -0.358E-06 0.119E-06 0.119E-06 -0.358E-06 0.300E-01 -0.119E-06 0.300E-01 0.300E-01 0.300E-01 0.300E-01 0.119E-06 0.119E-06 0.358E-06 0.119E-06 0.119E-06
-0.119E-06 0.119E-06 0.500E-01 0.500E-01 0.500E-01 0.500E-01 0.119E-06 -0.358E-06 0.119E-06 -0.119E-06 0. -0.238E-06 0.119E-06 -0.119E-06 0.119E-06 0.119E-06 0.119E-06 0.119E-06 0.119E-06 0. 0.358E-06 -0.358E-06 0.119E-06 0.300E-01 0.300E-01 0.300E-01 0.300E-01 0.300E-01 0.500E-01 0.300E-01 -0.119E-06 0.119E-06 -0.238E-06 0. 0.300E-01 0.300E-01 0.300E-01 0.238E-06 0.300E-01 0.300E-01 0.300E-01 0.300E-01 0.300E-01 0.596E-06 0.358E-06 0.300E-01 0.300E-01 -0.238E-06 0.238E-06 0. 0. 0.119E-06 0.300E-01 0.119E-06 0.358E-06 0. 0.119E-06 -0.238E-06 -0.119E-06 0.119E-06 0.358E-06 0.119E-06 0.119E-06
0.500E-01 0.500E-01 -0.119E-06 -0.119E-06 -0.238E-06 0.238E-06 0. 0.238E-06 0.596E-06 0.119E-06 -0.119E-06 0.119E-06 0.119E-06 0.119E-06 0.238E-06 0.119E-06 0.300E-01 0. 0. 0.119E-06 0. 0.119E-06 -0.358E-06 0.300E-01 0.119E-06 0.596E-06 0.119E-06 0. 0.500E-01 0.500E-01 0. 0. -0.238E-06 -0.238E-06 0. 0. 0.238E-06 0.300E-01 -0.358E-06 0.300E-01 0.300E-01 0.300E-01 0.300E-01 0. 0.300E-01 0.300E-01 0.300E-01 0.300E-01 0. 0. 0. 0. -0.358E-06 0.358E-06 0.119E-06 0.119E-06 0. 0. 0.300E-01 0.300E-01 0.107E-05 0.500E-01 0.
0.500E-01 0.500E-01 0.119E-06 -0.119E-06 -0.119E-06 0.119E-06 0.500E-01 0.300E-01 0.238E-06 0.596E-06 0.119E-06 0.596E-06 0.119E-06 0.119E-06 0.500E-01 0. 0.119E-06 -0.238E-06 0.238E-06 0.238E-06 0.119E-06 -0.119E-06 0.477E-06 0.100 -0.238E-06 0.119E-06 -0.238E-06 0.119E-06 0.100 0.100 0.238E-06 0.119E-06 0.119E-06 -0.238E-06 0.119E-06 0. -0.119E-06 0.300E-01 0.300E-01 0.119E-06 0.119E-06 0.596E-06 -0.238E-06 0.119E-06 0.300E-01 0.300E-01 0.300E-01 0.300E-01 0. 0.119E-06 0.119E-06 0.119E-06 -0.119E-06 0.119E-06 0.119E-06 0. 0. 0.119E-06 0.300E-01 0.300E-01 0.300E-01 0.500E-01 -0.596E-06
0.500E-01 0.100 -0.119E-06 0.119E-06 0. -0.119E-06 0.500E-01 0.500E-01 0. 0. 0. -0.358E-06 0.500E-01 0.119E-06 0.500E-01 0.238E-06 0.119E-06 -0.119E-06 -0.238E-06 0.300E-01 0.300E-01 0.300E-01 0.119E-06 0.119E-06 0.119E-06 0.119E-06 0.119E-06 0.119E-06 0.500E-01 0.500E-01 0. -0.119E-06 -0.119E-06 0.119E-06 0. 0.119E-06 0.119E-06 0.119E-06 0.300E-01 0.119E-06 -0.119E-06 0.300E-01 -0.238E-06 0. 0.300E-01 0.300E-01 0.119E-06 0.119E-06 0. 0.119E-06 -0.119E-06 0.119E-06 -0.596E-06 0. 0. 0. 0. -0.119E-06 0.500E-01 0.119E-06 0.300E-01 0.119E-06 0.107E-05
0.500E-01 0.500E-01 0.500E-01 0. 0.119E-06 0.119E-06 0.500E-01 0.119E-06 0.119E-06 0.119E-06 0. 0. 0. 0.500E-01 0.100 -0.119E-06 0. 0. -0.119E-06 0.238E-06 -0.119E-06 0.119E-06 0.300E-01 0.300E-01 0.119E-06 0.119E-06 0. 0.119E-06 0.119E-06 0.119E-06 0.119E-06 0.119E-06 0.119E-06 0.119E-06 0.300E-01 -0.238E-06 -0.119E-06 0.358E-06 0.300E-01 0.300E-01 0.300E-01 0.300E-01 0.300E-01 0.300E-01 0.300E-01 0.300E-01 -0.238E-06 -0.119E-06 0. 0. 0.358E-06 -0.358E-06 -0.119E-06 0.119E-06 0.119E-06 0.119E-06 0. -0.119E-06 0.119E-06 0.119E-06 -0.119E-06 -0.119E-06 -0.358E-06
0.500E-01 0.500E-01 0.119E-06 0.119E-06 0.119E-06 0.119E-06 0.119E-06 0.119E-06 -0.119E-06 0.119E-06 0. 0.119E-06 0.300E-01 0.119E-06 -0.119E-06 -0.119E-06 0. 0.119E-06 0.119E-06 0.119E-06 0. -0.358E-06 0.119E-06 0.300E-01 0.300E-01 0.119E-06 0.500E-01 0.300E-01 0. -0.119E-06 0.119E-06 0.119E-06 0.119E-06 0.119E-06 0. 0.300E-01 0.477E-06 0.596E-06 0.300E-01 0.300E-01 -0.358E-06 0.300E-01 0.300E-01 0.300E-01 0.300E-01 0.119E-06 0.300E-01 0.300E-01 0.300E-01 0.119E-06 0.358E-06 -0.358E-06 0.119E-06 0.119E-06 0.119E-06 0.119E-06 0. 0.119E-06 -0.119E-06 0.119E-06 0.119E-06 0. 0.300E-01
0.119E-06 0.300E-01 -0.119E-06 -0.119E-06 0.119E-06 -0.119E-06 -0.238E-06 0.119E-06 0.119E-06 0.119E-06 0.119E-06 0.119E-06 0.119E-06 -0.119E-06 0.119E-06 0. -0.358E-06 0.119E-06 0. 0.300E-01 0.119E-06 0. 0.300E-01 0.300E-01 0.300E-01 0. 0.300E-01 0.300E-01 0.300E-01 0.300E-01 -0.104E-06 0.134E-06 -0.343E-06 0.300E-01 0. 0. 0. 0.300E-01 0.300E-01 0.300E-01 -0.119E-06 0.300E-01 0.300E-01 0.300E-01 0.300E-01 0.119E-06 -0.238E-06 0.300E-01 0.300E-01 0.300E-01 0.300E-01 0.119E-06 0.300E-01 0.119E-06 -0.119E-06 -0.238E-06 -0.358E-06 0.231E-06 0.119E-06 -0.238E-06 0.119E-06 -0.119E-06 0.300E-01
0.119E-06 0.119E-06 0.358E-06 0.500E-01 -0.119E-06 0.119E-06 0.238E-06 0.119E-06 0.119E-06 -0.238E-06 0.119E-06 0.119E-06 -0.119E-06 0.119E-06 -0.119E-06 0.119E-06 -0.119E-06 0.119E-06 0.119E-06 0.119E-06 0.300E-01 0.119E-06 0.119E-06 0.300E-01 0.300E-01 0.300E-01 0.300E-01 -0.358E-06 0.300E-01 0.119E-06 -0.119E-06 0.300E-01 0.300E-01 0.500E-01 0.119E-06 0.119E-06 0.119E-06 0. 0.300E-01 0.300E-01 0. -0.238E-06 0.300E-01 0.300E-01 0.300E-01 -0.119E-06 0.119E-06 0.300E-01 0.300E-01 0.300E-01 0.300E-01 0.300E-01 0.300E-01 0.300E-01 0.300E-01 0. 0.119E-06 0.119E-06 0.300E-01 0.300E-01 0.238E-06 -0.119E-06 0.
0.119E-06 0.500E-01 0.119E-06 0.358E-06 -0.119E-06 0. 0. 0.119E-06 0. -0.119E-06 0. -0.238E-06 0.112E-06 0.119E-06 -0.119E-06 0. 0. 0. 0.119E-06 0.119E-06 0.500E-01 0.500E-01 0.300E-01 0.300E-01 0.300E-01 0.300E-01 0.300E-01 0.119E-06 0.119E-06 0.119E-06 0.119E-06 0.300E-01 0.300E-01 0.300E-01 0.300E-01 0.119E-06 0.119E-06 0. 0.300E-01 0.300E-01 -0.834E-06 -0.358E-06 0.119E-06 0.300E-01 0.300E-01 0.300E-01 0. 0.300E-01 0.300E-01 0.300E-01 0.300E-01 0.300E-01 0.300E-01 0.300E-01 0.300E-01 0.119E-06 0.119E-06 -0.119E-06 0.300E-01 0.300E-01 0.119E-06 0.231E-06 0.231E-06
0. 0. 0.500E-01 0.500E-01 0.500E-01 -0.358E-06 0. 0.119E-06 0.238E-06 0.238E-06 0. 0. 0.300E-01 0.300E-01 0.119E-06 0. 0.300E-01 -0.238E-06 0.500E-01 0.500E-01 0.100 0.100 0.500E-01 0.500E-01 0.300E-01 0.500E-01 0.119E-06 0.119E-06 0.119E-06 0.119E-06 0.119E-06 0.119E-06 0.119E-06 0.300E-01 -0.358E-06 0.119E-06 0.119E-06 0.300E-01 0.300E-01 0.300E-01 0.300E-01 0.119E-06 -0.358E-06 0.238E-06 0.300E-01 0.300E-01 0.119E-06 0.300E-01 0.300E-01 0.300E-01 0.300E-01 0.300E-01 0.300E-01 0.300E-01 0.300E-01 0.300E-01 -0.238E-06 -0.119E-06 -0.238E-06 0.238E-06 0.119E-06 0.231E-06 0.119E-06
-0.119E-06 0. 0.500E-01 0.500E-01 0.500E-01 0.500E-01 0.596E-06 0.119E-06 0.596E-06 0.119E-06 0.300E-01 -0.238E-06 0.300E-01 0.119E-06 0.119E-06 0.119E-06 0.238E-06 0.119E-06 0.119E-06 0.500E-01 0.119E-06 0.119E-06 0. 0.500E-01 0. -0.477E-06 -0.358E-06 0.119E-06 -0.238E-06 0.119E-06 0.300E-01 0.119E-06 0.119E-06 0.300E-01 0.300E-01 0.300E-01 0.300E-01 0.300E-01 0.300E-01 0.300E-01 0.300E-01 0.119E-06 0.119E-06 0.119E-06 0.238E-06 0.119E-06 0.300E-01 -0.238E-06 0.300E-01 0.300E-01 0.300E-01 0.300E-01 0.300E-01 0.300E-01 0.500E-01 0.300E-01 0.300E-01 0.300E-01 0.300E-01 0.300E-01 0.300E-01 0.119E-06 0.231E-06
0.119E-06 0.119E-06 0.500E-01 0.500E-01 0.500E-01 0.500E-01 0. 0. 0. 0.119E-06 0.300E-01 0.300E-01 0.300E-01 0.300E-01 0.300E-01 0.300E-01 0.300E-01 0.300E-01 0.500E-01 0.119E-06 0.119E-06 0.119E-06 0.119E-06 -0.119E-06 0.238E-06 0.119E-06 0.358E-06 0.358E-06 0.119E-06 0.119E-06 0.300E-01 0.119E-06 -0.238E-06 0.238E-06 0.300E-01 0.300E-01 0.300E-01 0.119E-06 -0.119E-06 0.300E-01 0.300E-01 -0.358E-06 0.119E-06 0.477E-06 0.596E-06 0.119E-06 0.300E-01 0.596E-06 0.300E-01 0.300E-01 0.300E-01 0.300E-01 0.300E-01 0.500E-01 0.500E-01 0.300E-01 0.300E-01 0.300E-01 0.300E-01 0.300E-01 0.300E-01 0.119E-06 -0.238E-06
0.119E-06 0.119E-06 0.500E-01 0.500E-01 0.500E-01 0.119E-06 -0.119E-06 0. 0.119E-06 -0.119E-06 0.300E-01 0.300E-01 0.300E-01 0.300E-01 0.300E-01 0.119E-06 0.119E-06 0. 0.119E-06 0.119E-06 -0.119E-06 -0.119E-06 0.119E-06 0.119E-06 0.119E-06 -0.119E-06 0.300E-01 0.300E-01 0.119E-06 0.119E-06 0. 0.119E-06 -0.238E-06 0.238E-06 0.119E-06 -0.274E-05 0.119E-06 -0.119E-06 -0.119E-06 0.119E-06 0.300E-01 -0.834E-06 0.300E-01 0.300E-01 0.300E-01 0.300E-01 0.300E-01 0.300E-01 0.300E-01 0.300E-01 0.300E-01 0.300E-01 0.300E-01 0.500E-01 0.119E-06 0.119E-06 0.300E-01 0.119E-06 0.300E-01 0.300E-01 0.300E-01 0.119E-06 0.231E-06
0.119E-06 0.119E-06 0.500E-01 0.119E-06 0. 0.119E-06 -0.119E-06 -0.238E-06 0.119E-06 0.238E-06 0. 0.300E-01 0.300E-01 0.238E-06 -0.119E-06 0.119E-06 0.119E-06 0.300E-01 0.300E-01 0.119E-06 -0.119E-06 -0.238E-06 0.119E-06 0.119E-06 0.119E-06 0.119E-06 0.500E-01 0.300E-01 -0.358E-06 -0.119E-06 0.500E-01 0.500E-01 0.119E-06 0.119E-06 0.477E-06 0.119E-06 0.300E-01 0.119E-06 -0.238E-06 -0.238E-06 0.300E-01 0.119E-06 0.300E-01 0.300E-01 0.300E-01 -0.596E-06 -0.119E-06 0.300E-01 0.300E-01 0.300E-01 0.300E-01 0.300E-01 0.500E-01 0.500E-01 0.300E-01 0.300E-01 0.300E-01 0.300E-01 0.300E-01 0.300E-01 0.300E-01 0.119E-06 0.231E-06
0.119E-06 -0.238E-06 0.300E-01 0.119E-06 0.300E-01 0.300E-01 0.119E-06 -0.119E-06 -0.119E-06 -0.119E-06 0.300E-01 0.300E-01 0.300E-01 0.300E-01 0.119E-06 0.119E-06 -0.119E-06 0. -0.358E-06 0.119E-06 -0.119E-06 -0.238E-06 0.300E-01 0.119E-06 0.119E-06 0.300E-01 0.300E-01 0.300E-01 0. 0.119E-06 0.596E-06 0.596E-06 0.300E-01 0.119E-06 -0.119E-06 -0.358E-06 -0.131E-05 -0.179E-05 0.119E-06 0.155E-05 0.596E-06 0.298E-05 0.300E-01 0.300E-01 0.300E-01 0.300E-01 -0.596E-06 -0.596E-06 0.300E-01 0.300E-01 0.300E-01 0.300E-01 0.300E-01 0.500E-01 0.300E-01 0.300E-01 0.119E-06 0.300E-01 0.300E-01 0.300E-01 0.300E-01 0. 0.231E-06
0.596E-06 0.596E-06 0.119E-06 -0.119E-06 0. 0.119E-06 0.500E-01 0.500E-01 0.500E-01 0.500E-01 0.300E-01 0.300E-01 0.238E-06 0.119E-06 0.119E-06 0.119E-06 -0.119E-06 -0.119E-06 0.300E-01 0.300E-01 0.119E-06 0.300E-01 0.300E-01 0.300E-01 0.300E-01 0.300E-01 -0.238E-06 -0.119E-06 0.238E-06 -0.238E-06 0.119E-06 -0.119E-06 0.358E-06 -0.358E-06 0.119E-06 0.596E-06 0.358E-06 0.477E-06 0.238E-06 0.119E-06 -0.238E-06 0.119E-06 0.536E-05 0.300E-01 0.300E-01 0.119E-06 0.300E-01 0.119E-06 -0.596E-06 0.119E-06 -0.238E-06 0.300E-01 0.300E-01 0.300E-01 0.300E-01 0.300E-01 0.119E-06 0. 0.119E-06 -0.358E-06 0.119E-06 -0.238E-06 0.119E-06
-0.119E-06 0.119E-06 0.300E-01 0.500E-01 0.500E-01 0.119E-06 0.500E-01 0.500E-01 0.500E-01 0.500E-01 0.119E-06 0.119E-06 0.119E-06 0.500E-01 0.358E-06 0.119E-06 0.119E-06 0. 0.300E-01 0.358E-06 0.300E-01 0.300E-01 0.300E-01 0.300E-01 0.300E-01 0.300E-01 -0.238E-06 0.119E-06 0. -0.238E-06 0.119E-06 0.119E-06 0. 0.119E-06 0.119E-06 0. 0.119E-06 -0.119E-06 0.119E-06 -0.358E-06 0.119E-06 0.119E-06 0.918E-05 0.300E-01 0.300E-01 0.300E-01 0.300E-01 0.596E-06 -0.238E-06 0.231E-06 0.155E-05 -0.358E-06 -0.238E-06 0.238E-06 0.358E-06 -0.238E-06 0.112E-06 0.119E-06 0.238E-06 0.596E-06 0.119E-06 0. 0.112E-06
0.119E-06 0.119E-06 0.119E-06 0.119E-06 0.119E-06 0. 0.119E-06 0.119E-06 0.119E-06 -0.358E-06 0.119E-06 0.300E-01 0.119E-06 0. 0.119E-06 -0.119E-06 -0.119E-06 0.500E-01 0.119E-06 -0.119E-06 0.300E-01 0.300E-01 0.238E-06 0.300E-01 0.300E-01 0.500E-01 0.119E-06 0.300E-01 0.119E-06 0.300E-01 0.300E-01 0.238E-06 0. -0.119E-06 0.300E-01 0. 0.300E-01 0.119E-06 0.300E-01 0.231E-06 0.119E-06 0.119E-06 0.775E-05 0.632E-05 0.346E-05 0.300E-01 0.823E-05 0.119E-06 0.119E-06 -0.238E-06 0.155E-05 0.596E-06 -0.119E-06 -0.358E-06 -0.745E-08 0.112E-06 -0.745E-08 -0.745E-08 0.231E-06 -0.358E-06 -0.596E-06 -0.745E-08 -0.745E-08
0.119E-06 0.119E-06 0.119E-06 0.119E-06 0.119E-06 -0.238E-06 -0.358E-06 0.119E-06 0.119E-06 0. 0.119E-06 0.119E-06 0.119E-06 -0.358E-06 0.596E-06 0.119E-06 0. 0.300E-01 0.300E-01 0.300E-01 0.300E-01 0.119E-06 0.119E-06 0.119E-06 0. -0.119E-06 0.238E-06 0.300E-01 0.119E-06 0.300E-01 -0.238E-06 0.238E-06 0.119E-06 0.119E-06 -0.238E-06 0.300E-01 0.500E-01 0. 0.300E-01 0.238E-06 0.119E-06 0.300E-01 0.300E-01 0.119E-06 0.300E-01 0.300E-01 -0.119E-06 0.632E-05 0.119E-06 -0.358E-06 0.119E-06 0.596E-06 0.119E-06 -0.358E-06 -0.358E-06 0.231E-06 -0.745E-08 -0.358E-06 0.596E-06 -0.127E-06 -0.745E-08 -0.745E-08 -0.119E-06
0.119E-06 0.119E-06 -0.238E-06 0. 0.500E-01 0.500E-01 0.596E-06 0.358E-06 0.119E-06 0. 0.119E-06 -0.119E-06 0. 0.238E-06 0.119E-06 0.119E-06 0.119E-06 0.300E-01 0.119E-06 0.300E-01 0.119E-06 0.119E-06 0.119E-06 0.119E-06 0.119E-06 0. 0.300E-01 -0.119E-06 0.119E-06 0.119E-06 -0.119E-06 0.238E-06 0.238E-06 -0.119E-06 0.500E-01 0.500E-01 0.500E-01 -0.238E-06 0.300E-01 -0.119E-06 0.238E-06 0.119E-06 0.300E-01 0.300E-01 0.300E-01 0.300E-01 -0.238E-06 0.119E-06 0.775E-05 -0.119E-06 0.155E-05 0.119E-06 -0.358E-06 0.119E-06 -0.358E-06 0.119E-06 0.119E-06 -0.119E-06 0.119E-06 -0.745E-08 -0.745E-08 -0.745E-08 -0.119E-06
0.119E-06 0.119E-06 0.119E-06 0. 0.500E-01 0.358E-06 0.596E-06 0.119E-06 0.119E-06 0.119E-06 -0.119E-06 0.238E-06 0.500E-01 -0.238E-06 0.500E-01 0.500E-01 0.500E-01 0. -0.119E-06 0.238E-06 0. 0.119E-06 0.119E-06 -0.238E-06 0.119E-06 -0.238E-06 0.238E-06 0. 0.300E-01 0.119E-06 0.119E-06 0.238E-06 0. 0.500E-01 0.500E-01 0.119E-06 0.119E-06 0. 0.119E-06 -0.119E-06 -0.119E-06 -0.119E-06 -0.238E-06 0.231E-06 -0.238E-06 0.119E-06 0.119E-06 0.119E-06 -0.274E-05 0.119E-06 -0.358E-06 0.119E-06 0.119E-06 -0.358E-06 0.596E-06 -0.119E-06 0.119E-06 0.119E-06 -0.745E-08 -0.745E-08 -0.745E-08 -0.745E-08 -0.745E-08
0.500E-01 0. 0.100 0.500E-01 0.500E-01 0.500E-01 0.119E-06 0.119E-06 0.119E-06 0.119E-06 0. -0.119E-06 0.119E-06 0.119E-06 0. 0.119E-06 0.500E-01 0.119E-06 0. -0.119E-06 0.238E-06 0.300E-01 0. 0.238E-06 0.119E-06 -0.238E-06 0.300E-01 -0.238E-06 -0.238E-06 0.119E-06 0.238E-06 0.300E-01 0.119E-06 0.500E-01 0.100 0.119E-06 0.119E-06 0.500E-01 0.119E-06 0.119E-06 0.119E-06 0.119E-06 0.119E-06 -0.119E-06 -0.119E-06 0.358E-06 0.596E-06 -0.358E-06 -0.370E-05 -0.119E-06 0.596E-06 -0.834E-06 -0.358E-06 -0.358E-06 0.596E-06 0.119E-06 -0.358E-06 -0.358E-06 0.112E-06 0.119E-06 -0.745E-08 -0.745E-08 -0.246E-06
