share/VS_Project/swb/x64/Debug/MASS_BALANCE_07_21_1989.asc
NCOLS        340
NROWS        316
XLLCORNER     528502.530
YLLCORNER     274871.653
CELLSIZE        100.000
NODATA_VALUE    -9999.000
[rows 135 to 161 of 316, columns 183 to 243 of 340]
0.300E-01 -0.104E-06 -0.104E-06 -0.104E-06 -0.104E-06 0.500E-01 -0.104E-06 -0.104E-06 0.800E-01 0.500E-01 0.500E-01 -0.104E-06 0.179E-06 0.745E-07 0.800E-01 0.500E-01 0.149E-07 0.500E-01 0.500E-01 0.500E-01 0.500E-01 0.500E-01 -0.536E-06 0.238E-06 0.745E-07 0.194E-06 0.298E-07 0.500E-01 -0.104E-06 -0.104E-06 -0.104E-06 0.100 0.100 0.100 0.500E-01 -0.104E-06 -0.104E-06 0.500E-01 0.100 0.100 0.100 0.100 0.100 0.100 0.100 0.100 0.500E-01 -0.104E-06 -0.104E-06 -0.104E-06 -0.104E-06 0.500E-01 0.100 0.500E-01 0.500E-01 0.500E-01 -0.104E-06 -0.104E-06 -0.104E-06 -0.104E-06 -0.104E-06
0.300E-01 -0.104E-06 -0.104E-06 0.500E-01 -0.894E-07 0.500E-01 -0.104E-06 -0.104E-06 0.800E-01 0.500E-01 -0.104E-06 0.500E-01 0.179E-06 0.800E-01 0.800E-01 0.500E-01 -0.104E-06 -0.104E-06 0.500E-01 -0.104E-06 -0.104E-06 -0.104E-06 0.373E-06 0.373E-06 0.469E-06 -0.745E-07 -0.298E-07 -0.522E-07 0.300E-01 0.298E-07 0.500E-01 0.100 0.100 -0.104E-06 -0.104E-06 -0.104E-06 -0.104E-06 0.500E-01 0.100 0.100 0.100 0.100 0.100 0.100 0.100 0.100 0.500E-01 -0.104E-06 0.500E-01 0.500E-01 0.500E-01 0.500E-01 0.500E-01 -0.104E-06 -0.104E-06 0.500E-01 -0.104E-06 -0.104E-06 -0.104E-06 -0.104E-06 -0.104E-06
0.300E-01 -0.104E-06 0.500E-01 0.300E-01 -0.894E-07 0.500E-01 -0.104E-06 0.500E-01 0.100 0.100 -0.104E-06 0.500E-01 0. 0.800E-01 0.800E-01 -0.104E-06 -0.104E-06 -0.104E-06 -0.104E-06 -0.104E-06 -0.104E-06 -0.104E-06 0.300E-01 -0.104E-06 -0.104E-06 -0.104E-06 -0.104E-06 -0.268E-06 0.112E-06 0.500E-01 -0.104E-06 0.100 0.100 -0.104E-06 -0.104E-06 -0.104E-06 -0.104E-06 0.500E-01 0.100 0.100 0.500E-01 0.500E-01 0.500E-01 0.500E-01 0.500E-01 0.100 0.500E-01 -0.104E-06 -0.104E-06 -0.104E-06 -0.104E-06 -0.104E-06 -0.104E-06 -0.104E-06 -0.104E-06 -0.104E-06 -0.104E-06 -0.104E-06 -0.104E-06 -0.104E-06 -0.104E-06
0.300E-01 0.500E-01 0.500E-01 0.300E-01 -0.894E-07 -0.119E-06 0.500E-01 0.500E-01 0.100 0.500E-01 -0.104E-06 0.500E-01 0.112E-06 -0.104E-06 0.800E-01 -0.104E-06 -0.104E-06 -0.104E-06 -0.104E-06 -0.104E-06 -0.104E-06 -0.104E-06 -0.104E-06 0.300E-01 0.300E-01 -0.104E-06 -0.104E-06 0.373E-06 0.500E-01 0.500E-01 0.500E-01 0.100 0.500E-01 0.500E-01 0.500E-01 -0.104E-06 -0.104E-06 0.500E-01 0.100 0.100 0.500E-01 0.500E-01 -0.104E-06 -0.104E-06 -0.104E-06 0.500E-01 0.500E-01 -0.104E-06 -0.104E-06 -0.104E-06 -0.104E-06 -0.104E-06 -0.104E-06 -0.104E-06 -0.104E-06 -0.104E-06 -0.104E-06 -0.104E-06 -0.104E-06 -0.104E-06 -0.104E-06
0.300E-01 0.500E-01 0.100 0.500E-01 -0.104E-06 0.500E-01 0.500E-01 0.500E-01 0.100 0.500E-01 -0.104E-06 -0.104E-06 0.500E-01 0.224E-07 0.800E-01 0.500E-01 0.500E-01 -0.104E-06 -0.104E-06 0.500E-01 -0.104E-06 -0.104E-06 -0.104E-06 0.300E-01 -0.104E-06 0.300E-01 -0.104E-06 0.373E-06 -0.104E-06 -0.104E-06 -0.104E-06 0.500E-01 0.500E-01 -0.104E-06 0.100 0.100 0.100 -0.104E-06 -0.104E-06 0.100 0.100 0.500E-01 -0.104E-06 0.500E-01 0.500E-01 -0.104E-06 0.500E-01 -0.104E-06 -0.104E-06 -0.104E-06 0.500E-01 -0.104E-06 -0.104E-06 -0.104E-06 -0.104E-06 -0.104E-06 -0.104E-06 -0.104E-06 -0.104E-06 -0.104E-06 -0.104E-06
0.500E-01 0.500E-01 0.500E-01 0.100 0.100 0.100 0.500E-01 -0.104E-06 0.800E-01 -0.104E-06 -0.104E-06 -0.104E-06 0.500E-01 -0.522E-07 0.100 0.500E-01 0.500E-01 0.500E-01 0.500E-01 -0.104E-06 -0.104E-06 -0.104E-06 -0.104E-06 0.300E-01 0.300E-01 -0.104E-06 0.300E-01 0.500E-01 -0.104E-06 -0.104E-06 -0.104E-06 -0.104E-06 -0.104E-06 0.500E-01 0.100 0.100 0.100 0.100 0.100 0.100 0.100 0.100 0.100 0.500E-01 -0.104E-06 -0.104E-06 0.500E-01 -0.104E-06 -0.104E-06 0.500E-01 0.500E-01 0.500E-01 -0.104E-06 -0.104E-06 -0.104E-06 -0.104E-06 -0.104E-06 -0.104E-06 -0.104E-06 -0.104E-06 -0.104E-06
0.500E-01 0.100 0.100 0.100 0.100 0.100 0.500E-01 -0.104E-06 0.500E-01 -0.104E-06 -0.104E-06 -0.104E-06 0.500E-01 0.100 0.100 0.100 -0.104E-06 0.500E-01 0.500E-01 -0.104E-06 -0.104E-06 -0.104E-06 0.300E-01 0.300E-01 0.300E-01 0.300E-01 0.300E-01 -0.104E-06 0.500E-01 -0.104E-06 -0.104E-06 -0.104E-06 0.500E-01 0.500E-01 -0.104E-06 0.100 0.100 0.500E-01 0.100 0.100 0.100 0.500E-01 0.100 0.100 0.100 -0.104E-06 0.100 -0.104E-06 -0.104E-06 0.500E-01 0.100 -0.104E-06 -0.104E-06 -0.104E-06 -0.104E-06 -0.104E-06 -0.104E-06 -0.104E-06 -0.104E-06 -0.104E-06 -0.104E-06
-0.104E-06 0.100 0.100 0.100 0.100 0.100 0.500E-01 -0.104E-06 0.100 0.500E-01 -0.104E-06 0.500E-01 0.100 0.100 0.500E-01 -0.104E-06 0.500E-01 0.500E-01 0.500E-01 -0.104E-06 -0.104E-06 -0.104E-06 -0.104E-06 -0.104E-06 -0.104E-06 0.300E-01 0.300E-01 -0.104E-06 0.400E-01 -0.104E-06 0.500E-01 0.500E-01 0.500E-01 0.500E-01 -0.104E-06 0.100 0.100 -0.104E-06 0.100 0.100 0.500E-01 -0.104E-06 -0.104E-06 0.100 0.100 0.100 0.100 0.500E-01 0.500E-01 0.100 0.100 0.500E-01 0.100 -0.104E-06 -0.104E-06 -0.104E-06 -0.104E-06 -0.104E-06 -0.104E-06 -0.104E-06 -0.104E-06
0.300E-01 -0.104E-06 0.100 0.100 0.100 0.100 0.100 0.500E-01 0.100 0.500E-01 0.500E-01 -0.104E-06 -0.104E-06 0.100 0.500E-01 -0.104E-06 -0.104E-06 -0.104E-06 -0.104E-06 -0.104E-06 0.300E-01 0.300E-01 -0.104E-06 -0.104E-06 -0.104E-06 0.300E-01 -0.104E-06 -0.104E-06 0.400E-01 -0.104E-06 -0.104E-06 -0.104E-06 0.500E-01 -0.104E-06 -0.104E-06 -0.104E-06 -0.104E-06 -0.104E-06 0.100 0.100 0.100 0.100 0.100 0.100 0.100 0.100 0.500E-01 0.500E-01 0.500E-01 0.500E-01 0.100 0.100 0.100 -0.104E-06 -0.104E-06 0.500E-01 0.500E-01 -0.104E-06 0.500E-01 0.500E-01 -0.104E-06
0.300E-01 0.500E-01 0.100 0.100 0.100 0.100 0.500E-01 0.500E-01 0.500E-01 0.100 0.500E-01 -0.104E-06 -0.104E-06 0.500E-01 0.500E-01 -0.104E-06 -0.104E-06 -0.104E-06 -0.104E-06 -0.104E-06 0.300E-01 0.500E-01 0.500E-01 -0.104E-06 -0.104E-06 0.300E-01 -0.104E-06 -0.104E-06 0.400E-01 -0.104E-06 -0.104E-06 -0.104E-06 -0.104E-06 -0.104E-06 -0.104E-06 -0.104E-06 -0.104E-06 -0.104E-06 -0.104E-06 0.500E-01 0.500E-01 -0.104E-06 -0.104E-06 0.100 0.500E-01 0.500E-01 0.500E-01 -0.104E-06 0.500E-01 0.500E-01 0.100 0.100 -0.104E-06 -0.104E-06 -0.104E-06 0.500E-01 -0.104E-06 -0.104E-06 -0.104E-06 0.500E-01 0.500E-01
0.500E-01 0.300E-01 0.100 0.100 0.100 0.100 -0.104E-06 0.500E-01 0.100 0.500E-01 0.500E-01 0.500E-01 -0.104E-06 0.500E-01 -0.104E-06 -0.104E-06 -0.104E-06 0.500E-01 0.500E-01 0.300E-01 0.300E-01 0.500E-01 -0.104E-06 -0.104E-06 0.300E-01 0.300E-01 -0.104E-06 -0.104E-06 0.373E-06 0.373E-06 -0.104E-06 0.300E-01 -0.104E-06 -0.104E-06 -0.104E-06 0.300E-01 0.500E-01 0.500E-01 0.500E-01 0.500E-01 0.500E-01 0.500E-01 -0.104E-06 0.500E-01 0.500E-01 0.500E-01 0.500E-01 -0.104E-06 0.300E-01 0.100 0.100 0.100 -0.104E-06 -0.104E-06 -0.104E-06 -0.104E-06 -0.104E-06 -0.104E-06 -0.104E-06 0.100 0.100
0.100 0.100 0.100 0.100 0.100 0.500E-01 0.500E-01 0.100 0.100 -0.104E-06 -0.104E-06 -0.104E-06 -0.104E-06 -0.104E-06 -0.104E-06 -0.104E-06 -0.104E-06 0.100 0.300E-01 0.300E-01 0.500E-01 0.100 -0.104E-06 -0.104E-06 0.300E-01 0.300E-01 -0.104E-06 -0.104E-06 0.373E-06 -0.104E-06 0.300E-01 0.300E-01 0.300E-01 0.300E-01 0.500E-01 0.500E-01 0.100 0.100 0.100 0.500E-01 0.500E-01 0.500E-01 0.100 -0.104E-06 0.500E-01 0.500E-01 -0.104E-06 -0.104E-06 0.500E-01 0.100 -0.104E-06 -0.104E-06 -0.104E-06 -0.104E-06 0.500E-01 0.500E-01 -0.104E-06 -0.104E-06 0.500E-01 0.100 0.500E-01
0.100 0.100 0.100 0.100 0.100 0.100 -0.104E-06 -0.104E-06 0.500E-01 0.500E-01 0.500E-01 -0.104E-06 -0.104E-06 -0.104E-06 -0.104E-06 -0.104E-06 -0.104E-06 0.100 -0.104E-06 0.300E-01 0.500E-01 0.500E-01 -0.104E-06 0.300E-01 0.300E-01 -0.104E-06 -0.104E-06 -0.104E-06 -0.104E-06 0.373E-06 0.300E-01 0.300E-01 0.300E-01 0.300E-01 -0.104E-06 -0.104E-06 0.500E-01 0.500E-01 0.500E-01 0.500E-01 0.100 0.100 -0.104E-06 -0.104E-06 -0.104E-06 -0.104E-06 -0.104E-06 -0.104E-06 0.500E-01 0.100 -0.104E-06 -0.104E-06 -0.104E-06 -0.104E-06 0.500E-01 0.100 0.500E-01 0.500E-01 0.100 0.500E-01 -0.104E-06
0.100 0.100 0.100 0.100 0.100 0.100 0.500E-01 0.500E-01 -0.104E-06 -0.104E-06 0.500E-01 0.500E-01 0.500E-01 -0.104E-06 -0.104E-06 -0.104E-06 0.500E-01 0.500E-01 -0.104E-06 0.300E-01 0.500E-01 0.500E-01 -0.104E-06 0.300E-01 0.300E-01 -0.104E-06 -0.104E-06 -0.104E-06 -0.104E-06 0.373E-06 0.300E-01 0.300E-01 0.300E-01 0.300E-01 0.300E-01 -0.104E-06 0.500E-01 -0.104E-06 -0.104E-06 0.500E-01 0.500E-01 -0.104E-06 -0.104E-06 -0.104E-06 -0.104E-06 -0.104E-06 0.500E-01 -0.104E-06 0.500E-01 0.100 -0.104E-06 -0.104E-06 0.500E-01 -0.104E-06 0.500E-01 0.100 0.500E-01 0.100 -0.104E-06 -0.104E-06 -0.104E-06
-0.104E-06 -0.104E-06 0.100 0.100 0.100 0.100 0.100 0.100 0.100 0.100 0.100 0.100 0.100 0.500E-01 0.500E-01 0.500E-01 0.500E-01 0.500E-01 -0.104E-06 0.373E-06 -0.104E-06 0.500E-01 -0.104E-06 -0.104E-06 -0.104E-06 -0.104E-06 -0.104E-06 -0.104E-06 -0.104E-06 -0.104E-06 -0.104E-06 0.300E-01 0.300E-01 0.300E-01 0.300E-01 -0.104E-06 0.300E-01 0.500E-01 0.500E-01 -0.104E-06 -0.104E-06 -0.104E-06 -0.238E-06 0. -0.104E-06 -0.104E-06 -0.104E-06 -0.104E-06 -0.104E-06 0.100 0.500E-01 -0.104E-06 -0.104E-06 -0.104E-06 0.500E-01 0.100 -0.104E-06 -0.104E-06 0.500E-01 0.500E-01 0.500E-01
0.373E-06 -0.104E-06 0.500E-01 0.100 -0.104E-06 0.500E-01 -0.104E-06 0.100 0.100 0.100 0.100 0.100 0.100 0.500E-01 0.500E-01 0.108E-01 0.500E-01 -0.104E-06 0.300E-01 0.300E-01 0.500E-01 0.300E-01 0.300E-01 0.300E-01 0.300E-01 -0.104E-06 -0.104E-06 -0.104E-06 -0.104E-06 0.300E-01 -0.104E-06 0.300E-01 -0.104E-06 -0.104E-06 0.300E-01 -0.104E-06 0.300E-01 0.300E-01 0.300E-01 0.300E-01 0.300E-01 -0.104E-06 -0.104E-06 -0.104E-06 0.800E-01 -0.104E-06 0. 0. -0.104E-06 -0.104E-06 0.500E-01 -0.104E-06 -0.104E-06 -0.104E-06 0.500E-01 0.100 0.500E-01 -0.104E-06 0.500E-01 -0.104E-06 0.500E-01
0.500E-01 0.373E-06 0.373E-06 0.373E-06 -0.104E-06 0.300E-01 0.500E-01 0.300E-01 0.300E-01 -0.104E-06 0.500E-01 0.500E-01 0.500E-01 0.100 0.100 0.100 0.300E-01 0.300E-01 0.300E-01 0.300E-01 0.500E-01 0.300E-01 0.300E-01 0.300E-01 -0.104E-06 0.300E-01 -0.104E-06 0.300E-01 0.300E-01 0.300E-01 -0.104E-06 -0.104E-06 0.447E-07 -0.104E-06 -0.104E-06 0. 0.500E-01 -0.104E-06 0.300E-01 0.300E-01 0.300E-01 0.300E-01 0.500E-01 0.373E-06 -0.104E-06 -0.104E-06 -0.104E-06 0.300E-01 0.300E-01 0.300E-01 0.500E-01 -0.104E-06 -0.104E-06 -0.104E-06 -0.104E-06 0.500E-01 -0.104E-06 0.300E-01 0.500E-01 -0.104E-06 0.500E-01
0.500E-01 0.400E-01 0.500E-01 0.373E-06 0.373E-06 0.300E-01 0.500E-01 0.500E-01 0.500E-01 0.500E-01 0.500E-01 0.500E-01 0.100 0.500E-01 0.500E-01 0.100 -0.104E-06 0.300E-01 0.500E-01 0.100 0.500E-01 0.500E-01 0.300E-01 0.300E-01 0.500E-01 -0.104E-06 -0.104E-06 0.300E-01 0.300E-01 0.300E-01 -0.104E-06 0.500E-01 -0.104E-06 -0.596E-07 0. 0. 0. -0.104E-06 -0.104E-06 0.300E-01 0.300E-01 0.300E-01 -0.104E-06 -0.104E-06 -0.104E-06 -0.104E-06 0.300E-01 0.300E-01 0.300E-01 -0.104E-06 -0.104E-06 -0.104E-06 -0.104E-06 -0.104E-06 -0.104E-06 0.300E-01 0.300E-01 0.300E-01 0.500E-01 -0.104E-06 -0.104E-06
0.500E-01 0.100 -0.104E-06 0.500E-01 0.500E-01 -0.104E-06 0.500E-01 0.100 0.100 0.500E-01 0.500E-01 0.100 0.100 -0.104E-06 0.500E-01 0.100 0.500E-01 0.373E-06 -0.104E-06 0.500E-01 0.500E-01 -0.104E-06 0.300E-01 -0.104E-06 -0.104E-06 -0.104E-06 -0.104E-06 -0.104E-06 0.300E-01 0.300E-01 0.500E-01 -0.104E-06 0.119E-06 0.149E-07 0. 0. 0. -0.104E-06 -0.104E-06 0.300E-01 0.373E-06 0.500E-01 -0.104E-06 -0.104E-06 -0.104E-06 -0.104E-06 0.300E-01 0.300E-01 0.300E-01 -0.104E-06 0.500E-01 -0.104E-06 -0.104E-06 -0.104E-06 -0.104E-06 0.300E-01 0.300E-01 0.300E-01 -0.104E-06 -0.104E-06 -0.104E-06
0.500E-01 0.100 0.500E-01 0.500E-01 0.100 0.300E-01 0.500E-01 0.100 0.100 0.100 0.100 0.100 0.100 -0.104E-06 0.500E-01 0.100 0.500E-01 0.373E-06 0.300E-01 0.300E-01 0.300E-01 0.300E-01 -0.104E-06 0.300E-01 -0.104E-06 0.373E-06 0.373E-06 -0.104E-06 0.300E-01 0.300E-01 -0.104E-06 -0.894E-07 0.500E-01 -0.104E-06 0. 0. 0. -0.104E-06 -0.104E-06 -0.104E-06 0.300E-01 0.373E-06 -0.104E-06 -0.104E-06 -0.104E-06 -0.104E-06 0.300E-01 -0.104E-06 -0.104E-06 -0.104E-06 -0.104E-06 -0.104E-06 -0.104E-06 -0.104E-06 -0.104E-06 0.300E-01 0.500E-01 0.500E-01 -0.104E-06 -0.104E-06 -0.104E-06
0.500E-01 0.100 0.100 0.100 0.100 0.100 0.300E-01 0.100 0.100 0.100 0.500E-01 0.500E-01 -0.104E-06 0.500E-01 0.500E-01 -0.104E-06 -0.104E-06 0.500E-01 -0.104E-06 0.300E-01 0.300E-01 0.300E-01 0.300E-01 0.300E-01 0.300E-01 0.373E-06 0.373E-06 -0.104E-06 0.500E-01 0.500E-01 0.500E-01 -0.104E-06 -0.104E-06 0.500E-01 -0.104E-06 -0.104E-06 0.500E-01 -0.104E-06 -0.104E-06 -0.104E-06 0.300E-01 -0.104E-06 -0.104E-06 0.300E-01 -0.104E-06 -0.104E-06 -0.104E-06 0.300E-01 0.300E-01 0.300E-01 -0.104E-06 -0.104E-06 -0.104E-06 -0.104E-06 0.500E-01 0.500E-01 0.500E-01 0.500E-01 0.500E-01 -0.104E-06 -0.104E-06
0.100 0.100 0.100 0.100 0.100 0.100 0.500E-01 0.500E-01 0.100 0.100 -0.104E-06 -0.104E-06 0.500E-01 -0.104E-06 -0.104E-06 -0.104E-06 -0.104E-06 0.373E-06 0.500E-01 -0.104E-06 0.300E-01 0.300E-01 0.300E-01 0.300E-01 0.300E-01 -0.104E-06 0.300E-01 -0.104E-06 0.500E-01 0.100 0.100 -0.104E-06 0.500E-01 -0.104E-06 -0.104E-06 0.300E-01 0.500E-01 0.500E-01 -0.104E-06 -0.104E-06 -0.104E-06 -0.104E-06 -0.104E-06 -0.104E-06 0.300E-01 0.300E-01 0.300E-01 0.300E-01 0.300E-01 0.300E-01 -0.104E-06 -0.104E-06 0.800E-01 0.500E-01 0.500E-01 0.100 0.500E-01 0.100 0.500E-01 0.500E-01 0.500E-01
0.100 0.100 0.100 0.100 0.100 0.100 0.100 0.500E-01 0.100 0.100 0.100 0.100 0.500E-01 -0.104E-06 -0.104E-06 0.500E-01 0.500E-01 0.500E-01 -0.104E-06 0.500E-01 0.500E-01 0.500E-01 0.300E-01 0.300E-01 0.500E-01 0.500E-01 0.300E-01 -0.104E-06 -0.104E-06 0.100 0.100 -0.104E-06 -0.104E-06 -0.104E-06 -0.104E-06 -0.104E-06 0.500E-01 0.500E-01 0.100 0.500E-01 -0.104E-06 -0.104E-06 -0.104E-06 -0.104E-06 0.300E-01 0.300E-01 0.300E-01 -0.104E-06 -0.104E-06 -0.104E-06 -0.104E-06 -0.104E-06 0.500E-01 0.500E-01 0.500E-01 0.500E-01 0.100 0.100 0.500E-01 0.500E-01 0.100
0.100 0.100 0.100 0.100 0.100 0.100 0.100 0.100 0.100 0.100 0.100 0.100 0.500E-01 -0.104E-06 -0.104E-06 0.500E-01 0.500E-01 0.500E-01 0.300E-01 0.500E-01 0.500E-01 -0.104E-06 0.300E-01 0.300E-01 -0.104E-06 0.100 0.300E-01 0.300E-01 -0.104E-06 0.100 0.500E-01 -0.104E-06 -0.104E-06 -0.104E-06 -0.104E-06 -0.104E-06 0.500E-01 -0.104E-06 0.500E-01 0.100 0.500E-01 -0.104E-06 -0.104E-06 -0.104E-06 -0.104E-06 -0.104E-06 -0.104E-06 -0.104E-06 -0.104E-06 -0.104E-06 -0.104E-06 -0.104E-06 -0.104E-06 0.100 0.100 0.500E-01 0.100 0.500E-01 0.500E-01 0.500E-01 0.500E-01
0.500E-01 0.100 0.500E-01 -0.104E-06 -0.104E-06 0.100 0.100 0.100 0.100 0.100 0.100 0.100 0.500E-01 -0.104E-06 -0.104E-06 0.373E-06 -0.104E-06 0.500E-01 0.300E-01 0.300E-01 0.300E-01 0.300E-01 0.300E-01 0.300E-01 -0.104E-06 0.500E-01 0.300E-01 0.373E-06 -0.104E-06 0.500E-01 -0.104E-06 -0.104E-06 -0.104E-06 0.300E-01 -0.104E-06 -0.104E-06 0.500E-01 0.500E-01 -0.104E-06 0.500E-01 -0.104E-06 -0.104E-06 -0.104E-06 0.300E-01 0.300E-01 -0.104E-06 -0.104E-06 -0.104E-06 -0.104E-06 0.500E-01 0.500E-01 -0.104E-06 -0.104E-06 -0.104E-06 0.500E-01 0.500E-01 -0.104E-06 -0.104E-06 -0.104E-06 -0.104E-06 -0.104E-06
0.500E-01 0.100 0.500E-01 0.500E-01 -0.104E-06 -0.104E-06 0.100 0.100 0.100 0.100 0.100 0.100 0.500E-01 -0.104E-06 -0.104E-06 -0.104E-06 -0.104E-06 0.300E-01 0.300E-01 0.500E-01 0.500E-01 0.300E-01 0.300E-01 0.500E-01 0.500E-01 0.100 0.500E-01 0.373E-06 0.373E-06 -0.104E-06 0.500E-01 -0.104E-06 0.500E-01 0.300E-01 0.373E-06 -0.104E-06 0.445E-01 0.500E-01 -0.104E-06 -0.104E-06 -0.104E-06 -0.104E-06 -0.104E-06 0.300E-01 0.300E-01 -0.104E-06 -0.104E-06 -0.104E-06 0.500E-01 0.500E-01 0.500E-01 -0.104E-06 -0.104E-06 -0.104E-06 0.500E-01 0.500E-01 -0.104E-06 0.500E-01 -0.104E-06 -0.104E-06 -0.104E-06
0.100 0.100 0.100 0.100 0.500E-01 -0.104E-06 0.500E-01 0.500E-01 0.100 0.100 0.100 0.100 0.500E-01 -0.104E-06 -0.104E-06 0.500E-01 -0.104E-06 0.500E-01 0.500E-01 0.500E-01 0.300E-01 0.300E-01 0.300E-01 0.500E-01 0.100 0.500E-01 0.500E-01 0.500E-01 0.373E-06 -0.104E-06 -0.104E-06 0.500E-01 -0.104E-06 0.300E-01 0.373E-06 0.500E-01 0.500E-01 0.500E-01 -0.104E-06 0.500E-01 -0.104E-06 -0.104E-06 -0.104E-06 0.300E-01 0.300E-01 -0.104E-06 -0.104E-06 0.500E-01 0.100 -0.104E-06 0.500E-01 0.500E-01 0.500E-01 -0.104E-06 -0.104E-06 0.500E-01 0.500E-01 0.500E-01 -0.104E-06 0.100 0.100
