share/VS_Project/swb/x64/Debug/MASS_BALANCE_08_17_1990.asc
NCOLS        340
NROWS        316
XLLCORNER     528502.530
YLLCORNER     274871.653
CELLSIZE        100.000
NODATA_VALUE    -9999.000
[rows 28 to 55 of 316, columns 0 to 61 of 340]
0.500E-01 0.500E-01 0.100 0.100 0.100 0.500E-01 0.300E-01 0.671E-07 0.671E-07 -0.499E-06 0.500E-01 0.500E-01 0.500E-01 0.300E-01 0.300E-01 0.300E-01 0.300E-01 0.300E-01 0.300E-01 -0.224E-07 0.596E-07 -0.224E-07 0.596E-07 -0.224E-07 0.800E-01 -0.119E-06 0.596E-07 -0.149E-06 0.596E-07 0.671E-07 0.596E-07 0.596E-07 0.671E-07 0.500E-01 0.500E-01 0.500E-01 0.500E-01 0.500E-01 0.500E-01 0.500E-01 0.500E-01 0.500E-01 0.500E-01 0.500E-01 0.500E-01 0.500E-01 0.500E-01 0.500E-01 0. 0. 0. 0. 0.500E-01 0.100 0.500E-01 0.500E-01 0.500E-01 0.500E-01 0.500E-01 0.596E-07 0.596E-07 0.500E-01
0.500E-01 0.100 0.100 0.100 0.100 0.300E-01 0.300E-01 -0.224E-07 -0.224E-07 -0.224E-07 0.300E-01 0.300E-01 0.300E-01 -0.112E-06 0.300E-01 0.300E-01 0.300E-01 0.500E-01 -0.522E-07 0.969E-07 0.596E-07 -0.224E-07 0.500E-01 0.596E-07 -0.224E-07 0.500E-01 0.500E-01 0.596E-07 0.671E-07 0.596E-07 -0.298E-07 0.500E-01 0.500E-01 0.500E-01 0.500E-01 0.500E-01 0.500E-01 0.500E-01 0.500E-01 0.500E-01 0.500E-01 0.500E-01 0.500E-01 0.500E-01 0.500E-01 0.500E-01 0.500E-01 0. 0. 0. 0. 0.500E-01 0.500E-01 0.500E-01 0.500E-01 0.500E-01 0.500E-01 0.500E-01 0.500E-01 0.500E-01 0.500E-01 0.500E-01
0.500E-01 0.100 0.100 0.100 0.100 0.500E-01 0.300E-01 0.300E-01 -0.224E-07 -0.224E-07 0.300E-01 0.300E-01 0.300E-01 0.300E-01 -0.820E-07 -0.820E-07 0.209E-06 0.800E-01 -0.142E-06 0.127E-06 0.671E-07 -0.224E-07 0.500E-01 0.671E-07 0.500E-01 0.500E-01 0.500E-01 0.500E-01 0.500E-01 0.500E-01 0. 0.500E-01 0. 0. 0.500E-01 0.500E-01 0.500E-01 0.500E-01 0.500E-01 0.500E-01 0.500E-01 0.500E-01 0.500E-01 0.500E-01 0.500E-01 0.500E-01 0. 0. 0. 0. 0. 0.500E-01 0.500E-01 0.500E-01 0.500E-01 0.500E-01 0.500E-01 0.500E-01 0.500E-01 0.500E-01 0.500E-01 0.596E-07
0.300E-01 0.100 0.100 0.100 0.596E-07 0.300E-01 0.300E-01 -0.112E-06 0.335E-06 -0.224E-07 0.300E-01 -0.112E-06 -0.112E-06 0.216E-06 0.209E-06 0.671E-07 0.596E-07 0.596E-07 -0.201E-06 0.596E-07 0.596E-07 -0.224E-07 0.500E-01 0.500E-01 0.500E-01 0.500E-01 0.500E-01 0.500E-01 0.500E-01 0.500E-01 0.500E-01 0.500E-01 0.500E-01 0.500E-01 0.500E-01 0. 0.500E-01 0.500E-01 0.500E-01 0.500E-01 0.500E-01 0.500E-01 0.500E-01 0.500E-01 0.500E-01 0. 0. 0. 0. 0. 0.500E-01 0.500E-01 0.500E-01 0.500E-01 0.500E-01 0.500E-01 0.500E-01 0.500E-01 0.500E-01 0.500E-01 0.500E-01 0.671E-07
0.596E-07 0.100 0.500E-01 0.596E-07 0.596E-07 0.300E-01 0.500E-01 0.596E-07 0.596E-07 0.335E-06 0.500E-01 0.500E-01 0.335E-06 0.596E-07 0.209E-06 0.209E-06 0.500E-01 0.500E-01 0.209E-06 0.969E-07 0.671E-07 0.500E-01 0.500E-01 0.500E-01 0.500E-01 0.500E-01 0.500E-01 0.500E-01 0.500E-01 0.500E-01 0.500E-01 0.500E-01 0.500E-01 0.500E-01 0.500E-01 0.500E-01 0.500E-01 0.500E-01 0.500E-01 0.500E-01 0.500E-01 0.500E-01 0.500E-01 0. 0. 0. 0. 0. 0. 0.500E-01 0.500E-01 0.500E-01 0.500E-01 0.500E-01 0.500E-01 0.500E-01 0.500E-01 0.500E-01 0.500E-01 0.500E-01 0.500E-01 0.671E-07
0.671E-07 0.500E-01 0.596E-07 0.596E-07 0.596E-07 0.417E-06 0.596E-07 0.500E-01 0.596E-07 0.596E-07 0.500E-01 0.500E-01 0.500E-01 0.100 0.500E-01 0.500E-01 0.500E-01 0.500E-01 0.100 0.500E-01 0.500E-01 0.500E-01 0.500E-01 0.500E-01 0. 0.500E-01 0.500E-01 0.500E-01 0.500E-01 0.500E-01 0.500E-01 0.500E-01 0.500E-01 0.500E-01 0.500E-01 0.500E-01 0.500E-01 0.500E-01 0.500E-01 0.100 0.100 0.500E-01 0.500E-01 0. 0. 0. 0. 0. 0. 0.500E-01 0.500E-01 0.500E-01 0.500E-01 0.500E-01 0.500E-01 0.500E-01 0.500E-01 0.500E-01 0.596E-07 0.500E-01 0.300E-01 0.500E-01
-0.298E-07 0.596E-07 0.596E-07 0.596E-07 0.596E-07 0.596E-07 0.596E-07 0.596E-07 0.500E-01 0.596E-07 0.500E-01 0.500E-01 0.500E-01 0.100 0.500E-01 0.500E-01 0.500E-01 0.500E-01 0.500E-01 0.500E-01 0.500E-01 0.500E-01 0.500E-01 0.500E-01 0.500E-01 0.500E-01 0.500E-01 0.500E-01 0.500E-01 0.500E-01 0.500E-01 0.500E-01 0.500E-01 0.500E-01 0.500E-01 0.500E-01 0.500E-01 0.500E-01 0.500E-01 0.500E-01 0.500E-01 0. 0. 0. 0. 0. 0. 0.596E-07 0.596E-07 0.500E-01 0.500E-01 0.500E-01 0.500E-01 0.500E-01 0.500E-01 0.500E-01 0.500E-01 0.500E-01 0.400E-01 0.500E-01 0.300E-01 0.127E-06
0.596E-07 0.596E-07 0.596E-07 0.596E-07 0.596E-07 0.596E-07 0.596E-07 0.500E-01 0.100 0.500E-01 0. 0. 0. 0. 0. 0.500E-01 0.500E-01 0.500E-01 0.500E-01 0.500E-01 0.500E-01 0.500E-01 0.500E-01 0.400E-01 0.500E-01 0.500E-01 0.500E-01 0.500E-01 0.596E-07 0.500E-01 0.500E-01 0.500E-01 0.500E-01 0.500E-01 0.500E-01 0.500E-01 0.500E-01 0.500E-01 0.500E-01 0. 0. 0. 0. 0.500E-01 -0.261E-06 0.596E-07 0.500E-01 0.100 0.100 0.500E-01 0.500E-01 0.500E-01 0.400E-01 0.500E-01 0.500E-01 0.500E-01 0.500E-01 0.500E-01 0.500E-01 0.500E-01 0.500E-01 0.156E-06
0.596E-07 0.500E-01 0.500E-01 0.500E-01 0.500E-01 0.500E-01 0.500E-01 0.100 0. 0. 0. 0.500E-01 0.500E-01 0. 0. 0. 0. 0. 0. 0. -0.119E-06 0.500E-01 0.894E-07 -0.119E-06 -0.119E-06 0.596E-07 0.500E-01 0.500E-01 0.596E-07 0.500E-01 0.500E-01 0.500E-01 0.179E-06 0.395E-06 0. 0. 0. 0. 0. 0. 0. 0.596E-07 0.596E-07 0.969E-07 -0.119E-06 0.596E-07 0.100 0.100 0.500E-01 0.500E-01 0.500E-01 0.100 0.500E-01 0.500E-01 0.500E-01 0.500E-01 0.500E-01 0.500E-01 0.500E-01 0.500E-01 0.300E-01 0.500E-01
0.596E-07 0.596E-07 0.500E-01 0.500E-01 0.500E-01 0.100 0.500E-01 0. 0. 0. 0.500E-01 0. 0. 0. 0. 0. 0. 0. 0. 0. -0.149E-06 0. 0.500E-01 0.500E-01 0.500E-01 0.500E-01 0.500E-01 0. 0. 0.596E-07 0.596E-07 0.500E-01 0.500E-01 0. 0. 0. 0. 0. 0. 0. 0. 0.685E-06 0.969E-07 0. 0.500E-01 0.100 0.500E-01 0.596E-07 0.500E-01 0.500E-01 0.500E-01 0.671E-07 0.671E-07 0.500E-01 0.500E-01 0.500E-01 0.500E-01 0.500E-01 0.500E-01 0.500E-01 0.500E-01 0.500E-01
0.596E-07 0.500E-01 0.500E-01 0.500E-01 0.100 0.500E-01 0. 0.500E-01 0.500E-01 0.100 0.400E-01 0.100 0.100 0.500E-01 0.500E-01 0. 0. 0. 0. 0. 0. 0. 0. 0. 0. 0. 0. 0. 0. 0. 0. 0. 0. 0. 0. 0. 0. 0. -0.149E-06 0. 0. 0.298E-07 -0.142E-06 0. 0.100 0.500E-01 0.596E-07 0.596E-07 0.596E-07 0.500E-01 0.596E-07 0.671E-07 0.671E-07 0.596E-07 0.500E-01 0.500E-01 0.500E-01 0.500E-01 0.500E-01 0.500E-01 0.500E-01 0.500E-01
0.500E-01 0.500E-01 0.500E-01 0.500E-01 0.500E-01 0. 0.500E-01 0.100 0.100 0.100 0.100 0.500E-01 0.500E-01 0. 0.596E-07 0.387E-06 0. 0. 0. 0. 0. 0. 0. 0.500E-01 0.500E-01 0.500E-01 0.500E-01 0.500E-01 0. 0. 0.500E-01 0. 0. 0. 0. 0. 0. 0. 0. 0. 0. 0. 0.596E-07 -0.596E-07 0.500E-01 0.500E-01 0.596E-07 0.500E-01 0.500E-01 0.417E-06 0.300E-01 0.596E-07 0.596E-07 0.500E-01 0.500E-01 0.500E-01 0.500E-01 0.500E-01 -0.596E-07 0.500E-01 0.500E-01 0.500E-01
0.500E-01 0.500E-01 0.500E-01 0.100 0. 0. 0.500E-01 0.596E-07 0.100 0.100 0.500E-01 0.500E-01 0. 0. 0. 0. 0. 0.149E-06 0.373E-07 -0.142E-06 0. 0. 0. 0. 0.500E-01 0.500E-01 0.500E-01 0.500E-01 0. 0. 0. 0. 0. 0. 0. 0. 0. 0. 0. 0.500E-01 0.500E-01 0.500E-01 0.596E-07 -0.596E-07 0.500E-01 0.500E-01 0.500E-01 0.596E-07 0.596E-07 0.596E-07 0.671E-07 0.671E-07 0.500E-01 0.500E-01 0.500E-01 0.500E-01 0.500E-01 0.500E-01 -0.596E-07 -0.596E-07 -0.596E-07 0.500E-01
0.500E-01 0.100 0.500E-01 0. 0. 0.596E-07 0.500E-01 0.500E-01 0. 0. 0. 0. 0. 0.500E-01 0.500E-01 0.500E-01 0.500E-01 0.500E-01 0.500E-01 0.500E-01 0.500E-01 0.500E-01 0.500E-01 0. 0. 0. 0. 0. 0. 0. 0. 0. 0. 0. 0.500E-01 0.500E-01 0.596E-07 0.596E-07 0.500E-01 0.500E-01 0.400E-01 0.596E-07 0.596E-07 0.596E-07 0.500E-01 0.500E-01 0.400E-01 0.400E-01 0.596E-07 -0.209E-06 0.300E-01 0.500E-01 0.500E-01 0.500E-01 -0.596E-07 0.500E-01 0.500E-01 0.500E-01 -0.596E-07 -0.596E-07 -0.596E-07 0.500E-01
0.500E-01 0.500E-01 0. 0. 0. 0. 0. 0. 0. 0. 0. 0.100 0.500E-01 0.500E-01 0.500E-01 0.500E-01 0.500E-01 0.500E-01 0.500E-01 0.500E-01 0.500E-01 0.500E-01 0.500E-01 0.400E-01 0.596E-07 0.500E-01 0. 0. 0. 0.500E-01 0.500E-01 0.500E-01 0.500E-01 0.500E-01 0.596E-07 0.596E-07 0.596E-07 0.596E-07 0.500E-01 0.500E-01 0.400E-01 0.596E-07 0.596E-07 -0.112E-06 0.500E-01 0.500E-01 0.400E-01 0.596E-07 0.596E-07 0.596E-07 0.300E-01 0.300E-01 0.500E-01 0.500E-01 0.500E-01 -0.596E-07 0.500E-01 0.500E-01 0.500E-01 0.500E-01 0.500E-01 0.500E-01
0.500E-01 0. 0. 0. 0. 0.596E-07 0. 0.387E-06 0.596E-07 0.596E-07 0.500E-01 0.500E-01 0.500E-01 0.500E-01 0.500E-01 0.500E-01 0.500E-01 0.500E-01 0.500E-01 0.500E-01 0.500E-01 0.596E-07 0.596E-07 0.400E-01 0.596E-07 0.596E-07 0.596E-07 0.596E-07 0.500E-01 0.500E-01 0.400E-01 0.400E-01 0.596E-07 0.500E-01 0.596E-07 0.596E-07 0.596E-07 0.400E-01 0.500E-01 0.400E-01 0.500E-01 0.596E-07 0.596E-07 0.596E-07 0.300E-01 0.500E-01 0.596E-07 0.596E-07 0.596E-07 0.417E-06 0.300E-01 0.300E-01 -0.596E-07 0.596E-07 0.596E-07 0.300E-01 0.596E-07 0.500E-01 0.500E-01 0.500E-01 0.500E-01 0.500E-01
0. 0. 0.500E-01 0.596E-07 0.596E-07 0.387E-06 0. 0.500E-01 0. 0.500E-01 0.100 0.500E-01 0.500E-01 0.500E-01 0.500E-01 0.500E-01 0.500E-01 0.500E-01 0.500E-01 0.500E-01 0.500E-01 0.596E-07 0.596E-07 0.596E-07 0.400E-01 0.596E-07 0.596E-07 0.596E-07 0.500E-01 0.500E-01 0.596E-07 0.596E-07 0.596E-07 0.596E-07 0.596E-07 0.596E-07 0.596E-07 0.500E-01 0.500E-01 0.500E-01 0.400E-01 0.400E-01 0.400E-01 0.596E-07 0.300E-01 0.800E-01 0.358E-06 0.417E-06 0.596E-07 0.300E-01 0.300E-01 0.500E-01 0.596E-07 0.596E-07 0.300E-01 0.300E-01 0.500E-01 0.500E-01 0.596E-07 0.596E-07 0.500E-01 0.500E-01
0. 0. 0. 0. 0. 0.500E-01 0.500E-01 0.100 0.500E-01 0.500E-01 0.500E-01 0.500E-01 0.500E-01 0.500E-01 0.500E-01 0.500E-01 0.500E-01 0.500E-01 0.500E-01 0.500E-01 0.596E-07 0.596E-07 0.596E-07 0.500E-01 0.400E-01 0.596E-07 0.596E-07 0.400E-01 0.596E-07 0.596E-07 0.596E-07 0.596E-07 0.596E-07 0.596E-07 0.596E-07 0.596E-07 0.596E-07 0.596E-07 0.596E-07 0.400E-01 0.500E-01 0.400E-01 0.671E-07 0.671E-07 0.596E-07 0.596E-07 0.300E-01 0.300E-01 -0.820E-07 -0.522E-07 0.500E-01 -0.119E-06 -0.596E-07 0.300E-01 0.300E-01 0.300E-01 0.300E-01 0.500E-01 0.500E-01 0.500E-01 0.500E-01 0.596E-07
0. -0.119E-06 0.596E-07 0.500E-01 0.500E-01 0.500E-01 0.500E-01 0.500E-01 0.500E-01 0.500E-01 0.500E-01 0.500E-01 0.500E-01 0.500E-01 0.500E-01 0.500E-01 0.500E-01 0.500E-01 0.500E-01 0.596E-07 0.596E-07 0.500E-01 0.500E-01 0.500E-01 0.400E-01 0.500E-01 0.596E-07 0.596E-07 0.596E-07 0.596E-07 0.596E-07 0.596E-07 0.596E-07 0.596E-07 0.400E-01 0.596E-07 0.596E-07 0.596E-07 0.596E-07 0.400E-01 0.500E-01 0.400E-01 0.671E-07 0.596E-07 0.671E-07 0.596E-07 0.300E-01 -0.522E-07 0.300E-01 0.300E-01 0.500E-01 -0.596E-07 0.500E-01 0.500E-01 0.500E-01 0.300E-01 0.300E-01 0.300E-01 0.596E-07 0.500E-01 0.500E-01 0.500E-01
0. 0.500E-01 0.500E-01 0.500E-01 0.500E-01 0.500E-01 0.500E-01 0.500E-01 0.500E-01 0.500E-01 0.500E-01 0.500E-01 0.500E-01 0.500E-01 0.500E-01 0.596E-07 0.500E-01 0.500E-01 0.500E-01 0.596E-07 0.596E-07 0.596E-07 0.400E-01 0.596E-07 0.596E-07 0.596E-07 0.596E-07 0.596E-07 0.596E-07 0.596E-07 0.596E-07 0.400E-01 0.400E-01 0.400E-01 0.596E-07 0.596E-07 0.400E-01 0.596E-07 0.596E-07 0.400E-01 0.500E-01 0.596E-07 0.596E-07 -0.224E-07 0.671E-07 0.596E-07 0.400E-01 0.300E-01 0.300E-01 0.500E-01 -0.522E-07 0.209E-06 0.209E-06 0.500E-01 0.500E-01 0.500E-01 0.500E-01 0.500E-01 0.500E-01 0.500E-01 0.500E-01 0.500E-01
0.596E-07 0.400E-01 0.500E-01 0.500E-01 0.500E-01 0.500E-01 0.500E-01 0.500E-01 0.500E-01 0.400E-01 0.500E-01 0.500E-01 0.500E-01 0.500E-01 0.500E-01 0.596E-07 0.500E-01 0.500E-01 0.500E-01 0.596E-07 0.596E-07 0.596E-07 0.596E-07 0.596E-07 0.596E-07 0.596E-07 0.596E-07 0.596E-07 0.596E-07 0.596E-07 0.400E-01 0.400E-01 0.596E-07 0.596E-07 0.596E-07 0.400E-01 0.400E-01 0.596E-07 0.596E-07 0.400E-01 0.400E-01 0.400E-01 0.400E-01 -0.820E-07 0.671E-07 0.671E-07 0.596E-07 0.500E-01 -0.171E-06 0.209E-06 -0.142E-06 0.216E-06 0.209E-06 0.500E-01 0.500E-01 0.500E-01 0.500E-01 -0.596E-07 -0.596E-07 -0.596E-07 0.596E-07 0.596E-07
0.500E-01 0.500E-01 0.500E-01 0.500E-01 0.500E-01 0.500E-01 0.500E-01 0.500E-01 0.500E-01 0.400E-01 0.596E-07 0.500E-01 0.500E-01 0.596E-07 0.596E-07 0.596E-07 0.500E-01 0.500E-01 0.596E-07 0.596E-07 0.596E-07 0.596E-07 0.596E-07 0.596E-07 0.596E-07 0.596E-07 0.596E-07 0.596E-07 0.596E-07 0.596E-07 0.400E-01 0.400E-01 0.596E-07 0.400E-01 0.400E-01 0.400E-01 0.500E-01 0.400E-01 0.400E-01 0.400E-01 0.400E-01 0.500E-01 0.500E-01 0.209E-06 0.671E-07 0.671E-07 0.596E-07 0.500E-01 0.156E-06 0.745E-08 0.300E-01 -0.596E-07 -0.596E-07 0.500E-01 0.500E-01 -0.596E-07 -0.596E-07 0.596E-07 0.300E-01 0.300E-01 0.300E-01 0.596E-07
0.500E-01 0.500E-01 0.500E-01 0.596E-07 0.500E-01 0.500E-01 0.500E-01 0.500E-01 0.500E-01 0.400E-01 0.596E-07 0.596E-07 0.596E-07 0.596E-07 0.596E-07 0.596E-07 0.500E-01 0.500E-01 0.500E-01 0.596E-07 0.400E-01 0.500E-01 0.596E-07 0.500E-01 0.500E-01 0.596E-07 0.596E-07 0.596E-07 0.596E-07 0.500E-01 0.596E-07 0.596E-07 0.596E-07 0.400E-01 0.400E-01 0.400E-01 0.400E-01 0.400E-01 0.400E-01 0.400E-01 0.500E-01 0.500E-01 0.500E-01 0.500E-01 0.500E-01 0.671E-07 0.400E-01 0.300E-01 0.596E-07 0.300E-01 0.300E-01 0.500E-01 0.500E-01 0.100 -0.596E-07 0.500E-01 -0.596E-07 0.300E-01 0.300E-01 0.300E-01 0.300E-01 0.596E-07
0.500E-01 0.500E-01 0.500E-01 0.500E-01 0.500E-01 0.500E-01 0.500E-01 0.400E-01 0.400E-01 0.596E-07 0.596E-07 0.596E-07 0.596E-07 0.596E-07 0.596E-07 0.596E-07 0.596E-07 0.596E-07 0.500E-01 0.500E-01 0.596E-07 0.596E-07 0.500E-01 0.500E-01 0.500E-01 0.596E-07 0.500E-01 0.596E-07 0.596E-07 0.596E-07 0.596E-07 0.596E-07 0.596E-07 0.596E-07 0.596E-07 0.400E-01 0.400E-01 0.400E-01 0.400E-01 0.500E-01 0.100 0.100 0.100 0.500E-01 0.400E-01 0.500E-01 0.300E-01 0.300E-01 -0.596E-07 0.300E-01 0.500E-01 0.500E-01 0.100 0.100 0.500E-01 0.500E-01 0.500E-01 0.500E-01 0.300E-01 0.300E-01 0.300E-01 0.596E-07
0.500E-01 0.500E-01 0.500E-01 0.500E-01 0.500E-01 0.500E-01 0.500E-01 0.596E-07 0.596E-07 0.596E-07 0.596E-07 0.596E-07 0.596E-07 0.596E-07 0.596E-07 0.596E-07 0.596E-07 0.596E-07 0.596E-07 0.500E-01 0.596E-07 0.596E-07 0.596E-07 0.596E-07 0.500E-01 0.596E-07 0.596E-07 0.596E-07 0.596E-07 0.596E-07 0.596E-07 0.596E-07 0.596E-07 0.596E-07 0.596E-07 0.596E-07 0.596E-07 0.400E-01 0.400E-01 0.100 0.500E-01 0.500E-01 0.500E-01 0.300E-01 0.300E-01 0.500E-01 0.300E-01 0.300E-01 0.300E-01 0.500E-01 0.100 0.500E-01 0.500E-01 0.500E-01 0.500E-01 0.300E-01 0.500E-01 0.300E-01 0.300E-01 0.300E-01 0.300E-01 0.596E-07
0.500E-01 0.596E-07 0.596E-07 0.596E-07 0.596E-07 0.596E-07 0.400E-01 0.596E-07 0.596E-07 0.596E-07 0.596E-07 0.400E-01 0.596E-07 0.400E-01 0.596E-07 0.596E-07 0.596E-07 0.596E-07 0.500E-01 0.596E-07 0.596E-07 0.596E-07 0.596E-07 0.596E-07 0.596E-07 0.596E-07 0.596E-07 0.596E-07 0.596E-07 0.596E-07 0.596E-07 0.596E-07 0.596E-07 0.596E-07 0.596E-07 0.596E-07 0.596E-07 0.500E-01 0.500E-01 0.300E-01 0.300E-01 0.300E-01 0.500E-01 0.300E-01 0.300E-01 0.300E-01 0.300E-01 0.300E-01 0.300E-01 0.800E-01 0.100 0.500E-01 0.500E-01 0.300E-01 0.300E-01 0.300E-01 0.300E-01 0.300E-01 0.300E-01 0.300E-01 -0.596E-07 -0.596E-07
0.500E-01 0.596E-07 0.596E-07 0.596E-07 0.596E-07 0.596E-07 0.400E-01 0.596E-07 0.400E-01 0.400E-01 0.596E-07 0.400E-01 0.596E-07 0.596E-07 0.596E-07 0.596E-07 0.596E-07 0.596E-07 0.500E-01 0.596E-07 0.596E-07 0.596E-07 0.500E-01 0.596E-07 0.500E-01 0.500E-01 0.596E-07 0.596E-07 0.596E-07 0.596E-07 0.596E-07 0.596E-07 0.596E-07 0.596E-07 0.400E-01 0.400E-01 0.500E-01 0.300E-01 0.300E-01 0.300E-01 0.300E-01 0.300E-01 0.300E-01 0.300E-01 0.300E-01 0.300E-01 0.300E-01 0.500E-01 0.500E-01 0.100 0.100 0.500E-01 0.300E-01 0.300E-01 0.300E-01 0.300E-01 0.300E-01 0.300E-01 0.300E-01 0.300E-01 0.300E-01 -0.596E-07
0.400E-01 0.596E-07 0.596E-07 0.400E-01 0.596E-07 0.596E-07 0.596E-07 0.596E-07 0.596E-07 0.596E-07 0.596E-07 0.596E-07 0.596E-07 0.596E-07 0.596E-07 0.596E-07 0.596E-07 0.596E-07 0.596E-07 0.500E-01 0.596E-07 0.596E-07 0.596E-07 0.596E-07 0.596E-07 0.596E-07 0.596E-07 0.596E-07 0.596E-07 0.596E-07 0.596E-07 0.596E-07 0.596E-07 0.596E-07 0.400E-01 0.500E-01 0.300E-01 -0.596E-07 0.300E-01 0.300E-01 0.300E-01 0.300E-01 0.596E-07 0.300E-01 0.300E-01 0.300E-01 0.500E-01 0.500E-01 0.300E-01 0.500E-01 0.100 0.500E-01 0.300E-01 0.300E-01 0.300E-01 0.300E-01 0.300E-01 0.300E-01 0.300E-01 0.300E-01 0.300E-01 -0.596E-07
