share/VS_Project/swb/x64/Debug/MASS_BALANCE_06_08_1989.asc
NCOLS        340
NROWS        316
XLLCORNER     528502.530
YLLCORNER     274871.653
CELLSIZE        100.000
NODATA_VALUE    -9999.000
[rows 224 to 255 of 316, columns 72 to 143 of 340]
0.477E-06 0.100 0.100 0.100 0.100 0.100 0.100 0.500E-01 0.500E-01 0. 0. 0. 0. 0.500E-01 0.100 0.500E-01 0.300E-01 0.500E-01 0.100 0.300E-01 0. 0.100 0.477E-06 0.300E-01 0.500E-01 0.500E-01 0.500E-01 0.500E-01 0.100 0.100 0.500E-01 0. 0. 0. 0.500E-01 0.500E-01 0.500E-01 -0.477E-06 0.500E-01 0.500E-01 0.500E-01 0.500E-01 0. 0. 0. 0. 0. 0. 0. 0.500E-01 0.500E-01 0.100 0. 0. 0.500E-01 0.500E-01 0. 0. 0.300E-01 0. 0.300E-01 0.500E-01 0. 0. 0. 0. 0. 0. 0.500E-01 0.500E-01 0. 0.
0.500E-01 0.100 0.100 0.100 0.100 0.100 0.100 0. 0. 0. 0. 0.500E-01 0.500E-01 0.500E-01 0.100 0.100 0.500E-01 0.500E-01 0.500E-01 0. 0. 0.100 0.477E-06 0.300E-01 0.500E-01 0.100 0.100 0.100 0.100 0.100 0. 0. 0. 0.500E-01 0.500E-01 0.100 0.100 0.477E-06 0.500E-01 0.100 0.500E-01 0.500E-01 0.500E-01 0.500E-01 0. 0. 0. 0. 0. 0.300E-01 0.500E-01 0.100 0.477E-06 0. 0. 0.500E-01 0.500E-01 0. 0. 0. 0. 0.300E-01 0.300E-01 0.300E-01 0. 0. 0. 0. 0. 0. 0. 0.300E-01
0.500E-01 0.500E-01 0.100 0.100 0.100 0.100 0.100 0.500E-01 0.500E-01 0.500E-01 0.100 0.100 0.100 0.500E-01 0.500E-01 0.500E-01 0.500E-01 0.100 0.300E-01 0. 0. 0.100 0. 0.500E-01 0.500E-01 0.100 0.100 0.100 0.100 0. 0. 0. 0.300E-01 0.500E-01 0.100 0.100 0.100 0.477E-06 0.500E-01 0.100 0.500E-01 0.500E-01 0.100 0.100 0.500E-01 0. 0. 0. 0. 0. 0.500E-01 0.500E-01 0.100 0.100 0.500E-01 0.100 0.500E-01 0. 0.300E-01 0.500E-01 0.500E-01 0.300E-01 0. 0. 0.500E-01 0. 0. 0. 0. 0. 0. 0.500E-01
0.477E-06 0.500E-01 0.100 0.100 0.100 0.100 0.100 0.100 0.100 0.100 0.100 0.100 0.100 0.100 0.500E-01 0.500E-01 0.100 0.500E-01 0.300E-01 0. 0.500E-01 0.100 0.500E-01 0. 0.500E-01 0.100 0.100 0.500E-01 0. 0. 0.300E-01 0.300E-01 0.500E-01 0.500E-01 0.100 0.100 0.100 0.477E-06 0.500E-01 0.100 0.500E-01 0.500E-01 0.500E-01 0.500E-01 0.500E-01 0. 0. 0. 0. 0. 0. 0.500E-01 0.100 0.100 0.500E-01 0.500E-01 0. 0. 0.500E-01 0.100 0. 0. 0. 0.300E-01 0. 0. 0. 0. 0. 0. 0.300E-01 0.300E-01
0.477E-06 0.477E-06 0.500E-01 0.100 0.100 0.100 0.100 0.100 0.100 0.100 0.100 0.100 0.100 0.100 0.100 0.100 0. 0. 0. 0. 0.500E-01 0.500E-01 0.300E-01 0.477E-06 0.500E-01 0.100 0.100 0. 0. 0. 0.300E-01 0. 0.500E-01 0.500E-01 0.500E-01 0.100 0.100 0. 0.500E-01 0.100 0. 0. 0. 0.500E-01 0.500E-01 0.300E-01 0. 0. 0. 0. 0.500E-01 0.100 0.100 0.100 0.500E-01 0.500E-01 0. 0.500E-01 0.100 0.100 0. 0. 0.500E-01 0.300E-01 0. 0. 0. 0. 0. 0. 0.300E-01 0.300E-01
0.477E-06 0.477E-06 0.477E-06 0.500E-01 0.100 0.100 0.100 0.100 0.100 0.100 0.100 0.100 0.100 0.100 0.100 0. 0. 0.300E-01 0. 0.500E-01 0. 0. 0.500E-01 0.300E-01 0. 0. 0.100 0. 0. 0. 0. 0. 0. 0. 0.500E-01 0.100 0.100 0. 0.500E-01 0.100 0. 0. 0. 0. 0.300E-01 0.300E-01 0. 0. 0. 0. 0.500E-01 0. 0.500E-01 0.100 -0.477E-06 0.500E-01 0. 0.100 0.100 0.100 0.500E-01 0. 0. 0. 0.300E-01 0.300E-01 0. 0. 0.300E-01 0. 0.300E-01 0.300E-01
0.477E-06 0.500E-01 0.500E-01 0.100 0.100 0.100 0.100 0.100 0.100 0.100 0.500E-01 0.500E-01 0.100 0.500E-01 0.500E-01 0. 0. 0. 0. 0. 0. 0. 0.500E-01 0.500E-01 0. 0.500E-01 0.100 0.100 0. 0. 0. 0.300E-01 0. 0.500E-01 0.100 0. 0. 0.500E-01 0.500E-01 0.500E-01 0.300E-01 0. 0. 0. 0. 0. 0. 0.500E-01 0. 0. 0. 0. 0. 0.500E-01 0.100 0.477E-06 0.100 0.100 0.100 0.100 0.100 0.100 0.100 0.500E-01 0.300E-01 0. 0. 0. 0. 0. 0. 0.300E-01
0.477E-06 0.477E-06 0.100 0.100 0.500E-01 0.500E-01 0.100 0.100 0.500E-01 0. 0.500E-01 0.100 0.100 0.500E-01 0.500E-01 0. 0. 0. 0. 0.100 0.477E-06 0.477E-06 0. 0.500E-01 0.477E-06 0.100 0.100 0.100 0. 0. 0. 0. 0.500E-01 0.100 0. 0. 0.500E-01 0.500E-01 0. 0. 0.300E-01 0. 0.500E-01 0. 0. 0. 0. 0.500E-01 0. 0.500E-01 0.500E-01 0.500E-01 0.500E-01 0.100 0.100 0.500E-01 0.100 0.100 0.100 0.100 0.100 0.100 0.100 0.100 0.300E-01 0.300E-01 0. 0. 0. 0.300E-01 0.300E-01 0.
0.500E-01 0.100 0.100 0.100 0.500E-01 0.500E-01 0.100 0.100 0. 0. 0.100 0.100 0.500E-01 0. 0. 0. 0. 0.500E-01 0.100 0. 0.477E-06 0. 0.100 0.100 0.100 0.100 0.100 0.100 0. 0. 0. 0.300E-01 0. 0.500E-01 0. 0. 0. 0.500E-01 0.500E-01 0.500E-01 0.300E-01 0. 0. 0.500E-01 0. 0. 0. 0. 0. 0. 0.300E-01 0.500E-01 0.500E-01 0.500E-01 0.100 0.477E-06 0.100 0.500E-01 0.300E-01 0.300E-01 0.500E-01 0.100 0. 0.100 0.300E-01 0.300E-01 0. 0. 0. 0. 0.300E-01 0.300E-01
0.100 0.100 0.100 0.100 0.500E-01 0.500E-01 0.100 0.500E-01 0.500E-01 0.500E-01 0.100 0.500E-01 0.500E-01 0.500E-01 0. 0.500E-01 0. 0.500E-01 0.500E-01 0.500E-01 0.100 0.100 0. 0. 0.500E-01 0.100 0.100 0. 0. 0. 0. 0. 0. 0. 0. 0. 0. -0.477E-06 0.500E-01 0.500E-01 0.500E-01 0.500E-01 0. 0. 0.500E-01 0.500E-01 0. 0.300E-01 0.500E-01 0. 0.300E-01 0.300E-01 0.300E-01 0.300E-01 0.500E-01 0.500E-01 0.100 0.500E-01 0.500E-01 0.300E-01 0. 0. 0. 0.500E-01 0.500E-01 0.300E-01 0. 0.500E-01 0.500E-01 0.500E-01 0.300E-01 0.300E-01
0.100 0.100 0.100 0.100 0.500E-01 0.500E-01 0.500E-01 0.500E-01 0.500E-01 0.500E-01 0.500E-01 0. 0.500E-01 0. 0. 0.500E-01 0.100 0. 0.500E-01 0.100 0.100 0.100 0. 0.100 0.100 0.100 0.100 0.500E-01 0. 0. 0. 0. 0. 0. 0. 0. 0.500E-01 0.500E-01 0.477E-06 0. 0. 0. 0.500E-01 0. 0. 0. 0. 0. 0. 0.300E-01 0.300E-01 0.300E-01 0.300E-01 0.500E-01 0.500E-01 0.500E-01 0.100 0. 0. 0. 0. 0. 0. 0.500E-01 0.500E-01 0. 0. 0. 0. 0.500E-01 0. 0.
0.100 0.100 0.100 0. 0. 0.500E-01 0.500E-01 0.500E-01 0.100 0.500E-01 0.500E-01 0. 0. 0. 0. 0.500E-01 0.100 0. 0.500E-01 0.100 0.100 0. 0. 0.100 0.100 0.100 0.100 0.100 0. 0. 0. 0. 0. 0. 0. 0.500E-01 0.500E-01 0.500E-01 0.477E-06 0.500E-01 0.500E-01 0.500E-01 0.500E-01 0.500E-01 0. 0. 0. 0. 0. 0.300E-01 0.300E-01 0.300E-01 0.300E-01 0.500E-01 0.500E-01 0.500E-01 0.500E-01 0. 0. 0. 0. 0.894E-07 0. 0.300E-01 0.500E-01 0.500E-01 0. 0. 0. 0. 0. 0.
0.100 0.100 0.100 0.500E-01 0.500E-01 0.100 0.500E-01 0.500E-01 0.500E-01 0.500E-01 0. 0. 0. 0. 0. 0.100 0. 0.100 0.100 0.100 0.100 0. 0.500E-01 0.100 0.100 0.100 0.100 0.100 0. 0. 0. 0. 0. 0. 0.500E-01 0.500E-01 0.100 0.500E-01 0.477E-06 0.500E-01 0. 0. 0. 0.500E-01 0.500E-01 0. 0. 0. 0. 0.300E-01 0.500E-01 0.500E-01 0. 0.500E-01 0. 0.100 0.500E-01 0.500E-01 0. 0. 0. -0.894E-07 -0.894E-07 0.500E-01 0.500E-01 0. 0. 0. 0. 0. 0. 0.
0.500E-01 0.100 0.100 0.100 0.100 0.100 0.100 0.800E-01 0.800E-01 0. 0. 0. 0. 0.500E-01 0.500E-01 0. 0.100 0.100 0.100 0.100 0.100 0. 0.100 0. 0. 0.500E-01 0.100 0.100 0. 0. 0. 0. 0. 0. 0. 0.500E-01 0.500E-01 0. 0.477E-06 0. 0.100 0. 0. 0. 0. 0. 0. 0. 0. 0.300E-01 0.500E-01 0.500E-01 0.100 0.100 0.100 0.100 0.100 0.100 0. 0. 0.894E-07 -0.894E-07 0. 0.300E-01 0.500E-01 0.500E-01 0. 0. 0. -0.894E-07 0. 0.300E-01
0.477E-06 0.477E-06 0.100 0.100 0.100 0.100 0.500E-01 0. 0. 0. 0. 0. 0. 0.500E-01 0.100 0.500E-01 0.100 0.100 0.500E-01 0.500E-01 0.100 0.100 0.500E-01 0. 0. 0.100 0.100 0.500E-01 0.500E-01 0. 0. 0. 0.300E-01 0.300E-01 0. 0.100 0.100 0. -0.477E-06 0.500E-01 0. 0. 0. 0. 0. 0. 0. 0. 0. 0.500E-01 0.100 0.500E-01 0. 0. 0.500E-01 -0.541E-01 0.100 0.100 0.500E-01 0.500E-01 0. 0. 0. 0. 0. 0. 0. -0.894E-07 0. 0. 0. 0.
0.477E-06 0.477E-06 0. 0. 0.500E-01 0. 0. 0. 0. 0.500E-01 0.500E-01 0.500E-01 0.500E-01 0.100 0.100 0.100 0.100 0.100 0. 0. 0. 0. 0. 0. 0.500E-01 0.100 0.100 0.100 0. 0. 0. 0. 0.300E-01 0.500E-01 0.500E-01 0. 0. 0.100 0. 0.500E-01 0.500E-01 0. 0. 0. 0. 0. 0. 0. 0. 0.500E-01 0.100 0.500E-01 0. 0. 0.894E-07 0.100 0.100 0.100 0.100 0.100 0. 0.500E-01 0. 0. -0.894E-07 -0.894E-07 -0.894E-07 0.894E-07 0. -0.894E-07 -0.894E-07 -0.894E-07
0. 0. 0. 0. 0. 0. 0. 0. 0.500E-01 0.300E-01 0.100 0.500E-01 0.300E-01 0.500E-01 0.100 0.100 0.100 0.100 0. 0. 0. 0. 0. 0. 0. 0.100 0.100 0.500E-01 0. 0. 0. 0. 0. 0. 0.300E-01 0. 0. 0. 0.100 0.477E-06 0.500E-01 0.500E-01 0. 0.300E-01 0. 0. 0. 0. 0. 0.500E-01 0.500E-01 0.500E-01 -0.894E-07 -0.894E-07 -0.894E-07 0.100 0.100 0.100 0.100 0.100 0.100 0.100 0.100 -0.308E-01 0. -0.164E-06 0.149E-06 0.238E-06 0. 0. 0.119E-06 -0.894E-07
0. 0.300E-01 0.300E-01 0.300E-01 0.300E-01 0. 0. 0.300E-01 0. 0.300E-01 0.500E-01 0.500E-01 0.300E-01 0.500E-01 0.100 0.100 0.100 0. 0.500E-01 0. 0. 0. 0. 0.500E-01 0.500E-01 0.100 0.100 0. 0. 0. 0. 0.300E-01 0.300E-01 0.300E-01 0.300E-01 0. 0.500E-01 0.100 0.100 0. 0. 0.500E-01 0. 0.500E-01 0. 0. 0. 0. 0. 0.500E-01 0.300E-01 0.300E-01 0. 0. 0. 0.100 0.100 0.100 0.100 0.100 0.100 0.100 0.500E-01 0. 0. 0. -0.894E-07 0.104E-06 0.238E-06 -0.894E-07 -0.894E-07 0.134E-06
0. 0.300E-01 0.300E-01 0. 0. 0.300E-01 0.300E-01 0.300E-01 0.300E-01 0.500E-01 0.300E-01 0.500E-01 0.500E-01 0.500E-01 0.500E-01 0.100 0.100 0.100 0.500E-01 0. 0. 0. 0.100 0.100 0.100 0.100 0.100 0.500E-01 0. 0. 0. 0. 0. 0. 0. 0.500E-01 0.100 0.500E-01 0. 0.500E-01 0.477E-06 0.500E-01 0.500E-01 0. 0. 0. 0. 0. 0. 0.300E-01 0.500E-01 0.500E-01 0. 0. 0.100 0.500E-01 0.500E-01 0. 0.500E-01 0. 0.100 0.100 0.100 0.500E-01 0. 0. 0. 0. 0.179E-06 0.119E-06 -0.894E-07 0.194E-06
0. 0.300E-01 0.300E-01 0.300E-01 0. 0. 0. 0.300E-01 0.300E-01 0. 0.300E-01 0.500E-01 0. 0.500E-01 0.500E-01 0. 0. 0.100 0. 0. 0. 0. 0.500E-01 0.100 0. 0.100 0.100 0.500E-01 0. 0.300E-01 0. 0. 0. 0. 0. 0. 0.500E-01 0. 0. 0. 0. 0.500E-01 0. 0. 0. 0. 0. 0. 0. -0.894E-07 0.500E-01 0. 0. 0. 0.100 0. 0.500E-01 0. 0. 0. 0.100 0.100 0.100 0. 0. 0. 0.300E-01 0.300E-01 0. -0.298E-07 0. -0.894E-07
0. 0.300E-01 0.300E-01 0.300E-01 0.300E-01 0. 0. 0.300E-01 0. 0. 0. 0. 0.500E-01 0.500E-01 0.500E-01 0.500E-01 0. 0.500E-01 0.500E-01 0. 0. 0. 0. 0. 0.100 0.100 0.100 0. 0. 0.300E-01 0. 0. 0. 0. 0. 0. 0. 0. 0. 0.500E-01 0.500E-01 0.500E-01 0. 0. 0. 0. 0. 0. 0.500E-01 -0.894E-07 0. 0.100 0. 0. 0.500E-01 0.100 0. 0. 0.894E-07 0. 0.500E-01 0.100 0.100 -0.894E-07 0. 0. 0.500E-01 0.300E-01 0.238E-06 0.238E-06 -0.745E-07 0.164E-06
0. 0. 0. 0. 0.300E-01 0. 0.300E-01 0. 0. 0. 0. 0. 0.500E-01 0. 0.500E-01 0.500E-01 0. 0. 0. 0. 0. 0. 0. 0. 0.500E-01 0.500E-01 0.500E-01 0.100 0. 0.300E-01 0. 0.500E-01 0.500E-01 0. 0. 0. 0. 0. 0.100 0.100 0.500E-01 0.477E-06 0.477E-06 0.477E-06 0.477E-06 0.500E-01 0.500E-01 0.500E-01 0.500E-01 0.894E-07 0. 0. 0. 0. 0. 0.100 0. -0.894E-07 0. 0. 0. 0.500E-01 0.500E-01 0. 0. 0.300E-01 0.300E-01 -0.894E-07 -0.894E-07 -0.194E-06 0.119E-06 -0.894E-07
0.500E-01 0. 0. 0. 0. 0.500E-01 0. 0. 0. 0. 0. 0. 0. 0. 0.500E-01 0. 0.500E-01 0. 0. 0. 0. 0. 0. 0.500E-01 0.500E-01 0.500E-01 0. 0.500E-01 0.300E-01 0.300E-01 0. 0.500E-01 0.100 0. 0. 0. 0.500E-01 0.500E-01 0.500E-01 0.100 0.100 0.500E-01 0.500E-01 0.500E-01 0. 0. 0. 0. 0. 0. 0. 0.500E-01 -0.526E-01 0. 0. 0. 0. 0. 0.894E-07 0. 0. 0.500E-01 0. -0.894E-07 0. -0.894E-07 0.119E-06 -0.894E-07 -0.596E-07 0.179E-06 -0.894E-07 -0.894E-07
0. 0. 0. 0. 0. 0. 0.500E-01 0. 0. 0. 0. 0. 0. 0. 0. 0. 0. 0. 0. 0. 0. 0. 0.500E-01 0.500E-01 0.500E-01 0.500E-01 0.500E-01 0.500E-01 0.300E-01 0.300E-01 0. 0.500E-01 0.100 0. 0.500E-01 0.100 0.100 0. 0. 0.500E-01 0.100 0.100 0.100 0.500E-01 0. 0. 0.500E-01 0.500E-01 0. 0.134E-06 -0.209E-06 0.500E-01 0.500E-01 0.179E-06 -0.149E-06 -0.238E-06 0. -0.894E-07 0. 0. 0. 0.119E-06 -0.894E-07 -0.894E-07 0.894E-07 0. 0. -0.298E-07 -0.894E-07 -0.209E-06 0.119E-06 -0.894E-07
0. 0. 0.300E-01 0. 0. 0. 0. 0. 0. 0. 0.500E-01 0.500E-01 0.500E-01 0.500E-01 0. 0. 0. 0. 0. 0. 0. 0. 0.500E-01 -0.894E-07 0. 0.300E-01 0. 0.300E-01 0. 0. 0.300E-01 0.500E-01 0. 0. 0.500E-01 0.500E-01 0. 0. 0. 0.500E-01 0.500E-01 0.500E-01 0.100 0. 0. 0. 0.500E-01 0. 0. 0. 0.894E-07 0. 0. -0.894E-07 -0.894E-07 -0.894E-07 -0.894E-07 -0.894E-07 -0.894E-07 -0.894E-07 0. -0.894E-07 0. 0. 0. 0. 0. 0. 0.894E-07 0. 0.179E-06 -0.894E-07
0. 0. 0. 0. 0.500E-01 0. 0. 0.500E-01 0. 0.500E-01 0.500E-01 0. 0. 0. 0. 0. 0.500E-01 0. 0. 0. 0. 0. 0. 0. 0. 0.300E-01 0.300E-01 0.300E-01 0.300E-01 0. 0. 0.500E-01 0. 0.500E-01 0.500E-01 0.500E-01 0. 0. 0. 0.100 0.500E-01 0.300E-01 0.500E-01 0. -0.894E-07 0.500E-01 0.500E-01 0.500E-01 0. 0. 0. -0.894E-07 -0.894E-07 -0.894E-07 -0.894E-07 -0.894E-07 0.119E-06 0.119E-06 0.209E-06 0. 0.100 0. -0.894E-07 0.119E-06 0.500E-01 0. 0. 0. -0.894E-07 0. 0.119E-06 0.
0. 0. 0. 0. 0. 0.500E-01 0.100 0.500E-01 0.300E-01 0.500E-01 0.500E-01 0. 0. 0. 0. 0. 0.300E-01 0. 0. 0. 0. 0. 0. 0. 0. 0. 0. 0. 0. 0. 0. 0.500E-01 0.300E-01 0. 0. 0.500E-01 0. 0.500E-01 0.100 0.500E-01 0.500E-01 0. 0.500E-01 0.894E-07 -0.164E-06 -0.894E-07 -0.894E-07 -0.894E-07 0. -0.894E-07 0. -0.894E-07 -0.894E-07 0.119E-06 0.179E-06 -0.894E-07 -0.194E-06 -0.596E-07 0. 0. 0. 0. 0. 0. 0. 0. 0. 0.300E-01 0.300E-01 0.300E-01 -0.894E-07 -0.894E-07
0. 0. 0. 0. 0. 0.500E-01 0.100 0.500E-01 0.500E-01 0. 0.500E-01 0. 0. 0. 0.500E-01 0. 0. 0. 0. 0. 0. 0.500E-01 0.500E-01 0. 0.300E-01 0.300E-01 0.300E-01 0.300E-01 0. 0.300E-01 0. 0. 0. 0.300E-01 0.300E-01 0. 0. 0.500E-01 0.500E-01 0.500E-01 0.100 0. 0.238E-06 0. -0.894E-07 -0.894E-07 -0.894E-07 0.238E-06 -0.894E-07 -0.894E-07 0.894E-07 0.119E-06 -0.894E-07 -0.298E-07 -0.894E-07 0.119E-06 0.164E-06 0. 0. 0. 0. 0. 0. -0.894E-07 -0.894E-07 0. 0.500E-01 0. 0.300E-01 -0.894E-07 -0.894E-07 -0.894E-07
0. 0. 0. 0. 0. 0.500E-01 0.500E-01 0.500E-01 0.500E-01 0.500E-01 0.500E-01 0. 0. 0. 0. 0. 0. 0. 0. 0. 0. 0. 0.500E-01 0. 0.300E-01 0.300E-01 0.300E-01 0.300E-01 0. 0. 0.300E-01 0.300E-01 0. 0.300E-01 0.300E-01 0. 0. 0. 0.500E-01 0. 0.500E-01 0. 0. 0.238E-06 0. 0.894E-07 0.238E-06 -0.894E-07 -0.894E-07 0.119E-06 0.596E-07 0.224E-06 -0.894E-07 -0.894E-07 0.149E-06 0. 0. 0.894E-07 0. 0. 0. 0. 0.119E-06 -0.894E-07 -0.894E-07 0.179E-06 0. 0. 0. 0.894E-07 0.119E-06 0.119E-06
0.500E-01 0. 0. 0. 0. 0. 0.500E-01 0. 0. 0. 0.300E-01 0. 0.300E-01 0.300E-01 0.300E-01 0. 0. 0. 0. 0. 0. 0.500E-01 0. 0. 0.300E-01 0.300E-01 0.300E-01 0.300E-01 0. 0.300E-01 0.300E-01 0.300E-01 0.300E-01 0. 0. 0.300E-01 0.300E-01 0. 0.300E-01 0.300E-01 0. 0. 0. -0.894E-07 0. 0. 0. 0.894E-07 0.238E-06 0.894E-07 0. 0.238E-06 0.238E-06 0.745E-07 0. 0. 0. 0. -0.894E-07 0. -0.894E-07 -0.164E-06 -0.164E-06 0. -0.894E-07 0. 0. 0. 0. 0. -0.894E-07 0.745E-07
0.500E-01 0. 0. 0. 0. 0.500E-01 0. 0. 0. 0. 0. 0. 0. 0. 0. 0.500E-01 0. 0. 0. 0. 0. 0.500E-01 0. 0.500E-01 0.300E-01 0.300E-01 0.300E-01 0.300E-01 0. 0. 0.300E-01 0. 0.300E-01 0.300E-01 0. 0. 0. 0. 0. 0. 0. 0. 0. 0. 0.894E-07 0. 0. 0. -0.238E-06 0. 0. 0.179E-06 0.596E-07 0.119E-06 0. 0. 0. -0.894E-07 -0.894E-07 0. 0. -0.194E-06 -0.194E-06 0.119E-06 0. 0. 0. 0.500E-01 0. 0. -0.447E-07 0.
0. 0. 0. 0. 0. 0. 0.500E-01 0. 0. 0. 0. 0. 0. 0.300E-01 0.300E-01 0.500E-01 0. 0. 0. 0. 0. 0. 0. 0. 0.300E-01 0.300E-01 0.300E-01 0.300E-01 0. 0. 0.300E-01 0. 0. 0.300E-01 0.300E-01 0. 0. 0. 0. 0. 0. 0. 0. 0. 0. 0. 0. 0. 0. 0. -0.149E-06 0. 0. -0.894E-07 -0.894E-07 0. -0.894E-07 0. 0.119E-06 0.894E-07 0. -0.104E-06 0. -0.894E-07 0. 0.300E-01 0. 0. -0.894E-07 0. 0. 0.
