share/VS_Project/swb/x64/Debug/MASS_BALANCE_08_22_1989.asc
NCOLS        340
NROWS        316
XLLCORNER     528502.530
YLLCORNER     274871.653
CELLSIZE        100.000
NODATA_VALUE    -9999.000
[rows 135 to 161 of 316, columns 244 to 304 of 340]
0.500E-01 0.500E-01 -0.224E-06 0.500E-01 -0.164E-06 0.500E-01 0.253E-06 0.253E-06 0.253E-06 0.253E-06 0.253E-06 0.253E-06 0.253E-06 -0.224E-06 -0.224E-06 0.253E-06 0.253E-06 0.253E-06 0.253E-06 0.300E-01 0.253E-06 0.253E-06 0.253E-06 -0.224E-06 -0.224E-06 0.500E-01 0.253E-06 -0.447E-07 0.300E-01 0.300E-01 -0.224E-06 0.300E-01 0.300E-01 0.500E-01 0.253E-06 0.300E-01 0.253E-06 0.300E-01 0.300E-01 -0.164E-06 -0.224E-06 -0.224E-06 0.300E-01 0.253E-06 0.300E-01 0.253E-06 0.300E-01 0.134E-06 -0.447E-07 0.820E-07 0.149E-07 -0.104E-06 0.149E-07 0.300E-01 0.253E-06 -0.224E-06 0.745E-07 -0.164E-06 0.149E-07 0.745E-07 0.745E-07
0.500E-01 0.500E-01 -0.164E-06 -0.224E-06 0.253E-06 0.253E-06 0.500E-01 0.253E-06 0.253E-06 0.253E-06 0.253E-06 0.253E-06 0.253E-06 -0.164E-06 0.194E-06 -0.224E-06 0.253E-06 0.253E-06 0.253E-06 -0.224E-06 0.149E-07 -0.164E-06 -0.224E-06 -0.224E-06 -0.224E-06 0.300E-01 0.300E-01 0.300E-01 0.300E-01 0.253E-06 -0.224E-06 0.253E-06 -0.224E-06 -0.164E-06 -0.164E-06 0.300E-01 0.253E-06 0.300E-01 -0.164E-06 0.253E-06 0.253E-06 0.253E-06 -0.224E-06 0.300E-01 0.500E-01 -0.224E-06 0.300E-01 0.149E-07 0.745E-07 0.300E-01 0.300E-01 -0.224E-06 0.300E-01 0.300E-01 -0.164E-06 0.194E-06 0.194E-06 0.194E-06 -0.745E-08 0.149E-07 -0.104E-06
0.500E-01 0.500E-01 -0.164E-06 0.253E-06 0.253E-06 0.500E-01 0.500E-01 -0.224E-06 0.253E-06 -0.224E-06 -0.224E-06 0.253E-06 0.500E-01 0.500E-01 -0.224E-06 0.253E-06 0.253E-06 0.253E-06 -0.224E-06 -0.224E-06 0.253E-06 -0.224E-06 0.253E-06 0.253E-06 0.253E-06 0.300E-01 0.253E-06 0.300E-01 0.253E-06 0.253E-06 0.253E-06 0.253E-06 0.253E-06 0.253E-06 0.300E-01 0.253E-06 0.253E-06 0.253E-06 -0.224E-06 -0.224E-06 0.253E-06 -0.224E-06 0.500E-01 0.500E-01 0.500E-01 -0.224E-06 0.300E-01 -0.224E-06 -0.224E-06 0.745E-07 0.300E-01 0.300E-01 0.300E-01 0.300E-01 -0.164E-06 -0.224E-06 -0.447E-07 0.745E-07 -0.216E-06 0.134E-06 0.149E-07
0.500E-01 0.500E-01 0.253E-06 0.253E-06 0.253E-06 0.500E-01 0.500E-01 0.500E-01 0.253E-06 0.253E-06 0.253E-06 0.253E-06 0.500E-01 -0.224E-06 -0.224E-06 -0.224E-06 0.253E-06 0.253E-06 -0.224E-06 -0.224E-06 0.500E-01 -0.224E-06 0.500E-01 0.500E-01 0.500E-01 0.253E-06 -0.224E-06 -0.224E-06 -0.164E-06 0.253E-06 0.253E-06 -0.224E-06 0.253E-06 0.253E-06 -0.164E-06 -0.164E-06 0.300E-01 0.253E-06 0.253E-06 -0.164E-06 -0.224E-06 0.500E-01 0.500E-01 0.253E-06 0.253E-06 0.253E-06 0.253E-06 -0.224E-06 -0.224E-06 -0.224E-06 -0.164E-06 0.134E-06 -0.104E-06 -0.224E-06 -0.216E-06 -0.224E-06 -0.224E-06 0.134E-06 0.253E-06 -0.335E-06 0.134E-06
0.253E-06 0.500E-01 0.253E-06 0.500E-01 0.500E-01 0.100 0.500E-01 0.100 0.500E-01 -0.224E-06 0.100 0.500E-01 0.500E-01 0.500E-01 0.253E-06 0.253E-06 0.253E-06 0.253E-06 -0.224E-06 -0.224E-06 -0.224E-06 0.253E-06 0.253E-06 0.253E-06 0.500E-01 0.253E-06 -0.224E-06 -0.224E-06 0.253E-06 0.300E-01 -0.224E-06 -0.224E-06 0.253E-06 -0.224E-06 0.300E-01 -0.164E-06 -0.164E-06 0.253E-06 0.253E-06 0.300E-01 0.253E-06 0.500E-01 0.100 0.253E-06 0.253E-06 0.500E-01 0.253E-06 0.253E-06 0.253E-06 0.253E-06 -0.164E-06 0.194E-06 -0.164E-06 -0.447E-07 -0.447E-07 -0.224E-06 -0.104E-06 0.253E-06 0.745E-07 -0.104E-06 -0.104E-06
0.253E-06 0.253E-06 0.253E-06 0.100 0.100 0.100 0.100 0.500E-01 0.100 0.100 0.100 0.100 0.500E-01 0.500E-01 0.253E-06 -0.224E-06 -0.224E-06 0.253E-06 -0.224E-06 -0.224E-06 -0.224E-06 0.253E-06 -0.224E-06 -0.224E-06 0.253E-06 0.253E-06 0.500E-01 0.253E-06 -0.224E-06 -0.224E-06 0.253E-06 -0.224E-06 0.253E-06 -0.224E-06 -0.224E-06 0.300E-01 0.300E-01 0.253E-06 0.253E-06 0.300E-01 0.253E-06 0.300E-01 0.253E-06 0.100 0.800E-01 0.500E-01 0.253E-06 0.253E-06 0.253E-06 0.253E-06 0.253E-06 0.134E-06 -0.104E-06 -0.104E-06 0.745E-07 0.745E-07 0.253E-06 0.261E-06 -0.164E-06 -0.447E-07 0.134E-06
0.253E-06 0.253E-06 0.253E-06 0.100 0.253E-06 0.500E-01 0.100 0.100 0.100 0.500E-01 0.100 0.500E-01 0.500E-01 0.500E-01 0.500E-01 -0.224E-06 0.253E-06 -0.224E-06 0.253E-06 -0.224E-06 0.253E-06 0.253E-06 -0.224E-06 0.253E-06 0.253E-06 0.300E-01 0.100 0.500E-01 0.253E-06 0.253E-06 0.253E-06 0.253E-06 0.253E-06 0.253E-06 0.253E-06 0.253E-06 0.300E-01 0.300E-01 0.300E-01 0.253E-06 0.328E-06 0.500E-01 0.253E-06 0.100 0.100 0.500E-01 -0.224E-06 0.300E-01 -0.224E-06 -0.224E-06 -0.224E-06 0.745E-07 -0.104E-06 0.224E-07 0.149E-07 0.194E-06 -0.224E-06 -0.104E-06 -0.447E-07 0.194E-06 -0.104E-06
0.253E-06 0.253E-06 -0.164E-06 0.500E-01 0.500E-01 0.100 0.100 0.100 0.500E-01 0.253E-06 0.500E-01 0.500E-01 0.500E-01 0.500E-01 0.253E-06 0.253E-06 0.253E-06 0.253E-06 -0.224E-06 0.253E-06 0.500E-01 -0.224E-06 0.253E-06 0.500E-01 0.500E-01 0.500E-01 0.500E-01 0.500E-01 0.253E-06 0.253E-06 0.253E-06 0.253E-06 0.253E-06 0.300E-01 0.253E-06 0.300E-01 0.500E-01 0.253E-06 -0.447E-07 0.253E-06 0.300E-01 0.500E-01 0.253E-06 0.253E-06 0.253E-06 -0.164E-06 0.291E-06 -0.164E-06 0.253E-06 0.253E-06 -0.164E-06 0.149E-07 0.499E-06 0.380E-06 0.261E-06 -0.969E-07 -0.224E-06 -0.224E-06 -0.164E-06 -0.447E-07 0.149E-07
0.500E-01 -0.164E-06 0.500E-01 0.100 0.100 0.100 0.100 0.500E-01 0.253E-06 0.500E-01 0.253E-06 -0.224E-06 0.253E-06 0.253E-06 0.253E-06 0.253E-06 0.500E-01 0.253E-06 0.253E-06 0.253E-06 0.253E-06 -0.224E-06 0.500E-01 0.300E-01 0.300E-01 0.253E-06 0.253E-06 -0.224E-06 -0.224E-06 0.300E-01 0.300E-01 0.500E-01 0.300E-01 0.300E-01 -0.447E-07 0.500E-01 0.253E-06 0.300E-01 0.253E-06 0.500E-01 0.253E-06 0.253E-06 0.500E-01 -0.224E-06 -0.164E-06 0.300E-01 -0.104E-06 0.253E-06 -0.164E-06 0.745E-07 0.745E-07 0.149E-07 0.149E-07 -0.104E-06 0.500E-01 0.380E-06 -0.335E-06 0.134E-06 0.149E-07 0.253E-06 0.134E-06
0.253E-06 0.194E-06 0.253E-06 0.500E-01 0.100 0.100 0.100 0.500E-01 0.253E-06 0.253E-06 0.253E-06 -0.224E-06 0.500E-01 0.500E-01 0.500E-01 0.500E-01 0.253E-06 -0.224E-06 -0.224E-06 0.253E-06 0.253E-06 0.253E-06 0.253E-06 0.253E-06 0.253E-06 0.253E-06 0.253E-06 0.300E-01 -0.164E-06 0.194E-06 0.300E-01 -0.164E-06 0.300E-01 0.300E-01 0.253E-06 -0.224E-06 -0.224E-06 -0.164E-06 -0.224E-06 0.253E-06 0.253E-06 0.253E-06 0.253E-06 0.300E-01 0.134E-06 0.300E-01 0.300E-01 0.194E-06 -0.119E-06 0.745E-07 0.745E-07 0.134E-06 0.745E-07 0.253E-06 0.134E-06 0.745E-07 0.224E-07 0.194E-06 -0.164E-06 0.261E-06 0.745E-07
0.253E-06 0.253E-06 0.253E-06 0.500E-01 0.100 0.500E-01 0.500E-01 0.500E-01 0.253E-06 -0.224E-06 0.253E-06 0.253E-06 0.500E-01 0.500E-01 0.500E-01 0.500E-01 0.500E-01 0.500E-01 0.500E-01 0.253E-06 0.253E-06 0.253E-06 0.253E-06 0.253E-06 0.253E-06 0.253E-06 -0.224E-06 0.300E-01 0.300E-01 0.100 0.300E-01 0.253E-06 0.100 0.300E-01 0.253E-06 0.253E-06 0.253E-06 0.253E-06 0.253E-06 -0.224E-06 -0.224E-06 -0.224E-06 0.253E-06 -0.216E-06 -0.104E-06 0.300E-01 0.238E-06 0.194E-06 0.194E-06 -0.104E-06 0.194E-06 -0.104E-06 0.745E-07 0.149E-07 0.745E-07 -0.104E-06 -0.164E-06 0.745E-07 0.745E-07 0.745E-07 0.745E-07
-0.224E-06 0.253E-06 0.500E-01 0.100 0.253E-06 0.253E-06 0.253E-06 0.253E-06 -0.224E-06 0.500E-01 0.500E-01 0.253E-06 0.253E-06 0.253E-06 0.253E-06 0.253E-06 0.253E-06 0.253E-06 0.253E-06 0.100 0.253E-06 -0.224E-06 0.253E-06 0.253E-06 0.300E-01 -0.224E-06 0.500E-01 0.500E-01 0.134E-06 0.300E-01 0.500E-01 0.300E-01 -0.224E-06 0.300E-01 0.745E-07 0.253E-06 0.253E-06 0.253E-06 -0.224E-06 0.300E-01 0.745E-07 0.500E-01 0.300E-01 0.300E-01 -0.164E-06 0.596E-07 -0.104E-06 0.194E-06 -0.164E-06 0.194E-06 0.194E-06 0.194E-06 0.149E-07 0.134E-06 0.149E-07 0.745E-07 0.149E-07 0.134E-06 0.149E-07 -0.104E-06 0.499E-06
0.745E-07 0.500E-01 0.500E-01 0.100 0.100 0.500E-01 0.500E-01 0.253E-06 0.500E-01 0.500E-01 0.500E-01 0.253E-06 0.500E-01 0.500E-01 0.500E-01 0.500E-01 0.253E-06 0.253E-06 0.500E-01 0.100 0.100 0.100 0.253E-06 -0.164E-06 0.745E-07 0.253E-06 0.300E-01 0.253E-06 -0.164E-06 -0.447E-07 -0.104E-06 0.194E-06 -0.224E-06 -0.224E-06 0.253E-06 -0.224E-06 -0.224E-06 0.253E-06 0.500E-01 0.300E-01 0.300E-01 0.300E-01 -0.224E-06 0.253E-06 0.238E-06 -0.104E-06 -0.104E-06 0.194E-06 0.253E-06 0.194E-06 0.253E-06 -0.104E-06 0.596E-07 0.194E-06 0.500E-01 0.745E-07 0.745E-07 0.224E-07 -0.164E-06 -0.164E-06 0.149E-07
0.500E-01 0.500E-01 0.100 0.253E-06 0.253E-06 0.500E-01 0.500E-01 0.500E-01 0.100 0.100 0.500E-01 0.253E-06 0.500E-01 0.500E-01 0.253E-06 0.745E-07 0.745E-07 0.745E-07 0.100 0.100 0.100 0.253E-06 -0.224E-06 -0.224E-06 -0.447E-07 -0.224E-06 0.194E-06 0.300E-01 0.253E-06 0.253E-06 0.300E-01 -0.164E-06 0.253E-06 0.300E-01 -0.224E-06 0.745E-07 -0.224E-06 0.300E-01 0.745E-07 0.300E-01 0.300E-01 0.380E-06 0.253E-06 0.253E-06 0.745E-07 -0.104E-06 -0.447E-07 0.194E-06 0.253E-06 0.134E-06 0.194E-06 0.194E-06 0.149E-07 0.194E-06 0.194E-06 -0.164E-06 -0.104E-06 -0.224E-06 0.142E-06 -0.164E-06 0.745E-07
0.500E-01 0.500E-01 0.253E-06 0.500E-01 0.500E-01 0.500E-01 0.500E-01 0.100 0.100 0.100 0.100 0.500E-01 0.253E-06 0.500E-01 -0.224E-06 0.194E-06 0.194E-06 -0.164E-06 0.253E-06 0.253E-06 0.253E-06 -0.224E-06 0.300E-01 0.300E-01 0.253E-06 0.253E-06 -0.224E-06 0.300E-01 0.300E-01 -0.164E-06 0.300E-01 0.300E-01 0.300E-01 -0.164E-06 0.253E-06 0.134E-06 0.745E-07 0.300E-01 -0.164E-06 0.253E-06 0.300E-01 0.142E-06 0.253E-06 0.194E-06 -0.104E-06 -0.104E-06 0.194E-06 0. 0.194E-06 -0.104E-06 -0.104E-06 0.194E-06 -0.164E-06 -0.104E-06 0.194E-06 0.745E-07 0.134E-06 0.142E-06 -0.164E-06 0.194E-06 0.745E-07
0.100 0.100 0.500E-01 0.500E-01 0.100 0.100 0.100 0.100 0.100 0.100 0.500E-01 0.253E-06 0.500E-01 0.253E-06 0.745E-07 0.253E-06 -0.224E-06 0.134E-06 -0.224E-06 -0.224E-06 -0.224E-06 0.745E-07 0.300E-01 0.300E-01 0.300E-01 -0.224E-06 0.253E-06 0.253E-06 0.300E-01 -0.164E-06 0.300E-01 0.300E-01 -0.447E-07 -0.164E-06 0.300E-01 0.300E-01 0.300E-01 -0.447E-07 -0.164E-06 0.134E-06 0.134E-06 -0.305E-06 -0.104E-06 -0.224E-06 0.745E-07 0.194E-06 0.194E-06 0.194E-06 0.194E-06 0.194E-06 0.194E-06 0.194E-06 0.194E-06 0.194E-06 0.194E-06 0.134E-06 0.149E-07 -0.164E-06 0.261E-06 -0.276E-06 0.224E-07
0.745E-07 0.100 0.100 0.100 0.100 0.100 0.100 0.100 0.500E-01 -0.164E-06 0.500E-01 0.500E-01 0.100 0.100 0.300E-01 0.300E-01 0.300E-01 0.149E-07 -0.224E-06 -0.164E-06 0.313E-06 0.149E-07 -0.104E-06 0.313E-06 0.300E-01 0.253E-06 -0.224E-06 0.253E-06 0.253E-06 0.253E-06 -0.224E-06 0.300E-01 -0.164E-06 0.745E-07 0.300E-01 0.300E-01 0.300E-01 0.194E-06 0.194E-06 0.134E-06 0.134E-06 0.745E-07 0.194E-06 0.194E-06 0.253E-06 0.745E-07 -0.179E-06 0.253E-06 0.253E-06 0.194E-06 0.194E-06 0.194E-06 0.194E-06 0.194E-06 0.194E-06 0.745E-07 0.149E-07 -0.447E-07 0.134E-06 0.134E-06 0.134E-06
0.432E-06 0.253E-06 0.253E-06 0.500E-01 0.100 0.100 0.100 0.253E-06 0.253E-06 0.253E-06 0.500E-01 0.100 0.500E-01 0.300E-01 0.300E-01 0.300E-01 0.300E-01 0.300E-01 0.500E-01 -0.164E-06 -0.343E-06 0.373E-06 0.253E-06 0.253E-06 0.745E-07 -0.164E-06 0.745E-07 0.745E-07 0.745E-07 0.745E-07 0.253E-06 0.253E-06 0.745E-07 0.134E-06 -0.104E-06 0.134E-06 0.350E-06 0.300E-01 0.300E-01 0.300E-01 0.300E-01 0.253E-06 -0.119E-06 0.253E-06 -0.179E-06 -0.164E-06 0.194E-06 0.238E-06 0.194E-06 -0.164E-06 0.253E-06 -0.164E-06 0.194E-06 -0.104E-06 -0.164E-06 0.224E-07 -0.164E-06 0.253E-06 0.194E-06 0.194E-06 0.194E-06
0.134E-06 -0.224E-06 -0.224E-06 0.500E-01 0.100 0.100 0.500E-01 0.253E-06 0.253E-06 0.253E-06 0.100 0.500E-01 0.500E-01 0.300E-01 0.300E-01 0.300E-01 0.300E-01 0.300E-01 -0.224E-06 0.149E-07 0.300E-01 0.300E-01 0.300E-01 0.149E-07 -0.104E-06 0.253E-06 0.300E-01 -0.402E-06 0.300E-01 0.253E-06 0.500E-01 0.253E-06 -0.224E-06 -0.425E-06 0.300E-01 0.300E-01 0.300E-01 0.300E-01 0.253E-06 -0.224E-06 0.253E-06 0.253E-06 -0.164E-06 0.194E-06 -0.164E-06 0.194E-06 0.194E-06 0.134E-06 0.134E-06 0.149E-07 0.745E-07 -0.104E-06 -0.164E-06 0.238E-06 0. 0.119E-06 0.253E-06 0.253E-06 0.194E-06 -0.164E-06 0.194E-06
0.745E-07 0.313E-06 0.253E-06 0.500E-01 0.100 0.100 0.253E-06 0.500E-01 0.500E-01 0.253E-06 0.500E-01 0.500E-01 0.500E-01 0.300E-01 0.300E-01 0.300E-01 0.300E-01 0.500E-01 0.253E-06 0.253E-06 0.300E-01 -0.164E-06 0.745E-07 0.134E-06 -0.224E-06 -0.224E-06 0.300E-01 -0.283E-06 0.300E-01 0.253E-06 -0.209E-06 0.253E-06 0.300E-01 0.300E-01 -0.164E-06 0.134E-06 0.300E-01 -0.224E-06 0.253E-06 -0.164E-06 0.500E-01 0.500E-01 0.194E-06 0.194E-06 0.194E-06 0.194E-06 0.253E-06 0.500E-01 0.134E-06 0.134E-06 0.149E-07 0.194E-06 -0.164E-06 -0.104E-06 0.253E-06 -0.224E-06 -0.224E-06 0.253E-06 0.134E-06 0.320E-06 -0.969E-07
0.253E-06 0.500E-01 -0.447E-07 0.253E-06 0.100 0.500E-01 -0.164E-06 0.500E-01 0.500E-01 0.500E-01 0.500E-01 0.300E-01 0.300E-01 0.300E-01 0.253E-06 0.500E-01 0.500E-01 0.500E-01 0.500E-01 0.100 0.100 0.500E-01 0.500E-01 -0.164E-06 -0.224E-06 -0.224E-06 0.149E-07 0.300E-01 0.149E-07 0.149E-07 0.194E-06 0.300E-01 -0.447E-07 0.134E-06 0.300E-01 0.300E-01 0.300E-01 0.300E-01 -0.164E-06 0.300E-01 0.300E-01 0.500E-01 0.253E-06 -0.224E-06 -0.164E-06 0.253E-06 0.500E-01 0.745E-07 0.745E-07 0.745E-07 0.194E-06 0.194E-06 0.194E-06 -0.164E-06 -0.164E-06 -0.224E-06 0.253E-06 0.745E-07 0.134E-06 0.261E-06 0.500E-01
0.500E-01 0.500E-01 0.745E-07 0.253E-06 0.500E-01 0.500E-01 0.500E-01 0.500E-01 0.253E-06 0.300E-01 0.300E-01 0.300E-01 0.300E-01 0.300E-01 0.253E-06 0.500E-01 0.500E-01 0.500E-01 0.300E-01 0.500E-01 0.100 0.100 0.300E-01 0.253E-06 0.253E-06 -0.224E-06 0.253E-06 0.745E-07 0.745E-07 0.194E-06 0.194E-06 0.373E-06 0.745E-07 0.253E-06 0.253E-06 0.253E-06 0.500E-01 -0.224E-06 -0.447E-07 0.300E-01 0.253E-06 0.500E-01 -0.224E-06 -0.164E-06 -0.164E-06 0.300E-01 0.745E-07 0.745E-07 0.745E-07 0.194E-06 0.194E-06 -0.447E-07 -0.447E-07 0.194E-06 0.253E-06 0.253E-06 -0.224E-06 0.253E-06 -0.224E-06 0.194E-06 0.500E-01
0.100 0.500E-01 0.500E-01 0.745E-07 0.745E-07 0.300E-01 0.300E-01 0.253E-06 0.253E-06 0.149E-07 0.300E-01 0.300E-01 0.253E-06 0.300E-01 0.300E-01 0.500E-01 0.149E-07 0.500E-01 0.253E-06 0.500E-01 0.100 0.100 0.100 0.500E-01 0.253E-06 -0.224E-06 0.253E-06 0.745E-07 0.300E-01 0.300E-01 0.134E-06 0.745E-07 0.745E-07 -0.164E-06 0.300E-01 0.500E-01 0.253E-06 0.253E-06 -0.224E-06 0.300E-01 0.253E-06 0.253E-06 0.253E-06 0.300E-01 0.300E-01 0.300E-01 0.253E-06 0.253E-06 0.745E-07 0.300E-01 0.194E-06 0.194E-06 0.194E-06 -0.224E-06 -0.119E-06 -0.596E-07 0.253E-06 0.253E-06 -0.224E-06 -0.164E-06 -0.104E-06
0.100 0.500E-01 0.500E-01 0.500E-01 0.500E-01 -0.164E-06 0.149E-07 0.253E-06 0.745E-07 -0.224E-06 0.300E-01 0.300E-01 -0.164E-06 -0.447E-07 0.300E-01 0.149E-07 0.800E-01 0.500E-01 0.253E-06 0.500E-01 0.253E-06 0.100 0.500E-01 0.300E-01 0.253E-06 0.300E-01 0.291E-06 0.745E-07 0.300E-01 0.300E-01 0.500E-01 0.745E-07 0.500E-01 0.100 0.500E-01 0.500E-01 0.253E-06 0.253E-06 -0.224E-06 0.500E-01 0.253E-06 0.253E-06 0.500E-01 0.500E-01 0.300E-01 -0.224E-06 0.253E-06 0.253E-06 -0.224E-06 0.253E-06 0.253E-06 0.500E-01 0.500E-01 0.194E-06 0.194E-06 0.194E-06 0.134E-06 0.194E-06 -0.104E-06 0.194E-06 -0.224E-06
0.253E-06 0.100 0.500E-01 0.253E-06 0.500E-01 0.300E-01 0.194E-06 -0.283E-06 0.134E-06 -0.104E-06 0.300E-01 0.300E-01 0.300E-01 0.253E-06 0.253E-06 0.253E-06 0.500E-01 0.100 0.500E-01 -0.164E-06 0.253E-06 0.500E-01 0.500E-01 0.500E-01 0.500E-01 0.500E-01 0.300E-01 0.373E-06 0.500E-01 0.373E-06 0.134E-06 0.500E-01 0.100 0.100 0.253E-06 0.253E-06 -0.224E-06 0.253E-06 -0.224E-06 0.500E-01 0.500E-01 0.500E-01 0.500E-01 0.500E-01 0.500E-01 0.253E-06 0.253E-06 0.253E-06 0.253E-06 0.253E-06 0.253E-06 0.500E-01 -0.224E-06 -0.104E-06 0.194E-06 0.194E-06 -0.104E-06 0.194E-06 -0.104E-06 -0.104E-06 0.820E-07
0.253E-06 -0.224E-06 0.500E-01 0.500E-01 0.253E-06 0.300E-01 0.745E-07 -0.343E-06 0.745E-07 -0.283E-06 0.745E-07 0.313E-06 0.300E-01 0.300E-01 -0.224E-06 0.253E-06 -0.164E-06 0.253E-06 0.253E-06 0.500E-01 0.500E-01 -0.164E-06 0.100 0.100 0.800E-01 0.745E-07 0.194E-06 -0.224E-06 -0.164E-06 0.800E-01 0.500E-01 0.100 0.100 0.500E-01 0.253E-06 0.253E-06 0.253E-06 0.253E-06 0.253E-06 -0.224E-06 0.253E-06 0.253E-06 0.253E-06 0.253E-06 0.500E-01 0.253E-06 0.253E-06 0.253E-06 0.253E-06 0.253E-06 -0.224E-06 -0.224E-06 0.253E-06 0.253E-06 0.253E-06 0.194E-06 0.194E-06 0.253E-06 0.194E-06 0.134E-06 0.745E-07
0.253E-06 0.253E-06 0.500E-01 0.500E-01 0.745E-07 -0.224E-06 0.300E-01 0.300E-01 0.300E-01 0.300E-01 -0.224E-06 0.253E-06 0.500E-01 0.500E-01 0.500E-01 0.500E-01 -0.224E-06 0.253E-06 -0.224E-06 0.253E-06 -0.164E-06 0.100 0.100 0.500E-01 0.201E-06 0. 0.500E-01 0.500E-01 0.500E-01 0.253E-06 0.253E-06 0.500E-01 0.500E-01 0.253E-06 0.253E-06 0.253E-06 0.500E-01 0.253E-06 0.253E-06 0.253E-06 0.253E-06 0.253E-06 0.253E-06 0.253E-06 0.253E-06 0.253E-06 0.253E-06 0.253E-06 0.253E-06 -0.224E-06 -0.224E-06 -0.224E-06 -0.224E-06 0.253E-06 0.500E-01 -0.164E-06 0.300E-01 0.253E-06 0.253E-06 0.745E-07 0.745E-07
