share/VS_Project/swb/x64/Debug/MASS_BALANCE_08_20_1990.asc
NCOLS        340
NROWS        316
XLLCORNER     528502.530
YLLCORNER     274871.653
CELLSIZE        100.000
NODATA_VALUE    -9999.000
[rows 108 to 134 of 316, columns 0 to 61 of 340]
0.500E-01 0.100 0.500E-01 -0.596E-07 -0.596E-07 -0.209E-06 -0.969E-07 0.201E-06 -0.209E-06 0.500E-01 0.500E-01 -0.671E-07 0.100 -0.671E-07 -0.894E-07 -0.119E-06 -0.179E-06 0.179E-06 0.238E-06 -0.894E-07 0.300E-01 0.500E-01 0.500E-01 0.500E-01 0.300E-01 0.500E-01 0.100 -0.209E-06 -0.596E-07 0.500E-01 0.100 0.100 0.100 0.100 0.100 0.100 0.100 0.300E-01 0.300E-01 0.300E-01 0.300E-01 -0.209E-06 -0.745E-08 -0.745E-08 0.693E-06 0.500E-01 0.179E-06 0.119E-06 0.100 -0.671E-07 -0.209E-06 0.149E-06 0.500E-01 -0.596E-07 0.134E-06 -0.596E-07 -0.179E-06 0.300E-01 0.500E-01 0.500E-01 0.500E-01 0.100
0.500E-01 0.100 0.500E-01 -0.596E-07 0.300E-01 -0.209E-06 0.500E-01 -0.119E-06 -0.894E-07 -0.179E-06 0.100 0.100 -0.209E-06 -0.179E-06 -0.596E-07 -0.745E-08 0.596E-07 0.149E-06 -0.894E-07 0.300E-01 0.100 0.100 0.500E-01 -0.149E-06 0.500E-01 0.500E-01 0.100 0.209E-06 -0.209E-06 0.500E-01 0.100 0.500E-01 0.500E-01 0.100 0.100 0.100 0.100 0.300E-01 0.300E-01 0.300E-01 -0.596E-07 0.209E-06 -0.209E-06 -0.224E-06 -0.216E-06 -0.596E-07 -0.589E-06 -0.916E-06 0.500E-01 -0.596E-07 -0.596E-07 -0.596E-07 0.134E-06 -0.209E-06 -0.596E-07 0.894E-07 0.298E-07 0.300E-01 0.500E-01 0.500E-01 0.100 0.500E-01
0.500E-01 0.100 0.100 0.500E-01 -0.209E-06 -0.209E-06 -0.224E-06 -0.596E-07 0.149E-06 0.596E-07 -0.596E-07 -0.209E-06 0.149E-06 0.500E-01 0.500E-01 0.100 0.100 -0.209E-06 0.300E-01 0.500E-01 0.100 0.100 0.500E-01 0.298E-07 0.500E-01 0.100 0.500E-01 0.298E-07 0.100 0.100 0.500E-01 0.500E-01 0.500E-01 0.100 0.100 -0.745E-08 -0.745E-08 0.300E-01 0.300E-01 0.209E-06 0.596E-07 0.149E-06 -0.589E-06 0.500E-01 -0.291E-06 -0.596E-07 0.745E-08 -0.350E-06 0.500E-01 -0.209E-06 0.149E-06 -0.596E-07 -0.596E-07 -0.119E-06 0.238E-06 0.300E-01 0.300E-01 0.500E-01 0.500E-01 0.100 0.500E-01 0.500E-01
0.500E-01 0.100 0.100 0.500E-01 0.500E-01 0.500E-01 -0.209E-06 -0.209E-06 0.500E-01 0.100 0.300E-01 -0.209E-06 -0.201E-06 0.100 0.100 0.100 0.100 -0.596E-07 0.745E-08 0.100 0.100 0.100 0.500E-01 -0.596E-07 0.500E-01 0.100 0.500E-01 0.500E-01 0.100 0.100 0.100 0.500E-01 -0.596E-07 -0.596E-07 -0.671E-07 -0.596E-07 0.119E-06 0.300E-01 -0.209E-06 0.119E-06 0.969E-07 0.300E-01 0.300E-01 0.300E-01 -0.596E-07 0.216E-06 0.395E-06 0.224E-06 0.134E-06 0.500E-01 0.238E-06 0.300E-01 0.300E-01 0.300E-01 0.300E-01 0.300E-01 0.300E-01 0.500E-01 0.500E-01 0.500E-01 -0.596E-07 0.100
-0.119E-06 -0.142E-06 0.500E-01 0.300E-01 0.500E-01 0.300E-01 0.500E-01 0.500E-01 0.500E-01 0.500E-01 0.300E-01 0.300E-01 0.500E-01 0.100 0.100 0.100 0.500E-01 -0.238E-06 -0.112E-06 0.100 0.100 0.100 0.500E-01 0.300E-01 0.100 0.500E-01 0.500E-01 0.500E-01 0.100 0.100 0.100 0.500E-01 -0.119E-06 0.894E-07 0.238E-06 -0.119E-06 0.298E-07 -0.238E-06 0.119E-06 -0.946E-06 0. 0.300E-01 0.300E-01 0.300E-01 0. 0.104E-06 0.693E-06 -0.343E-06 0.179E-06 0.149E-06 -0.596E-07 0.300E-01 0.300E-01 0.300E-01 0.300E-01 0.500E-01 0.500E-01 0.100 0.500E-01 -0.596E-07 0.500E-01 0.100
-0.119E-06 -0.209E-06 0.300E-01 0.300E-01 -0.209E-06 -0.745E-08 0.100 0.100 0.500E-01 0.298E-07 0.500E-01 0.500E-01 0.100 0.100 0.100 0.500E-01 0.238E-06 -0.298E-07 -0.671E-07 0.100 0.100 0.100 0.100 0.500E-01 0.100 0.100 0.100 0.100 0.100 0.100 0.100 0.100 0.100 0.100 0.300E-01 -0.201E-06 -0.350E-06 0.500E-01 0.500E-01 0.484E-06 0.300E-01 -0.209E-06 0.209E-06 0.300E-01 0.300E-01 0.300E-01 -0.402E-06 0.179E-06 0.194E-06 0.224E-07 -0.671E-07 0.179E-06 -0.119E-06 0.300E-01 -0.671E-07 -0.671E-07 -0.671E-07 0.100 0.100 -0.596E-07 -0.671E-07 0.100
0.500E-01 -0.209E-06 -0.179E-06 -0.209E-06 0.194E-06 0.500E-01 0.100 0.100 0.500E-01 0.500E-01 0.500E-01 0.500E-01 0.100 0.100 0.500E-01 0.156E-06 0.500E-01 0.500E-01 -0.671E-07 0.100 0.100 0.500E-01 0.100 0.100 0.100 0.100 0.100 0.100 0.100 0.100 0.100 0.100 0.100 0.500E-01 0.300E-01 0.812E-06 0. 0.300E-01 0.300E-01 0.300E-01 0.300E-01 0.300E-01 0.300E-01 0.300E-01 0.300E-01 0.300E-01 -0.149E-07 0.253E-06 0.194E-06 -0.410E-06 -0.186E-06 -0.708E-06 -0.209E-06 -0.596E-07 -0.119E-06 -0.596E-07 0.500E-01 0.100 -0.596E-07 -0.596E-07 -0.201E-06 -0.596E-07
0.500E-01 0.500E-01 -0.209E-06 -0.209E-06 -0.209E-06 -0.969E-07 0.100 0.100 0.100 0.100 0.500E-01 0.500E-01 0.500E-01 0.100 0.179E-06 0.500E-01 0.100 0.500E-01 -0.149E-06 0.500E-01 0.100 0.500E-01 0.300E-01 0.100 0.100 0.100 0.100 0.500E-01 0.500E-01 0.500E-01 0.100 0.100 0.500E-01 -0.127E-06 -0.522E-07 -0.179E-06 -0.596E-07 0.300E-01 0.300E-01 0.300E-01 0.300E-01 0.300E-01 0.300E-01 0.300E-01 0.300E-01 0.300E-01 0.300E-01 0.492E-06 -0.224E-06 -0.209E-06 0.179E-06 0.156E-06 0.663E-06 -0.224E-07 0.149E-06 -0.671E-07 0.100 0.100 0.500E-01 0.500E-01 0.100 0.238E-06
0.149E-06 0.500E-01 -0.209E-06 -0.209E-06 -0.209E-06 -0.596E-07 0.100 0.100 0.500E-01 -0.596E-07 -0.596E-07 -0.596E-07 -0.671E-07 0.500E-01 0.500E-01 0.100 0.100 0.500E-01 0.500E-01 -0.596E-07 0.100 0.500E-01 0.500E-01 0.100 0.500E-01 0.300E-01 0.300E-01 0.300E-01 0.300E-01 0.300E-01 0.300E-01 -0.209E-06 -0.209E-06 0.149E-06 0.112E-06 0.500E-01 -0.596E-07 0.300E-01 0.300E-01 0.300E-01 0.500E-01 0.100 0.500E-01 0.300E-01 0.300E-01 0.500E-01 0.500E-01 -0.209E-06 -0.209E-06 0.500E-01 0.500E-01 0.500E-01 0.216E-06 0.373E-07 0.596E-07 0.216E-06 0.300E-01 0.100 0.100 0.100 0.500E-01 -0.119E-06
-0.209E-06 -0.209E-06 -0.209E-06 -0.209E-06 -0.179E-06 -0.149E-06 0.100 0.100 0.500E-01 -0.596E-07 -0.596E-07 -0.209E-06 -0.224E-07 0.100 0.100 0.500E-01 0.500E-01 0.100 0.100 0.100 0.500E-01 0.500E-01 0.500E-01 0.500E-01 0.179E-06 -0.894E-07 -0.596E-07 0.300E-01 0.300E-01 0.300E-01 0.300E-01 0.300E-01 0.300E-01 0.300E-01 0.300E-01 0.300E-01 0.300E-01 0.300E-01 0.300E-01 0.500E-01 0.500E-01 0.100 0.500E-01 0.300E-01 0.300E-01 0.100 0.500E-01 0.500E-01 0.179E-06 0.119E-06 0.300E-01 0.300E-01 0.300E-01 0.300E-01 0.872E-06 0.300E-01 -0.671E-07 0.500E-01 0.500E-01 0.500E-01 -0.596E-07 0.596E-07
-0.209E-06 0.179E-06 -0.209E-06 -0.209E-06 -0.209E-06 0.500E-01 0.500E-01 0.500E-01 0.100 0.100 -0.596E-07 -0.596E-07 0.500E-01 0.100 0.500E-01 -0.596E-07 -0.596E-07 0.500E-01 0.500E-01 0.100 0.500E-01 -0.596E-07 -0.201E-06 0.596E-07 0.500E-01 0.500E-01 0.100 0.500E-01 0.300E-01 0.300E-01 0.300E-01 0.300E-01 0.300E-01 0.300E-01 0.300E-01 0.300E-01 0.500E-01 0.300E-01 0.500E-01 0.300E-01 0.500E-01 0.100 0.100 -0.596E-07 0.500E-01 0.500E-01 -0.671E-07 -0.119E-06 0.149E-06 0.238E-06 0.300E-01 0.300E-01 0.300E-01 0.300E-01 0.300E-01 0.500E-01 -0.112E-06 -0.119E-06 0.179E-06 -0.119E-06 0.179E-06 0.300E-01
-0.209E-06 -0.209E-06 -0.149E-06 -0.209E-06 -0.209E-06 0.500E-01 0.596E-07 -0.596E-07 0.500E-01 -0.209E-06 -0.209E-06 -0.596E-07 0.500E-01 -0.596E-07 -0.596E-07 0.134E-06 0.134E-06 -0.596E-07 0.500E-01 0.500E-01 0.500E-01 -0.596E-07 0.100 0.100 0.100 0.100 0.100 0.100 -0.596E-07 0.500E-01 0.300E-01 0.300E-01 0.300E-01 0.300E-01 0.300E-01 0.300E-01 0.300E-01 0.500E-01 0.500E-01 0.500E-01 0.500E-01 0.100 0.100 0.100 0.100 0.500E-01 -0.745E-08 0.300E-01 0.300E-01 0.596E-07 0.300E-01 0.300E-01 0.300E-01 0.300E-01 0.500E-01 0.300E-01 0.300E-01 0.300E-01 0.300E-01 0.300E-01 0.500E-01 0.300E-01
-0.179E-06 -0.209E-06 -0.179E-06 -0.119E-06 0.500E-01 0.500E-01 -0.596E-07 -0.119E-06 0.500E-01 0.100 -0.596E-07 -0.209E-06 -0.179E-06 -0.596E-07 -0.596E-07 -0.596E-07 0.500E-01 -0.596E-07 -0.596E-07 -0.596E-07 0.500E-01 -0.596E-07 -0.596E-07 -0.596E-07 0.500E-01 0.100 0.100 0.500E-01 -0.119E-06 0.298E-07 0.300E-01 0.300E-01 0.300E-01 0.300E-01 0.300E-01 0.300E-01 0.300E-01 0.500E-01 0.500E-01 0.100 0.100 0.100 0.100 0.100 0.100 0.300E-01 0.300E-01 0.300E-01 0.300E-01 0.300E-01 0.300E-01 0.300E-01 0.300E-01 0.300E-01 0.156E-06 0.142E-06 0.300E-01 0.300E-01 0.300E-01 0.300E-01 0.500E-01 0.500E-01
-0.209E-06 0.500E-01 0.500E-01 0.500E-01 0.500E-01 0.500E-01 0.500E-01 0.500E-01 0.500E-01 -0.209E-06 -0.209E-06 -0.209E-06 -0.596E-07 0.100 0.100 0.500E-01 -0.596E-07 0.500E-01 0.100 0.500E-01 0.100 0.500E-01 0.500E-01 0.500E-01 0.100 0.100 0.100 0.500E-01 0.300E-01 0.300E-01 0.300E-01 0.300E-01 0.300E-01 0.300E-01 0.300E-01 -0.745E-08 0.300E-01 0.500E-01 0.100 0.100 0.100 0.100 0.100 0.100 0.100 0.300E-01 0.300E-01 0.300E-01 0.300E-01 0.300E-01 0.300E-01 0.300E-01 0.300E-01 0.400E-01 -0.671E-07 0.300E-01 0.300E-01 0.300E-01 0.300E-01 0.500E-01 0.100 0.500E-01
-0.596E-07 0.500E-01 0.500E-01 -0.209E-06 0.500E-01 0.209E-06 0.500E-01 0.100 -0.209E-06 -0.209E-06 -0.119E-06 -0.119E-06 0.500E-01 0.100 0.100 0.100 0.500E-01 -0.596E-07 0.100 0.500E-01 -0.179E-06 -0.596E-07 0.894E-07 0.100 -0.209E-06 0.500E-01 0.100 0.100 0.500E-01 0.500E-01 0.500E-01 0.300E-01 0.300E-01 0.300E-01 0.500E-01 0. 0.300E-01 0.127E-06 -0.671E-07 0.100 0.100 0.100 0.100 0.100 0.100 0.500E-01 0.300E-01 0.300E-01 -0.209E-06 0.500E-01 0.500E-01 0.500E-01 0.300E-01 0.300E-01 -0.209E-06 0.596E-07 -0.127E-06 0.300E-01 0.300E-01 0.300E-01 -0.671E-07 0.100
0.179E-06 0.100 0.100 -0.209E-06 0.500E-01 -0.119E-06 0.500E-01 0.100 -0.209E-06 0.209E-06 0.500E-01 -0.596E-07 0.100 0.100 0.100 0.100 0.100 0.100 0.100 0.500E-01 0.500E-01 0.500E-01 0.298E-07 -0.209E-06 0.596E-07 0.500E-01 0.100 0.100 0.100 0.500E-01 0.500E-01 0.300E-01 0.300E-01 -0.112E-06 -0.224E-07 0.209E-06 0.300E-01 -0.209E-06 -0.596E-07 0.500E-01 0.500E-01 -0.596E-07 -0.119E-06 0.100 0.100 -0.209E-06 0.500E-01 -0.596E-07 -0.209E-06 0.100 0.500E-01 0.300E-01 0.298E-07 0.300E-01 -0.589E-06 -0.209E-06 0.500E-01 0.400E-01 0.400E-01 0.300E-01 0.300E-01 0.500E-01
0.500E-01 0.500E-01 -0.238E-06 -0.596E-07 0.500E-01 0.500E-01 0.100 0.500E-01 -0.209E-06 0.500E-01 0.100 0.100 0.100 0.100 0.100 0.100 0.500E-01 0.100 0.500E-01 0.500E-01 0.500E-01 -0.671E-07 0.500E-01 -0.238E-06 -0.209E-06 0.500E-01 0.100 0.100 0.800E-01 0.800E-01 0.500E-01 0.300E-01 0.300E-01 -0.156E-06 0.300E-01 0.300E-01 0.300E-01 -0.179E-06 0.119E-06 -0.596E-07 0.179E-06 0.298E-07 0.500E-01 0.100 0.100 0.100 0.100 0.149E-06 -0.209E-06 0.100 0.500E-01 0.300E-01 0.500E-01 0.500E-01 -0.156E-06 0.328E-06 0.400E-01 0.500E-01 0.400E-01 0.400E-01 0.300E-01 0.500E-01
0.500E-01 0.500E-01 -0.119E-06 0.179E-06 0.500E-01 -0.209E-06 -0.209E-06 -0.209E-06 0.500E-01 0.179E-06 0.500E-01 0.500E-01 0.100 0.500E-01 0.500E-01 0.500E-01 0.100 0.100 0.100 -0.596E-07 -0.596E-07 -0.671E-07 0.134E-06 -0.596E-07 0.238E-06 -0.179E-06 0.500E-01 0.100 0.800E-01 -0.119E-06 -0.119E-06 -0.119E-06 -0.298E-07 0.300E-01 0.500E-01 0.500E-01 0.500E-01 -0.149E-06 0.209E-06 0.596E-07 0.894E-07 0.500E-01 0.500E-01 0.100 0.100 0.100 0.100 0.500E-01 0.500E-01 0.100 -0.209E-06 0.500E-01 0.500E-01 0.500E-01 0.500E-01 0.671E-07 -0.201E-06 -0.373E-07 -0.648E-06 0.500E-01 0.400E-01 -0.596E-07
0.500E-01 0.500E-01 -0.179E-06 -0.209E-06 0.100 0.500E-01 0.500E-01 0.500E-01 -0.209E-06 -0.209E-06 0.179E-06 0.500E-01 0.500E-01 -0.209E-06 0.500E-01 -0.179E-06 0.500E-01 0.500E-01 0.100 0.100 0.100 0.500E-01 -0.596E-07 -0.671E-07 -0.596E-07 0.119E-06 -0.209E-06 -0.209E-06 -0.119E-06 -0.298E-07 -0.298E-07 -0.119E-06 -0.298E-07 0.179E-06 -0.894E-07 0.209E-06 0.300E-01 -0.179E-06 -0.209E-06 0.179E-06 0.298E-07 -0.119E-06 0.500E-01 0.500E-01 0.100 0.100 0.100 0.100 0.100 0.100 0.300E-01 0.500E-01 0.100 0.100 0.100 -0.596E-07 -0.596E-07 -0.119E-06 0.300E-01 0.500E-01 0.400E-01 0.400E-01
-0.209E-06 -0.209E-06 0.209E-06 0.500E-01 0.100 0.100 0.100 0.100 -0.209E-06 0.500E-01 -0.209E-06 -0.596E-07 0.500E-01 0.500E-01 0.119E-06 0.149E-06 -0.179E-06 -0.209E-06 0.100 0.100 0.100 -0.596E-07 0.149E-06 -0.596E-07 -0.596E-07 -0.209E-06 -0.119E-06 -0.179E-06 -0.149E-06 -0.298E-07 -0.238E-06 -0.119E-06 0. -0.894E-07 0. 0.300E-01 0.500E-01 -0.119E-06 0.500E-01 0.500E-01 -0.209E-06 -0.149E-06 -0.894E-07 -0.522E-07 -0.745E-08 0.100 0.100 0.100 0.100 0.100 -0.298E-07 0.500E-01 0.100 0.100 0.100 -0.209E-06 -0.179E-06 0.300E-01 0.300E-01 0.300E-01 0.500E-01 0.500E-01
-0.596E-07 -0.596E-07 0.500E-01 -0.119E-06 0.500E-01 0.100 0.100 0.100 0.500E-01 0.500E-01 -0.209E-06 -0.209E-06 -0.209E-06 0.500E-01 0.500E-01 0.500E-01 0. -0.209E-06 0.500E-01 0.100 0.100 0.100 -0.596E-07 -0.149E-06 0.179E-06 -0.209E-06 -0.179E-06 0.596E-07 -0.894E-07 0.300E-01 0.300E-01 0.300E-01 0.156E-06 0.238E-06 0.500E-01 0.500E-01 0.300E-01 0.358E-06 0.500E-01 0.100 0.100 -0.209E-06 -0.209E-06 0.500E-01 0.500E-01 0.100 0.100 0.100 0.100 0.500E-01 0.500E-01 0.500E-01 0.100 0.100 0.100 -0.209E-06 0.149E-06 0.298E-07 0.300E-01 0.300E-01 0.500E-01 0.500E-01
-0.179E-06 0.149E-06 0.500E-01 -0.596E-07 -0.209E-06 0.100 0.100 0.100 0.100 -0.209E-06 0.500E-01 -0.209E-06 -0.209E-06 -0.209E-06 -0.209E-06 0.500E-01 0.500E-01 0.149E-06 0.500E-01 0.100 0.100 0.500E-01 -0.596E-07 -0.596E-07 0.300E-01 0.300E-01 0.119E-06 -0.179E-06 0.500E-01 0.300E-01 0.300E-01 0.209E-06 -0.112E-06 -0.596E-07 0.358E-06 0.179E-06 -0.209E-06 -0.298E-07 0.500E-01 0.500E-01 0.100 0.100 -0.238E-06 0.500E-01 0.100 0.100 0.100 0.100 0.100 0.500E-01 0.100 0.100 0.100 0.100 0.500E-01 -0.119E-06 -0.894E-07 0.500E-01 0.500E-01 -0.119E-06 0.500E-01 -0.201E-06
0.500E-01 -0.596E-07 0.100 -0.596E-07 -0.209E-06 0.100 0.100 0.100 0.500E-01 -0.820E-07 0.596E-07 0.500E-01 0.500E-01 0.500E-01 0.500E-01 -0.596E-07 0.500E-01 -0.119E-06 -0.298E-07 -0.596E-07 -0.596E-07 -0.119E-06 -0.149E-06 0.119E-06 -0.149E-06 -0.119E-06 0.500E-01 0.179E-06 0.500E-01 -0.596E-07 -0.179E-06 0.522E-07 0.447E-07 -0.209E-06 0.149E-06 0.300E-01 0.500E-01 0.500E-01 0.300E-01 0.500E-01 0.100 0.100 0.500E-01 0.500E-01 0.100 0.100 0.100 0.100 0.100 0.100 -0.201E-06 -0.201E-06 0.100 0.100 0.500E-01 0.179E-06 0.149E-06 0.500E-01 0.100 0.500E-01 -0.596E-07 -0.119E-06
0. 0.500E-01 0.500E-01 -0.596E-07 -0.209E-06 0.100 0.100 0.100 0.500E-01 0.500E-01 0.500E-01 -0.119E-06 0.500E-01 0.500E-01 0.119E-06 -0.179E-06 -0.209E-06 -0.209E-06 0.119E-06 -0.209E-06 0.209E-06 -0.119E-06 0.238E-06 -0.119E-06 0.500E-01 0.500E-01 0.500E-01 0.500E-01 -0.596E-07 -0.209E-06 -0.149E-06 0.373E-07 0.164E-06 -0.209E-06 -0.209E-06 -0.596E-07 0.100 0.100 0.100 0.100 0.100 0.100 0.100 0.500E-01 0.100 0.100 0.100 0.100 0.100 -0.209E-06 0.500E-01 0.500E-01 0.100 0.100 -0.209E-06 0.894E-07 0.500E-01 0.100 0.100 0.500E-01 0.300E-01 -0.149E-06
0.500E-01 0.500E-01 0.500E-01 -0.209E-06 -0.209E-06 0.100 0.100 0.100 0.500E-01 -0.596E-07 -0.596E-07 0.500E-01 0.500E-01 0.500E-01 0.894E-07 0.298E-07 0.238E-06 -0.894E-07 0.179E-06 -0.119E-06 0.596E-07 -0.149E-06 0.500E-01 0.500E-01 0.500E-01 0.100 0.500E-01 0.500E-01 -0.596E-07 -0.179E-06 0.373E-07 0.276E-06 0.253E-06 0.149E-06 -0.119E-06 0.500E-01 0.100 0.100 0.100 0.100 0.100 0.100 0.100 -0.745E-08 0.500E-01 0.500E-01 0.500E-01 0.100 0.100 0.500E-01 0.100 0.100 0.500E-01 -0.745E-08 -0.119E-06 0.500E-01 0.100 0.100 0.100 -0.209E-06 0.300E-01 0.500E-01
0.500E-01 0.500E-01 -0.209E-06 -0.209E-06 -0.179E-06 0.500E-01 0.100 0.100 0.500E-01 0.500E-01 0.500E-01 0.500E-01 0.500E-01 -0.149E-06 0.500E-01 0.500E-01 0.500E-01 -0.596E-07 0.500E-01 0.500E-01 0.894E-07 0.500E-01 0.500E-01 -0.596E-07 0.500E-01 0.500E-01 0.500E-01 0.300E-01 0.300E-01 -0.179E-06 0.671E-07 -0.723E-06 -0.745E-07 -0.477E-06 -0.119E-06 -0.201E-06 -0.745E-08 -0.745E-08 -0.745E-08 -0.671E-07 0.100 0.100 0.500E-01 0.500E-01 0.500E-01 0.500E-01 0.100 0.100 0.100 -0.231E-06 0.500E-01 -0.209E-06 -0.127E-06 -0.119E-06 -0.209E-06 0.100 0.100 0.100 0.100 0.500E-01 0.300E-01 0.500E-01
-0.596E-07 0.500E-01 0.149E-06 -0.209E-06 -0.179E-06 -0.209E-06 0.500E-01 0.500E-01 0.500E-01 0.100 0.500E-01 0.500E-01 0.500E-01 0.500E-01 0.500E-01 0.500E-01 0.500E-01 0.100 0.100 0.100 0.100 0.500E-01 -0.596E-07 -0.596E-07 0.500E-01 0.500E-01 0.300E-01 0.300E-01 0.300E-01 0.300E-01 -0.447E-07 0.104E-06 0.447E-07 -0.268E-06 -0.238E-06 -0.119E-06 0.596E-07 0. -0.179E-06 -0.119E-06 -0.596E-07 -0.671E-07 -0.216E-06 0.100 0.100 -0.209E-06 -0.745E-08 0.100 0.500E-01 0.500E-01 0.238E-06 0.238E-06 0.119E-06 0.209E-06 0.500E-01 0.100 0.100 0.100 0.100 0.500E-01 0.186E-06 0.500E-01
