share/VS_Project/swb/x64/Debug/MASS_BALANCE_05_15_1990.asc
NCOLS        340
NROWS        316
XLLCORNER     528502.530
YLLCORNER     274871.653
CELLSIZE        100.000
NODATA_VALUE    -9999.000
[rows 0 to 28 of 316, columns 260 to 324 of 340]
-0.179E-06 0.119E-06 0. 0.500E-01 0.500E-01 0. -0.596E-07 0. 0.300E-01 0.300E-01 -0.119E-06 0.179E-06 0.179E-06 0.358E-06 -0.179E-06 0.300E-01 -0.238E-06 0.300E-01 0.300E-01 0. 0. 0. 0.300E-01 0. 0. 0. 0. 0.300E-01 0.300E-01 0. 0. 0. -0.291E-06 0. 0. 0. 0.300E-01 0.300E-01 0.300E-01 0. 0.100 0.500E-01 0. 0. 0. 0. 0. 0. -0.596E-07 -0.596E-07 -0.119E-06 -0.596E-07 0.300E-01 0.300E-01 0.300E-01 0.300E-01 -0.238E-06 0.300E-01 -0.596E-07 0. 0. 0. 0. 0.300E-01 0.300E-01
0.500E-01 0. 0. 0. 0.500E-01 0. -0.596E-07 0.300E-01 0.300E-01 0.300E-01 -0.179E-06 0.179E-06 0. 0.179E-06 0.596E-07 0.300E-01 -0.596E-07 0.300E-01 -0.596E-07 0.300E-01 0. -0.238E-06 0. 0. 0. 0. 0. 0.300E-01 0.300E-01 0. -0.596E-07 0. 0.179E-06 0. 0. 0. 0.300E-01 0.300E-01 -0.596E-07 0. 0.100 0.500E-01 0. 0. 0. 0. 0. 0. -0.596E-07 -0.119E-06 0. -0.596E-07 0.300E-01 0.300E-01 0.300E-01 0.300E-01 0.300E-01 0. 0. 0.596E-07 0. 0.300E-01 0.300E-01 0.300E-01 0.300E-01
0.500E-01 0. 0. 0. 0. -0.596E-07 0.119E-06 0.300E-01 0.300E-01 0.300E-01 0. 0.179E-06 0. -0.119E-06 0.300E-01 0.300E-01 0.596E-07 0.300E-01 0.596E-07 0.179E-06 0. 0. 0. 0. -0.596E-07 0. 0.300E-01 0.300E-01 0.300E-01 0.300E-01 0.596E-07 0. 0. 0.298E-06 0.300E-01 0.300E-01 0.300E-01 0.300E-01 0. 0. 0.100 0.500E-01 0. 0. 0. 0. 0.300E-01 0.300E-01 0.300E-01 0.300E-01 0.300E-01 0.300E-01 0.300E-01 0.300E-01 0.300E-01 0.300E-01 0. 0. 0. 0.300E-01 0.300E-01 -0.238E-06 0.300E-01 0.300E-01 0.300E-01
0.100 0.500E-01 0. 0. 0. -0.596E-07 -0.119E-06 0.596E-07 -0.179E-06 -0.179E-06 0.119E-06 0.300E-01 -0.238E-06 -0.596E-07 0.300E-01 0.300E-01 -0.238E-06 0.300E-01 -0.596E-07 -0.179E-06 0. 0. 0. 0.300E-01 -0.596E-07 0. 0.300E-01 0.246E-06 0.300E-01 0.300E-01 -0.179E-06 -0.596E-07 0.300E-01 0.300E-01 0.300E-01 0.300E-01 0. 0. 0. 0.500E-01 0.100 0.500E-01 0. 0. 0. 0. 0.300E-01 0.300E-01 0.300E-01 0.300E-01 0.300E-01 0. 0.300E-01 0.300E-01 0.300E-01 0.300E-01 0.300E-01 0.300E-01 0. 0.300E-01 0.300E-01 0. 0.300E-01 0.300E-01 0.300E-01
0.100 0.100 0. 0. 0. -0.596E-07 0.119E-06 0. -0.596E-07 -0.238E-06 -0.179E-06 0.300E-01 0.300E-01 0.300E-01 0.300E-01 0.300E-01 -0.596E-07 0.300E-01 -0.596E-07 0. 0. 0. 0. 0.300E-01 0.300E-01 0. -0.112E-06 0. -0.291E-06 -0.291E-06 0.300E-01 0.300E-01 -0.596E-07 -0.119E-06 0.417E-06 0. 0. 0. 0. 0. 0. 0. 0. 0. 0. 0. 0.300E-01 0.300E-01 0.300E-01 0.300E-01 0.300E-01 0.300E-01 0.300E-01 0.300E-01 0.300E-01 0.300E-01 0.300E-01 0.300E-01 0.300E-01 0.300E-01 0.300E-01 0.596E-07 0.300E-01 0.300E-01 0.300E-01
0.500E-01 0. 0. 0. 0. -0.596E-07 0.596E-07 0.300E-01 0.300E-01 0.300E-01 0.300E-01 0.300E-01 0.300E-01 0.300E-01 0. 0. 0. 0. 0.596E-07 0. 0. 0. 0. 0.300E-01 0. 0. -0.291E-06 0. 0. 0. -0.179E-06 0. 0. -0.596E-07 -0.596E-07 0.300E-01 -0.298E-06 0. 0.500E-01 0. 0.300E-01 -0.238E-06 0.300E-01 0.300E-01 0.300E-01 0.300E-01 0.300E-01 0.300E-01 0.300E-01 0.300E-01 0.300E-01 0.179E-06 0.179E-06 0.119E-06 0.300E-01 0.300E-01 0.300E-01 0.300E-01 0.300E-01 0.300E-01 0.119E-06 -0.179E-06 0.179E-06 0.300E-01 0.300E-01
-0.596E-07 0. 0. 0. 0. -0.596E-07 0.300E-01 0.300E-01 0.300E-01 0.300E-01 0.300E-01 -0.238E-06 -0.238E-06 -0.238E-06 0. 0. 0. -0.596E-07 0.300E-01 0.300E-01 0.300E-01 0.300E-01 0.300E-01 -0.238E-06 0.119E-06 0.179E-06 -0.112E-06 0. 0. -0.291E-06 0.300E-01 0. 0. 0. 0.179E-06 0.500E-01 0.500E-01 0.500E-01 0.500E-01 -0.179E-06 0. 0. -0.179E-06 0.300E-01 0.300E-01 0.300E-01 0.300E-01 0.300E-01 0. -0.238E-06 0.300E-01 0. 0.300E-01 0.300E-01 0.300E-01 0.300E-01 -0.238E-06 0.119E-06 0.298E-06 0.300E-01 0.300E-01 0.300E-01 0.300E-01 0.300E-01 0.300E-01
-0.596E-07 0. 0. 0. 0. -0.596E-07 -0.596E-07 0.300E-01 0.300E-01 0.300E-01 0.300E-01 0.300E-01 0.300E-01 0.300E-01 0. 0. 0. 0. -0.179E-06 0.300E-01 -0.238E-06 0. 0. 0. 0. 0.179E-06 -0.112E-06 0. 0. 0. 0.300E-01 0. -0.179E-06 -0.119E-06 0. 0. 0.100 0.100 0.100 0. 0.298E-06 -0.179E-06 0.300E-01 0.300E-01 0.300E-01 0.300E-01 0.300E-01 0.300E-01 0. 0. 0.596E-07 -0.238E-06 0.300E-01 0.300E-01 0.300E-01 0.300E-01 0.300E-01 0.300E-01 0.300E-01 -0.119E-06 0.300E-01 0.300E-01 0.300E-01 0.300E-01 0.300E-01
0.300E-01 0.300E-01 0.300E-01 0. 0.179E-06 0.300E-01 0.300E-01 0. 0. 0. 0. 0. 0. 0. 0. 0. 0. 0. 0.300E-01 0.300E-01 0.300E-01 0. 0. 0. 0. -0.298E-06 -0.119E-06 -0.291E-06 0. 0. 0.300E-01 0. -0.119E-06 0.596E-07 0. -0.596E-07 0.100 0.100 0.500E-01 0. 0. -0.179E-06 0.300E-01 0.300E-01 0.300E-01 0.300E-01 0.300E-01 0.300E-01 0. 0. -0.179E-06 -0.596E-07 0.300E-01 0.300E-01 0.300E-01 0.300E-01 -0.596E-07 -0.596E-07 0.300E-01 0.300E-01 0.300E-01 0.300E-01 0.300E-01 0.300E-01 0.300E-01
0.596E-07 -0.238E-06 0. 0.300E-01 0.300E-01 0.300E-01 0.300E-01 0. 0. 0. 0. 0. 0. 0. 0. 0. 0. 0. -0.179E-06 0.300E-01 0.300E-01 -0.238E-06 0. 0.300E-01 0. -0.179E-06 0.300E-01 0.300E-01 0. 0. 0.300E-01 -0.596E-07 -0.596E-07 -0.596E-07 -0.596E-07 -0.119E-06 0.100 0.100 0.100 0. 0. 0.417E-06 0.300E-01 0.300E-01 0.300E-01 0.300E-01 0.300E-01 0. -0.238E-06 -0.417E-06 -0.596E-07 -0.596E-07 0.300E-01 0.300E-01 0.300E-01 0.300E-01 -0.238E-06 0. -0.596E-07 -0.596E-07 0.300E-01 0.300E-01 0.300E-01 0.300E-01 -0.238E-06
-0.238E-06 0.238E-06 -0.238E-06 0.300E-01 0.300E-01 0.300E-01 0.300E-01 0. 0. 0. 0. 0. 0. 0. 0. 0. 0. 0.300E-01 0.300E-01 0.300E-01 0. 0. 0.300E-01 0.300E-01 0.300E-01 0.300E-01 0.300E-01 0.300E-01 0.300E-01 0.300E-01 0.300E-01 0.300E-01 -0.596E-07 -0.596E-07 0. -0.596E-07 0.500E-01 0.100 0.100 0. 0. -0.298E-06 0.300E-01 0. 0.300E-01 0. 0.300E-01 -0.238E-06 -0.179E-06 0.300E-01 0.300E-01 0.300E-01 0.300E-01 0.300E-01 0.300E-01 0. 0.300E-01 0. -0.596E-07 0. 0.300E-01 0.300E-01 0.300E-01 0.300E-01 -0.410E-06
0.300E-01 0.300E-01 0.300E-01 0.300E-01 0.300E-01 0.300E-01 0.300E-01 0. 0. 0. 0. 0. 0. 0. 0. 0. 0. 0.300E-01 0.300E-01 0.300E-01 0. 0. 0.300E-01 0.300E-01 0.300E-01 0.300E-01 0.300E-01 0.300E-01 0.300E-01 0.300E-01 0.300E-01 -0.238E-06 -0.119E-06 0. 0. 0. -0.596E-07 0.100 0.100 0. 0. 0. 0.179E-06 0. 0.119E-06 0. 0. -0.536E-06 0.300E-01 0.300E-01 0.300E-01 0.300E-01 0.596E-07 0.596E-07 -0.596E-07 0.300E-01 0. 0. 0. 0.300E-01 0.300E-01 0.300E-01 0.500E-01 0.800E-01 0.
0.500E-01 0.300E-01 0.300E-01 0.300E-01 0.300E-01 0.300E-01 0.300E-01 -0.238E-06 0. 0. 0. 0. 0. 0. -0.238E-06 0. 0. 0.300E-01 0.300E-01 0.300E-01 0.300E-01 0. 0. 0.300E-01 0.300E-01 0.300E-01 0.300E-01 0.300E-01 0.300E-01 0.300E-01 0.300E-01 0.300E-01 -0.238E-06 0. 0. -0.596E-07 -0.596E-07 0.500E-01 0.100 -0.596E-07 0.596E-07 0. -0.179E-06 0. -0.417E-06 -0.179E-06 0.417E-06 0. 0.300E-01 0.300E-01 0.300E-01 0.300E-01 0. -0.596E-07 -0.596E-07 0.300E-01 0.300E-01 -0.596E-07 0.300E-01 0.300E-01 0.500E-01 0.500E-01 0.300E-01 0. 0.
0.300E-01 0.300E-01 0.300E-01 0.300E-01 0.300E-01 0.300E-01 0.300E-01 -0.238E-06 0.238E-06 0.300E-01 0. 0. 0. 0. 0.238E-06 0. 0. 0.300E-01 0.300E-01 0.300E-01 -0.238E-06 0. 0. 0.300E-01 0.300E-01 0.300E-01 0.179E-06 -0.179E-06 -0.179E-06 0.300E-01 0.300E-01 -0.238E-06 -0.119E-06 0. 0. 0.596E-07 0.596E-07 0. 0. -0.119E-06 0.300E-01 0.300E-01 -0.238E-06 -0.298E-06 -0.596E-07 0. 0. 0.300E-01 0.300E-01 0.300E-01 0.300E-01 0.300E-01 -0.596E-07 -0.596E-07 0. 0. 0. 0. 0.500E-01 0.500E-01 0. 0.300E-01 -0.596E-07 0.300E-01 0.
0.300E-01 0.300E-01 0.300E-01 0.300E-01 -0.596E-07 0.300E-01 0.300E-01 -0.179E-06 0.119E-06 0.300E-01 0.300E-01 0.300E-01 0.300E-01 0. -0.119E-06 0.300E-01 0.300E-01 0.300E-01 0.300E-01 0.179E-06 -0.119E-06 -0.596E-07 0.300E-01 0.300E-01 0.300E-01 0.300E-01 -0.596E-07 -0.179E-06 -0.596E-07 0.500E-01 -0.596E-07 0. 0.300E-01 0. -0.238E-06 0.179E-06 -0.596E-07 -0.596E-07 0. -0.596E-07 0.300E-01 0. 0.300E-01 -0.238E-06 -0.417E-06 -0.596E-07 -0.238E-06 0.300E-01 0.300E-01 0.300E-01 0.300E-01 0.305E-06 -0.350E-06 0.300E-01 0. 0.300E-01 0.300E-01 0. 0.300E-01 -0.112E-06 0.500E-01 0.365E-06 -0.112E-06 0.300E-01 0.300E-01
0.300E-01 0.300E-01 0.300E-01 0. -0.238E-06 0.300E-01 0.300E-01 0. 0. 0. 0.300E-01 0.300E-01 -0.238E-06 0.179E-06 0. 0.300E-01 0.300E-01 0.300E-01 0.300E-01 -0.596E-07 -0.596E-07 0. 0.300E-01 0.300E-01 0.300E-01 0.300E-01 -0.298E-06 0.596E-07 -0.596E-07 0.500E-01 -0.596E-07 0.300E-01 0.300E-01 0.300E-01 0.500E-01 0.500E-01 -0.238E-06 0.179E-06 0.179E-06 -0.179E-06 -0.179E-06 0.238E-06 0.300E-01 0.300E-01 -0.298E-06 -0.596E-07 0. 0. 0. -0.238E-06 -0.358E-06 0.596E-07 0.298E-06 0.300E-01 0.300E-01 0.300E-01 0.300E-01 0.300E-01 0.300E-01 0.298E-06 0.500E-01 0.100 -0.596E-07 0.300E-01 0.300E-01
0.119E-06 0.300E-01 0.300E-01 0.300E-01 -0.119E-06 0.300E-01 0.300E-01 0. -0.119E-06 -0.119E-06 -0.238E-06 0.300E-01 -0.179E-06 -0.596E-07 -0.179E-06 0.300E-01 0. 0. 0. -0.596E-07 -0.596E-07 0. 0. 0.300E-01 0.300E-01 0.300E-01 0.179E-06 -0.119E-06 -0.596E-07 0.500E-01 -0.596E-07 -0.596E-07 -0.596E-07 0. 0. 0. 0. 0. 0. 0. 0. -0.179E-06 0.300E-01 0.300E-01 -0.596E-07 -0.596E-07 -0.119E-06 -0.119E-06 0. 0. -0.946E-06 -0.767E-06 -0.477E-06 -0.179E-06 0.671E-07 0.300E-01 0.300E-01 0.300E-01 0.300E-01 -0.179E-06 -0.112E-06 0.300E-01 -0.596E-07 -0.596E-07 0.500E-01
-0.238E-06 -0.596E-07 0.300E-01 0.300E-01 0. 0. 0. 0. -0.596E-07 0. 0.300E-01 0.300E-01 0.300E-01 0.179E-06 0. 0.300E-01 0. 0. 0. 0.300E-01 0.300E-01 0. 0.300E-01 0.300E-01 0.300E-01 0.300E-01 -0.596E-07 0.300E-01 0.500E-01 0.500E-01 0.500E-01 -0.410E-06 0. 0. 0. 0. 0. 0. 0. 0. 0. 0. 0.300E-01 0.300E-01 0.300E-01 0.300E-01 0.300E-01 -0.119E-06 0.300E-01 0.300E-01 0.500E-01 0.425E-06 0.305E-06 -0.469E-06 -0.410E-06 -0.358E-06 0.300E-01 0.300E-01 0.300E-01 0.300E-01 0.500E-01 0.500E-01 0. 0.500E-01 0.500E-01
-0.596E-07 0.300E-01 0.300E-01 0.300E-01 0. 0. 0. -0.238E-06 0.300E-01 0. 0. 0.300E-01 0.300E-01 -0.596E-07 0.300E-01 0.300E-01 0. 0. 0. 0.300E-01 0.300E-01 0.300E-01 0.300E-01 0.300E-01 0.300E-01 0.300E-01 0.300E-01 0.300E-01 0. 0.300E-01 0.100 0.179E-06 -0.596E-07 0. 0. 0. 0. 0. 0. 0. 0. -0.596E-07 0.300E-01 0.300E-01 0.300E-01 0.300E-01 0.300E-01 0.300E-01 0.300E-01 0.300E-01 0. 0.894E-06 0.425E-06 0.127E-06 0.745E-08 -0.291E-06 0.300E-01 0.300E-01 0.300E-01 0.300E-01 0.500E-01 0.100 0. 0.100 0.100
-0.596E-07 0.300E-01 0.300E-01 0.300E-01 -0.179E-06 0. -0.596E-07 0. 0.300E-01 0. 0.300E-01 0.300E-01 0.300E-01 -0.596E-07 -0.596E-07 0.417E-06 0.300E-01 0.300E-01 0.300E-01 0.300E-01 0.300E-01 0.300E-01 0.300E-01 0.300E-01 0.300E-01 0.300E-01 0. 0.179E-06 0. 0.300E-01 0.100 0.100 0.500E-01 0.500E-01 0.500E-01 0. 0. 0. 0. 0. 0. 0.179E-06 0.300E-01 0.300E-01 0.300E-01 0.300E-01 0.300E-01 0.300E-01 0.300E-01 0.300E-01 0.500E-01 0.425E-06 0.425E-06 0.902E-06 0.425E-06 -0.291E-06 0.300E-01 0.300E-01 0.300E-01 -0.596E-07 0.300E-01 0.300E-01 0.300E-01 0.100 0.100
0.500E-01 0.300E-01 0.300E-01 0.300E-01 -0.179E-06 -0.596E-07 0.179E-06 0. 0. 0. -0.596E-07 0.300E-01 0.300E-01 -0.238E-06 0.300E-01 -0.119E-06 -0.119E-06 0. -0.238E-06 0.300E-01 0.300E-01 0.300E-01 0.300E-01 0. 0.300E-01 0.300E-01 0.119E-06 -0.298E-06 0.119E-06 0.596E-07 0.500E-01 0.500E-01 0.300E-01 0.500E-01 0.100 0. 0. 0. 0. 0. 0. 0.300E-01 0.300E-01 0.300E-01 0.300E-01 0.300E-01 0.300E-01 0.300E-01 0.300E-01 0.300E-01 -0.112E-06 0.300E-01 0.300E-01 0.300E-01 0.300E-01 0.186E-06 -0.410E-06 0.300E-01 0.300E-01 -0.119E-06 -0.238E-06 -0.298E-06 -0.298E-06 -0.596E-07 0.300E-01
0.500E-01 0.300E-01 0.300E-01 0.300E-01 -0.596E-07 -0.596E-07 -0.596E-07 0. 0. 0. 0. 0.300E-01 -0.596E-07 -0.596E-07 0.300E-01 0.500E-01 0.300E-01 0.300E-01 0.300E-01 0.300E-01 0.300E-01 0.300E-01 0.300E-01 -0.358E-06 0.300E-01 0.300E-01 0.179E-06 -0.596E-07 -0.231E-06 -0.410E-06 0.300E-01 0. 0. -0.596E-07 0.100 0. 0. 0. 0. 0. 0.300E-01 0.300E-01 0.300E-01 0.300E-01 0.300E-01 0.300E-01 0.300E-01 0.373E-07 0.800E-01 0.500E-01 0.800E-01 0.500E-01 0.300E-01 0.300E-01 0.300E-01 0.300E-01 0.300E-01 0.300E-01 0.300E-01 -0.596E-07 0.119E-06 0.417E-06 -0.119E-06 0.300E-01 0.500E-01
-0.238E-06 0. 0. -0.238E-06 -0.238E-06 -0.238E-06 0. 0. 0. 0. 0.300E-01 -0.596E-07 -0.238E-06 -0.179E-06 0.500E-01 0.500E-01 0.300E-01 0. 0.300E-01 0. 0.300E-01 0.300E-01 0.300E-01 0. 0.300E-01 0.300E-01 -0.298E-06 0.179E-06 0.300E-01 0.300E-01 0.300E-01 0. 0. 0.300E-01 0.100 0. 0. 0. 0. 0.300E-01 0.300E-01 0.300E-01 0.300E-01 0.300E-01 0.300E-01 0.300E-01 0.300E-01 0.500E-01 0.500E-01 0.500E-01 0. 0.500E-01 0. 0.596E-07 0. 0.300E-01 0.300E-01 0.300E-01 0.300E-01 0.782E-06 -0.417E-06 -0.298E-06 -0.596E-07 0.300E-01 0.300E-01
-0.596E-07 -0.238E-06 0.300E-01 0.300E-01 0.300E-01 0.300E-01 0.300E-01 0. 0. 0.500E-01 0.500E-01 0.300E-01 0.300E-01 0. 0. 0.500E-01 0.100 0. 0. -0.238E-06 0.300E-01 0.300E-01 0. 0. -0.596E-07 -0.238E-06 -0.596E-07 -0.179E-06 0.300E-01 0.300E-01 -0.291E-06 -0.291E-06 0. 0.500E-01 0.100 0.300E-01 -0.238E-06 0. -0.291E-06 0.300E-01 -0.522E-07 0.300E-01 0.300E-01 0.300E-01 0.300E-01 0.300E-01 0.500E-01 0.500E-01 0. 0.300E-01 0.500E-01 0.500E-01 0.500E-01 0. 0.500E-01 0.300E-01 0.300E-01 0.300E-01 0.186E-06 0.663E-06 -0.648E-06 0.246E-06 0.238E-06 0.300E-01 0.300E-01
-0.179E-06 0.300E-01 0. 0.300E-01 0.300E-01 0.300E-01 0.300E-01 -0.238E-06 -0.596E-07 0.500E-01 0.100 0.500E-01 0. 0. 0. 0.300E-01 0.100 0. 0. 0.300E-01 0.300E-01 0.300E-01 0. 0. -0.596E-07 -0.101E-05 0.300E-01 0.300E-01 0.300E-01 0.300E-01 0. 0.179E-06 0. 0.500E-01 0.100 0. 0. 0. 0.300E-01 0.300E-01 0.300E-01 0.300E-01 0.300E-01 0.300E-01 0.300E-01 0.800E-01 0.800E-01 0. 0. 0. -0.112E-06 0.500E-01 0.179E-06 0. 0.500E-01 0. 0. -0.291E-06 -0.522E-07 0.186E-06 0. 0. -0.596E-07 0. 0.300E-01
-0.596E-07 0.300E-01 0. 0. 0. 0.300E-01 0. -0.238E-06 0. 0.179E-06 0.238E-06 -0.596E-07 0. 0. 0.300E-01 0.100 0.100 0. 0. -0.596E-07 0.417E-06 0.300E-01 0. 0. -0.596E-07 -0.119E-06 -0.119E-06 -0.119E-06 -0.238E-06 0.300E-01 0. 0.298E-06 0.300E-01 0. 0. 0. 0. 0. -0.410E-06 0.425E-06 -0.101E-05 -0.529E-06 -0.522E-07 0. 0.800E-01 0.500E-01 -0.596E-07 0. 0. 0.300E-01 -0.522E-07 -0.238E-06 0. 0. 0.500E-01 0.500E-01 0. -0.596E-07 0.300E-01 0.127E-06 -0.767E-06 0. 0.238E-06 -0.402E-06 0.300E-01
0. 0. 0. 0.500E-01 0.500E-01 0.300E-01 0. 0. 0. 0. 0.119E-06 0.596E-07 0. 0. 0.300E-01 -0.238E-06 0. 0. 0. 0.596E-07 -0.596E-07 -0.536E-06 0. -0.596E-07 0. 0.300E-01 -0.596E-07 -0.596E-07 -0.596E-07 -0.596E-07 0. -0.119E-06 0.300E-01 0. -0.238E-06 0.596E-07 0.179E-06 -0.119E-06 0.300E-01 -0.767E-06 -0.522E-07 -0.767E-06 0.186E-05 0.100 0.500E-01 0. 0. -0.596E-07 -0.119E-06 0.300E-01 0. 0. 0. 0. 0. 0. 0.300E-01 0.300E-01 0.300E-01 0.300E-01 0.300E-01 0.544E-06 0.500E-01 0.300E-01 0.300E-01
0. 0. 0.500E-01 0.500E-01 0. 0. 0. -0.291E-06 0. 0. 0. 0.119E-06 0. -0.596E-07 0.300E-01 0. 0. 0. -0.596E-07 -0.596E-07 -0.596E-07 0.500E-01 0.500E-01 -0.596E-07 -0.238E-06 0. -0.596E-07 -0.596E-07 -0.596E-07 -0.596E-07 0.596E-07 0.238E-06 0.300E-01 0.300E-01 0.300E-01 0.300E-01 -0.238E-06 0.300E-01 0.186E-06 -0.291E-06 0.902E-06 0.186E-05 0. 0.100 0.500E-01 0. -0.291E-06 0. 0. 0.300E-01 0.300E-01 0. 0. 0. 0. 0. 0.300E-01 0. 0. 0.300E-01 0.300E-01 0.300E-01 0.300E-01 0.300E-01 0.300E-01
0. 0.500E-01 0.500E-01 0.500E-01 0. 0. 0. 0.179E-06 0. 0. 0. 0. 0.119E-06 0.300E-01 0.300E-01 0.300E-01 0. 0. -0.179E-06 -0.119E-06 0. 0.300E-01 0.500E-01 0. 0. 0. 0.596E-07 -0.291E-06 -0.596E-07 -0.410E-06 0.238E-06 0.300E-01 0.300E-01 0.300E-01 0.300E-01 -0.596E-07 0.596E-07 0.300E-01 0.186E-06 -0.767E-06 -0.148E-05 -0.522E-07 0.300E-01 0.800E-01 -0.291E-06 -0.291E-06 0.179E-06 0.300E-01 0.300E-01 0.300E-01 0.300E-01 0. 0. 0. 0. 0. 0.300E-01 0.300E-01 -0.119E-06 0.500E-01 0.300E-01 0.500E-01 0.300E-01 0.300E-01 0.300E-01
