share/VS_Project/swb/x64/Debug/MASS_BALANCE_08_28_1989.asc
NCOLS        340
NROWS        316
XLLCORNER     528502.530
YLLCORNER     274871.653
CELLSIZE        100.000
NODATA_VALUE    -9999.000
[rows 0 to 27 of 316, columns 62 to 123 of 340]
0.300E-01 0.300E-01 0.500E-01 -0.715E-06 -0.358E-06 0. 0.238E-06 0.238E-06 0. 0.500E-01 0.500E-01 0.500E-01 0.500E-01 0.500E-01 -0.715E-06 0.500E-01 0.400E-01 0.350E-06 0.500E-01 0.500E-01 0.500E-01 0.350E-06 0.350E-06 0.500E-01 0.350E-06 0.350E-06 0.350E-06 0.350E-06 0.350E-06 0. 0.238E-06 0.119E-06 0.119E-06 0.350E-06 0.350E-06 0.238E-06 -0.238E-06 0.477E-06 0. 0. 0.477E-06 0.238E-06 -0.477E-06 -0.477E-06 -0.238E-06 0.358E-06 0. 0.238E-06 -0.238E-06 0.300E-01 0.300E-01 0.300E-01 0.300E-01 0.300E-01 0.596E-06 0.300E-01 0.596E-06 0. 0.400E-01 0.400E-01 0.400E-01 -0.715E-06
0.300E-01 0.500E-01 0.477E-06 -0.715E-06 0.500E-01 0.238E-06 0.112E-06 0. 0. 0.100 0.500E-01 0.500E-01 0.500E-01 0.500E-01 0.238E-06 0.500E-01 0.500E-01 0.350E-06 0.350E-06 0.500E-01 0.500E-01 0.800E-01 0.350E-06 0.350E-06 0.119E-06 0.350E-06 0.350E-06 0.112E-06 0.112E-06 0. 0. 0.715E-06 0. 0.350E-06 0.350E-06 -0.477E-06 0.119E-06 0.358E-06 0.238E-06 0.477E-06 -0.477E-06 0.500E-01 0.800E-01 0.800E-01 0.477E-06 0.477E-06 0.119E-06 0. 0.238E-06 0.715E-06 -0.238E-06 0. 0.300E-01 0.300E-01 0. -0.119E-06 -0.119E-06 -0.358E-06 0. -0.119E-06 0.400E-01 0.500E-01
0.500E-01 0.500E-01 -0.715E-06 0.500E-01 0. 0. 0. 0. 0.500E-01 0.100 0.500E-01 0.500E-01 0. 0.500E-01 0.500E-01 0.500E-01 0.400E-01 0.350E-06 0.350E-06 0.500E-01 0.100 0.500E-01 0.800E-01 0.350E-06 0.350E-06 0.112E-06 0.112E-06 0.358E-06 0. 0.238E-06 0.238E-06 0. 0.350E-06 0.350E-06 0.350E-06 -0.238E-06 0.477E-06 0.477E-06 0.238E-06 0. 0.300E-01 0.300E-01 0.300E-01 0.300E-01 0.300E-01 0.300E-01 0.300E-01 0.300E-01 0.300E-01 0.300E-01 0.119E-06 0.358E-06 0.300E-01 0.300E-01 -0.238E-06 0. -0.834E-06 0.400E-01 -0.358E-06 -0.358E-06 0.100 0.500E-01
0.500E-01 0.715E-06 0.500E-01 0.500E-01 0. 0. 0. 0. 0.100 0.500E-01 0.500E-01 0.500E-01 0.500E-01 0.596E-06 0.400E-01 0.400E-01 0.500E-01 0.500E-01 0.100 0.500E-01 0.100 0.100 0.100 0.350E-06 0.350E-06 0.300E-01 0.300E-01 0.300E-01 0.300E-01 0.300E-01 0.300E-01 0.358E-06 -0.238E-06 -0.127E-06 0.119E-06 0.596E-06 0.300E-01 0.300E-01 0.300E-01 0.300E-01 0.477E-06 0.477E-06 0. 0.300E-01 0.300E-01 0.300E-01 0.300E-01 -0.119E-06 0. 0.300E-01 0.477E-06 -0.238E-06 0.300E-01 0.300E-01 0. -0.358E-06 0.500E-01 0.500E-01 0.350E-06 0.500E-01 0.500E-01 0.358E-06
0.715E-06 -0.603E-06 0.500E-01 0. 0. 0.500E-01 0. -0.834E-06 0.100 0.100 0.500E-01 0.500E-01 -0.477E-06 -0.477E-06 -0.715E-06 0.500E-01 0.500E-01 0.800E-01 0.800E-01 0.800E-01 0.500E-01 0.100 0.100 0.350E-06 0.112E-06 0.300E-01 0.300E-01 0.300E-01 0.300E-01 0.300E-01 0.300E-01 -0.119E-06 -0.238E-06 0.477E-06 0.238E-06 0.300E-01 0.300E-01 0.300E-01 0.238E-06 0.300E-01 0.477E-06 0. 0.477E-06 -0.238E-06 0.300E-01 0.300E-01 0.300E-01 0.119E-06 0.300E-01 0.300E-01 0.300E-01 0.500E-01 0.500E-01 0.300E-01 0.300E-01 -0.127E-06 0.500E-01 0.500E-01 -0.119E-06 -0.358E-06 0.358E-06 -0.238E-06
0.100 0.500E-01 0. 0. 0. 0. 0. -0.834E-06 0.100 0.100 0.100 0.500E-01 0.954E-06 0.112E-06 0. 0.500E-01 0.350E-06 0.800E-01 0.800E-01 0.800E-01 0.800E-01 0.500E-01 0.500E-01 0.350E-06 0.112E-06 0.300E-01 0.300E-01 0.300E-01 0.300E-01 0.300E-01 0.300E-01 0.300E-01 0.715E-06 -0.477E-06 0.119E-06 -0.477E-06 0.300E-01 0.300E-01 0.300E-01 0. -0.238E-06 0. 0.300E-01 0.300E-01 0.300E-01 0.300E-01 0.300E-01 -0.238E-06 0.300E-01 0.300E-01 0.300E-01 0.300E-01 0.300E-01 0.300E-01 0.500E-01 0.500E-01 0.500E-01 -0.119E-06 -0.127E-06 0. 0. -0.358E-06
0.100 0.350E-06 0. 0. 0. 0. -0.834E-06 0.100 0.500E-01 0.500E-01 0.500E-01 -0.715E-06 0.500E-01 -0.715E-06 0.400E-01 0.500E-01 0.350E-06 0.800E-01 0.800E-01 0.500E-01 0.500E-01 0.500E-01 0.350E-06 0.350E-06 0.112E-06 0.300E-01 0.300E-01 0.300E-01 0.300E-01 0.300E-01 0.300E-01 0.300E-01 0.477E-06 0.477E-06 0.238E-06 -0.119E-06 0.300E-01 0.300E-01 0.300E-01 0.300E-01 0.238E-06 -0.119E-06 0.300E-01 0.300E-01 0.300E-01 0.300E-01 0.300E-01 0.300E-01 0.300E-01 0.300E-01 0.300E-01 0.300E-01 0.300E-01 0.300E-01 0.300E-01 0.300E-01 0.119E-06 -0.127E-06 0. 0.477E-06 -0.358E-06 0.119E-06
-0.834E-06 0. 0. 0. 0. 0.107E-05 -0.477E-06 0.500E-01 0.500E-01 0.500E-01 0.500E-01 0.500E-01 0.500E-01 -0.715E-06 -0.715E-06 -0.715E-06 0.350E-06 0.350E-06 0.800E-01 0.500E-01 0.500E-01 0.500E-01 0.500E-01 0.112E-06 0.300E-01 0.300E-01 0.300E-01 0.300E-01 0.300E-01 0.300E-01 0.300E-01 0.300E-01 0.119E-06 0. 0.238E-06 0.477E-06 0.300E-01 0.300E-01 0.300E-01 0.300E-01 0.358E-06 0.358E-06 0.300E-01 0.300E-01 0.300E-01 0.300E-01 0.300E-01 0.477E-06 0.300E-01 0.300E-01 -0.238E-06 0.300E-01 0.300E-01 0.500E-01 0.300E-01 0.300E-01 -0.238E-06 0.119E-06 -0.358E-06 -0.238E-06 -0.119E-06 -0.358E-06
0. 0. 0. 0. -0.834E-06 -0.954E-06 0.100 0.100 0.500E-01 0.500E-01 0.500E-01 0.500E-01 0.400E-01 -0.365E-06 0.400E-01 -0.238E-06 0.500E-01 0.500E-01 0.500E-01 0.350E-06 0.112E-06 0.500E-01 0.112E-06 0. 0.300E-01 0.300E-01 0.300E-01 0.300E-01 0.300E-01 0.300E-01 0.300E-01 0.300E-01 -0.127E-06 -0.358E-06 -0.238E-06 -0.238E-06 0.358E-06 -0.238E-06 -0.238E-06 -0.238E-06 -0.358E-06 0.477E-06 0.300E-01 0.300E-01 0.300E-01 0.300E-01 0.300E-01 -0.119E-06 0.300E-01 0.300E-01 0.300E-01 0.800E-01 0.238E-06 -0.119E-06 0.119E-06 0.300E-01 -0.358E-06 0.238E-06 -0.238E-06 -0.358E-06 -0.358E-06 -0.715E-06
0. 0. 0. 0. 0. 0.100 0.100 0.500E-01 0.500E-01 0.100 0.500E-01 -0.603E-06 0.400E-01 0.350E-06 0.954E-06 0.477E-06 -0.127E-06 0.500E-01 0.800E-01 0.119E-06 -0.127E-06 0.500E-01 0.350E-06 0.477E-06 0.300E-01 0.300E-01 0.300E-01 0.300E-01 0.300E-01 0.300E-01 0.300E-01 0.715E-06 0. -0.358E-06 0.300E-01 -0.358E-06 0. 0. 0.119E-06 0.119E-06 -0.358E-06 0.119E-06 0.300E-01 0.300E-01 -0.238E-06 0.300E-01 0.300E-01 0.119E-06 -0.358E-06 -0.238E-06 0.119E-06 0.238E-06 0.300E-01 -0.238E-06 -0.358E-06 0. 0.300E-01 0.300E-01 0.300E-01 0.350E-06 0.350E-06 0.500E-01
0. 0. 0. 0. 0.100 0.100 0.100 0.500E-01 0.100 0.100 0.400E-01 0.400E-01 0.400E-01 0.238E-06 0.477E-06 0.119E-06 0.500E-01 0.800E-01 -0.127E-06 0.238E-06 -0.119E-06 0.119E-06 0.596E-06 0.300E-01 0.300E-01 0.300E-01 0.300E-01 0.300E-01 0.300E-01 0.119E-06 0.300E-01 0.112E-06 -0.119E-06 -0.238E-06 0.300E-01 -0.358E-06 -0.358E-06 0.300E-01 0.300E-01 0.300E-01 0.800E-01 0.300E-01 0.300E-01 0.300E-01 0.300E-01 0.300E-01 0. 0.300E-01 0.238E-06 0.715E-06 0. 0.300E-01 -0.119E-06 0. -0.715E-06 -0.358E-06 0.300E-01 0.300E-01 0.300E-01 0.300E-01 0.350E-06 0.350E-06
0. 0. 0.100 0.500E-01 0.500E-01 0.100 0.100 0.100 0.500E-01 0.500E-01 0.358E-06 0.350E-06 0.400E-01 0.500E-01 0.500E-01 0.500E-01 0.500E-01 0.400E-01 -0.238E-06 0.596E-06 0.500E-01 0.500E-01 0.400E-01 0.715E-06 0.119E-06 0.358E-06 0.119E-06 -0.238E-06 0.238E-06 0.300E-01 -0.238E-06 0.300E-01 0.350E-06 -0.358E-06 0.300E-01 -0.238E-06 -0.358E-06 -0.358E-06 -0.358E-06 -0.358E-06 -0.238E-06 -0.238E-06 -0.238E-06 0.300E-01 -0.477E-06 0.477E-06 0.238E-06 0. 0.477E-06 -0.477E-06 -0.238E-06 0.238E-06 0.477E-06 0.238E-06 0.238E-06 0.477E-06 0.300E-01 0.300E-01 0.300E-01 0.350E-06 0.350E-06 0.800E-01
0. 0. 0.500E-01 0.500E-01 0.500E-01 0.100 0.500E-01 0.500E-01 -0.842E-06 -0.715E-06 0.954E-06 -0.715E-06 0.350E-06 0.112E-06 0.500E-01 0.119E-06 -0.358E-06 0.500E-01 0. 0.500E-01 0.500E-01 0.500E-01 0.500E-01 -0.127E-06 0.500E-01 0.500E-01 0.400E-01 0.400E-01 -0.238E-06 0.112E-06 0.954E-06 -0.715E-06 0.350E-06 -0.358E-06 -0.715E-06 -0.358E-06 -0.358E-06 -0.358E-06 -0.358E-06 -0.358E-06 -0.358E-06 -0.358E-06 -0.238E-06 0.300E-01 0.119E-06 -0.119E-06 0.358E-06 0.119E-06 0.596E-06 0.119E-06 0.500E-01 -0.238E-06 -0.238E-06 -0.238E-06 -0.358E-06 -0.238E-06 0.300E-01 0.500E-01 0.300E-01 0.350E-06 0.800E-01 0.350E-06
0. 0.100 0.500E-01 0.500E-01 0.500E-01 0.500E-01 0.238E-06 0.500E-01 0.400E-01 0.400E-01 0.112E-06 0.400E-01 0.500E-01 0.500E-01 -0.119E-06 0.238E-06 0.477E-06 -0.358E-06 0.400E-01 0.500E-01 0.500E-01 0.500E-01 0.500E-01 0.500E-01 0.400E-01 0.400E-01 0.400E-01 0.500E-01 0.500E-01 0.954E-06 -0.715E-06 0.715E-06 0.500E-01 0.238E-06 -0.715E-06 0. 0. 0. 0. 0. 0.300E-01 -0.358E-06 0.300E-01 -0.358E-06 0.500E-01 0.500E-01 0.500E-01 0.500E-01 0.500E-01 0.477E-06 -0.238E-06 0.500E-01 -0.358E-06 0.477E-06 0.715E-06 0.400E-01 -0.119E-06 0.350E-06 0.500E-01 0.350E-06 0.350E-06 0.500E-01
0.500E-01 0.500E-01 0.500E-01 0.500E-01 0.500E-01 0.500E-01 0.500E-01 0.477E-06 0.350E-06 0. -0.119E-06 0.500E-01 0.500E-01 0. 0.119E-06 0.112E-06 0.238E-06 -0.119E-06 0.500E-01 0.300E-01 0.300E-01 0.500E-01 -0.127E-06 0.500E-01 0.400E-01 0.500E-01 -0.715E-06 0.500E-01 -0.715E-06 0.500E-01 0.400E-01 0.400E-01 0.477E-06 0.954E-06 0.400E-01 -0.238E-06 -0.238E-06 -0.238E-06 -0.238E-06 -0.238E-06 0.238E-06 0.300E-01 0.954E-06 -0.715E-06 0.300E-01 0. 0.300E-01 0.300E-01 0.300E-01 0.300E-01 0.300E-01 0.300E-01 0.300E-01 0.300E-01 -0.358E-06 0.477E-06 0.238E-06 0.350E-06 0.350E-06 0.350E-06 0.350E-06 0.350E-06
0.500E-01 0.500E-01 0.500E-01 0.500E-01 0.500E-01 0.238E-06 0.500E-01 -0.127E-06 0.112E-06 -0.127E-06 0. -0.238E-06 0.500E-01 0.119E-06 -0.127E-06 0.238E-06 0.358E-06 0.112E-06 -0.127E-06 0.300E-01 0.300E-01 0.500E-01 0.500E-01 0.400E-01 0.500E-01 0.500E-01 0.400E-01 -0.238E-06 -0.238E-06 -0.238E-06 0.400E-01 0.500E-01 0.400E-01 0.238E-06 -0.127E-06 -0.715E-06 -0.715E-06 -0.715E-06 -0.238E-06 -0.238E-06 0.500E-01 0.300E-01 0.300E-01 0.238E-06 0.149E-07 -0.224E-06 0.300E-01 0.300E-01 0.300E-01 0.300E-01 0.300E-01 0.300E-01 0.300E-01 0.300E-01 0. 0.300E-01 0.300E-01 0.350E-06 0.350E-06 0.350E-06 0.350E-06 0.500E-01
0.500E-01 0.500E-01 0.500E-01 0.500E-01 0.500E-01 0.112E-06 0.954E-06 -0.715E-06 -0.127E-06 0.500E-01 0.119E-06 -0.127E-06 0.596E-06 0.477E-06 0.238E-06 0.119E-06 -0.127E-06 -0.127E-06 0.112E-06 0.500E-01 0.300E-01 0.500E-01 0.300E-01 0.400E-01 0.500E-01 0.400E-01 0.500E-01 -0.477E-06 0.400E-01 -0.477E-06 0.350E-06 -0.358E-06 -0.715E-06 0.954E-06 0.715E-06 -0.715E-06 0.715E-06 -0.238E-06 -0.224E-06 0.300E-01 0.500E-01 0.300E-01 0.300E-01 0.149E-07 -0.224E-06 -0.462E-06 -0.127E-06 0.300E-01 0.300E-01 0.300E-01 0.300E-01 0.500E-01 0.300E-01 0.300E-01 -0.358E-06 0.300E-01 0.300E-01 0.112E-06 -0.127E-06 0.350E-06 0.112E-06 0.100
0.500E-01 0.500E-01 0.500E-01 -0.477E-06 0.500E-01 0.500E-01 0. -0.834E-06 0.500E-01 0.350E-06 0.500E-01 0.500E-01 -0.119E-06 0.500E-01 0.400E-01 0.238E-06 0.477E-06 -0.119E-06 0.350E-06 0.500E-01 0.300E-01 0.500E-01 0.300E-01 -0.238E-06 0.500E-01 0.400E-01 0.500E-01 -0.477E-06 0. 0.715E-06 -0.715E-06 0. -0.238E-06 0.238E-06 -0.715E-06 0.500E-01 0.500E-01 0.300E-01 0.300E-01 0.300E-01 0.300E-01 0.300E-01 0.300E-01 0.300E-01 0.300E-01 0.300E-01 0.300E-01 0.300E-01 0.300E-01 0.300E-01 0.300E-01 0.500E-01 0.300E-01 -0.358E-06 -0.238E-06 0.300E-01 0.300E-01 -0.119E-06 -0.358E-06 0.350E-06 0.500E-01 0.100
0.500E-01 0.500E-01 0.954E-06 -0.715E-06 0. 0.500E-01 0.500E-01 0.500E-01 0.500E-01 0.350E-06 0.500E-01 0.500E-01 0.500E-01 0.500E-01 0.500E-01 0.119E-06 -0.127E-06 0.112E-06 0.500E-01 0.300E-01 0.300E-01 0.500E-01 0.300E-01 -0.127E-06 0.500E-01 0.800E-01 0.800E-01 -0.238E-06 -0.477E-06 -0.715E-06 0.238E-06 0.715E-06 0.350E-06 0.500E-01 0.500E-01 0.500E-01 0.300E-01 0.300E-01 0.300E-01 0.300E-01 0.300E-01 0.300E-01 0.300E-01 0.300E-01 0.300E-01 0.300E-01 0.300E-01 0.300E-01 0.300E-01 0.300E-01 0.300E-01 0.300E-01 0.300E-01 0.300E-01 0.238E-06 -0.127E-06 0.358E-06 0.500E-01 -0.358E-06 0.350E-06 0.500E-01 0.100
0.500E-01 0.500E-01 -0.127E-06 -0.715E-06 0.715E-06 0.500E-01 0.500E-01 0.500E-01 0.500E-01 0.500E-01 0.500E-01 0.500E-01 0.500E-01 0.358E-06 0.400E-01 -0.127E-06 0.350E-06 0.350E-06 0.500E-01 0. 0.300E-01 0.500E-01 0.500E-01 0.800E-01 0.800E-01 0.715E-06 0. -0.238E-06 0.500E-01 0.500E-01 0.500E-01 0.500E-01 0.500E-01 0.500E-01 0.112E-06 0.500E-01 0.300E-01 0.300E-01 0.300E-01 0.300E-01 0.300E-01 0.300E-01 0.300E-01 0.300E-01 0.300E-01 0.300E-01 0.300E-01 0.300E-01 0.300E-01 0.300E-01 0.300E-01 0.300E-01 0.300E-01 0.300E-01 0.500E-01 0.500E-01 -0.127E-06 -0.358E-06 0.350E-06 0.500E-01 0.500E-01 0.100
0.500E-01 -0.127E-06 -0.238E-06 -0.715E-06 -0.238E-06 0.500E-01 0.500E-01 0.500E-01 0.500E-01 0.500E-01 -0.715E-06 -0.477E-06 -0.127E-06 0.477E-06 0.119E-06 -0.127E-06 0.350E-06 -0.127E-06 -0.119E-06 0.112E-06 0.119E-06 0.400E-01 -0.715E-06 -0.127E-06 0.238E-06 0.400E-01 0.500E-01 0.500E-01 0.500E-01 0.500E-01 0.300E-01 0.300E-01 0.300E-01 -0.127E-06 -0.104E-06 0.500E-01 0.300E-01 0.300E-01 0.300E-01 0.300E-01 0.300E-01 0.300E-01 0.300E-01 0.300E-01 0.300E-01 0.300E-01 0.300E-01 0.300E-01 0.300E-01 0.300E-01 0.300E-01 0.500E-01 -0.238E-06 -0.127E-06 0.500E-01 0.350E-06 -0.358E-06 -0.715E-06 0.350E-06 0.500E-01 0.100 0.100
-0.127E-06 0.400E-01 0.350E-06 -0.238E-06 0.954E-06 0.500E-01 0.500E-01 0.500E-01 -0.715E-06 -0.715E-06 0.477E-06 -0.238E-06 -0.715E-06 0.400E-01 -0.127E-06 0.350E-06 0.350E-06 0.358E-06 -0.715E-06 0. 0.112E-06 0.112E-06 -0.127E-06 0.400E-01 0.400E-01 0.500E-01 0.500E-01 0.300E-01 0.500E-01 0.300E-01 0.300E-01 0.300E-01 0.300E-01 0.300E-01 -0.104E-06 0.300E-01 0.300E-01 0.300E-01 0.300E-01 0.300E-01 0.300E-01 0.300E-01 0.300E-01 0.300E-01 0.300E-01 0.300E-01 0.300E-01 0.300E-01 0.300E-01 0.300E-01 0.300E-01 0.300E-01 -0.358E-06 -0.127E-06 0.500E-01 0.500E-01 -0.715E-06 -0.238E-06 -0.127E-06 0.100 0.100 -0.358E-06
-0.127E-06 0.107E-05 -0.477E-06 0.827E-06 0.238E-06 0.500E-01 0.500E-01 0.500E-01 -0.715E-06 -0.238E-06 0.827E-06 -0.715E-06 -0.238E-06 0.400E-01 0.477E-06 -0.715E-06 0.715E-06 -0.238E-06 -0.238E-06 0.954E-06 0.300E-01 0.500E-01 -0.127E-06 0.500E-01 0.500E-01 0.500E-01 0.300E-01 0.350E-06 0.500E-01 0.954E-06 0.500E-01 0.300E-01 0.300E-01 0.300E-01 0.300E-01 0.253E-06 0.300E-01 0.300E-01 0.300E-01 0.500E-01 0.300E-01 0.300E-01 0.300E-01 0.300E-01 0.300E-01 0.300E-01 0.300E-01 0.300E-01 0.300E-01 0.300E-01 0.300E-01 0.500E-01 0.119E-06 0.500E-01 0.500E-01 0.500E-01 -0.715E-06 -0.715E-06 0.112E-06 0.100 0.100 0.500E-01
0.589E-06 -0.238E-06 0. 0.350E-06 0.238E-06 0.400E-01 0.400E-01 -0.127E-06 0.954E-06 -0.715E-06 0.238E-06 -0.238E-06 -0.715E-06 -0.715E-06 0.477E-06 -0.119E-05 -0.715E-06 0.477E-06 -0.715E-06 -0.358E-06 -0.477E-06 0.300E-01 0.300E-01 0.500E-01 0.500E-01 0.500E-01 0.300E-01 0.500E-01 0.500E-01 -0.715E-06 0.500E-01 0.300E-01 0.300E-01 0.300E-01 0.300E-01 0.300E-01 0.300E-01 0.500E-01 0.300E-01 0.500E-01 0.300E-01 0.300E-01 0.300E-01 0.500E-01 -0.238E-06 0.300E-01 0.300E-01 0.300E-01 0.300E-01 0.300E-01 0.300E-01 0.500E-01 0.500E-01 0. -0.358E-06 0. -0.358E-06 0.350E-06 0.500E-01 0.100 0.500E-01 0.238E-06
0.500E-01 0.500E-01 0.350E-06 -0.596E-06 0.500E-01 -0.119E-06 -0.119E-06 -0.477E-06 0.715E-06 0.477E-06 0.500E-01 -0.842E-06 0.112E-06 -0.365E-06 -0.238E-06 -0.715E-06 -0.238E-06 0.350E-06 -0.238E-06 -0.358E-06 0.300E-01 0.300E-01 0.300E-01 0.112E-06 0.500E-01 0.500E-01 0.300E-01 0.477E-06 0.300E-01 -0.715E-06 0.500E-01 0.300E-01 0.300E-01 0.300E-01 -0.119E-06 0.300E-01 0.500E-01 0.500E-01 0.500E-01 0.500E-01 0.500E-01 0.500E-01 0.300E-01 0.500E-01 0.300E-01 0.300E-01 0.300E-01 0.300E-01 0. 0.300E-01 0.300E-01 0.300E-01 0.500E-01 -0.715E-06 -0.715E-06 0.119E-06 -0.358E-06 0.112E-06 0.500E-01 0.100 0.500E-01 -0.358E-06
-0.715E-06 0.954E-06 -0.365E-06 -0.603E-06 0.112E-06 -0.365E-06 -0.477E-06 -0.127E-06 0.715E-06 -0.238E-06 0.500E-01 0.500E-01 0.500E-01 0.500E-01 0.500E-01 0.834E-06 0.400E-01 -0.715E-06 0.715E-06 0.300E-01 0.300E-01 0.300E-01 0.500E-01 0.300E-01 0.300E-01 0.300E-01 0.300E-01 0.300E-01 0.300E-01 0.300E-01 -0.715E-06 0.715E-06 0.358E-06 0.477E-06 0.300E-01 0.500E-01 0.300E-01 0.300E-01 0.300E-01 0.300E-01 0.300E-01 0.300E-01 0.300E-01 0.300E-01 0.477E-06 0.119E-06 0. -0.715E-06 0.300E-01 0.300E-01 0.300E-01 0.300E-01 0.477E-06 -0.715E-06 -0.127E-06 0.400E-01 -0.715E-06 0.119E-06 0.500E-01 0.500E-01 -0.358E-06 -0.358E-06
0.400E-01 -0.715E-06 -0.603E-06 -0.842E-06 -0.127E-06 -0.603E-06 -0.365E-06 0.112E-06 0.107E-05 -0.238E-06 0.112E-06 0.500E-01 0.500E-01 0.500E-01 0.112E-06 -0.127E-06 -0.365E-06 0.400E-01 0.400E-01 0.477E-06 0.300E-01 0.300E-01 0.112E-06 0.300E-01 0.300E-01 0.300E-01 0.300E-01 0.300E-01 0.300E-01 0.500E-01 0.300E-01 0.477E-06 0.300E-01 0.300E-01 0.300E-01 0.300E-01 0.500E-01 0.500E-01 0.500E-01 0.500E-01 0.300E-01 0.300E-01 0.300E-01 0.300E-01 0.119E-06 0.477E-06 0.238E-06 0.500E-01 0.300E-01 -0.119E-06 0.300E-01 0.300E-01 -0.358E-06 -0.238E-06 0.112E-06 0.954E-06 -0.715E-06 0.350E-06 0.500E-01 0.350E-06 0.238E-06 0.800E-01
0.400E-01 -0.715E-06 -0.603E-06 0. 0.954E-06 0.589E-06 0.827E-06 -0.127E-06 -0.603E-06 -0.365E-06 -0.238E-06 0.954E-06 -0.715E-06 0.350E-06 -0.238E-06 0.112E-06 0.954E-06 -0.715E-06 0.589E-06 0.300E-01 0.300E-01 0.350E-06 0.350E-06 0.300E-01 0.300E-01 0.300E-01 0.300E-01 0.300E-01 0.300E-01 0.500E-01 0.300E-01 0.954E-06 0.300E-01 0.300E-01 0.300E-01 0.500E-01 0.300E-01 0.300E-01 0.300E-01 0.500E-01 0.300E-01 0.300E-01 0.300E-01 0.300E-01 0.477E-06 0.715E-06 -0.238E-06 0.500E-01 0. 0.238E-06 -0.358E-06 -0.358E-06 -0.238E-06 0.238E-06 0.112E-06 0.954E-06 -0.715E-06 0.350E-06 0.500E-01 0.300E-01 0.300E-01 0.300E-01
