share/VS_Project/swb/x64/Debug/MASS_BALANCE_07_11_1989.asc
NCOLS        340
NROWS        316
XLLCORNER     528502.530
YLLCORNER     274871.653
CELLSIZE        100.000
NODATA_VALUE    -9999.000
[rows 162 to 188 of 316, columns 122 to 182 of 340]
0.100 0.500E-01 0.500E-01 0.500E-01 0.500E-01 0.100 0.500E-01 0.400E-01 0.500E-01 0.500E-01 0.500E-01 0.100 0.100 0.100 0.100 0.500E-01 0.186E-06 0.127E-06 0.500E-01 -0.231E-06 0.186E-06 0.100 0.500E-01 -0.231E-06 0.300E-01 0.100 0.100 0.500E-01 0.127E-06 0.127E-06 0.127E-06 -0.522E-07 0.500E-01 0.500E-01 0.500E-01 -0.231E-06 0.969E-07 0.186E-06 -0.820E-07 0.745E-08 0.216E-06 0.300E-01 -0.171E-06 -0.224E-07 0.246E-06 0.300E-01 0.300E-01 0.500E-01 0.500E-01 0.500E-01 0.500E-01 0.127E-06 0.500E-01 0.800E-01 0.100 0.100 0.100 0.500E-01 0.500E-01 0.100 0.100
0.100 -0.201E-06 0.100 0.373E-07 0.500E-01 0.500E-01 0.100 0.500E-01 0.500E-01 0.500E-01 0.500E-01 0.100 0.100 0.100 0.500E-01 0.500E-01 -0.231E-06 0.186E-06 0.373E-07 -0.231E-06 0.500E-01 0.100 0.100 0.100 0.100 0.100 0.100 0.500E-01 -0.522E-07 0.127E-06 0.127E-06 0.127E-06 0.500E-01 0.500E-01 0.500E-01 0.246E-06 0.500E-01 -0.231E-06 0.500E-01 0.127E-06 0.300E-01 0.500E-01 0.500E-01 0.500E-01 -0.201E-06 0.300E-01 0.500E-01 0.127E-06 0.127E-06 0.671E-07 0.127E-06 0.373E-07 0.500E-01 0.500E-01 0.100 0.100 0.500E-01 -0.112E-06 0.373E-07 0.100 0.100
0.500E-01 0.500E-01 0.127E-06 0.127E-06 0.276E-06 0.365E-06 0.500E-01 0.100 0.500E-01 0.400E-01 0.500E-01 0.100 0.100 0.100 0.100 0.500E-01 0.127E-06 0.127E-06 0.186E-06 0.373E-07 0.500E-01 0.100 0.100 0.100 0.100 0.100 0.100 0.373E-07 0.373E-07 0.373E-07 -0.522E-07 -0.522E-07 0.500E-01 0.216E-06 0.500E-01 0.100 0.500E-01 0.671E-07 0.216E-06 -0.231E-06 0.500E-01 0.500E-01 0.500E-01 0.500E-01 0.216E-06 0.300E-01 0.500E-01 0.671E-07 0.500E-01 0.500E-01 0.500E-01 0.671E-07 0.100 0.500E-01 0.500E-01 0.100 0.500E-01 0.373E-07 0.216E-06 0.100 0.500E-01
0.276E-06 0.276E-06 0.276E-06 0.373E-07 0.127E-06 0.500E-01 0.500E-01 0.100 0.100 0.500E-01 -0.261E-06 0.500E-01 0.100 0.100 0.100 0.500E-01 0.500E-01 0.500E-01 0.127E-06 0.127E-06 0.127E-06 0.100 0.100 0.100 0.500E-01 0.100 0.100 0.500E-01 0.500E-01 0.300E-01 0.500E-01 0.127E-06 0.500E-01 0.156E-06 -0.231E-06 0.100 0.500E-01 0.276E-06 0.500E-01 0.500E-01 0.500E-01 0.500E-01 0.500E-01 0.500E-01 -0.201E-06 0.300E-01 0.100 0.127E-06 0.500E-01 0.373E-07 0.500E-01 0.127E-06 0.500E-01 0.671E-07 0.500E-01 0.100 0.100 0.500E-01 0.373E-07 0.500E-01 0.100
-0.231E-06 -0.231E-06 -0.231E-06 0.276E-06 0.127E-06 0.127E-06 0.100 0.100 0.100 -0.231E-06 -0.231E-06 0.500E-01 0.100 0.100 0.100 0.100 0.500E-01 0.500E-01 0.745E-08 -0.224E-07 -0.231E-06 0.127E-06 0.100 0.500E-01 0.127E-06 -0.231E-06 0.100 -0.231E-06 0.127E-06 0.373E-07 0.500E-01 0.500E-01 0.127E-06 0.246E-06 -0.231E-06 0.300E-01 0.500E-01 0.500E-01 0.500E-01 0.373E-07 0.373E-07 0.100 0.100 0.500E-01 0.969E-07 0.500E-01 0.500E-01 0.127E-06 0.127E-06 0.500E-01 0.500E-01 0.500E-01 -0.231E-06 0.500E-01 0.500E-01 0.500E-01 0.100 0.100 0.500E-01 0.100 0.100
0.276E-06 0.216E-06 0.969E-07 -0.112E-06 -0.142E-06 -0.142E-06 0.127E-06 0.127E-06 -0.522E-07 0.186E-06 -0.231E-06 0.100 0.100 0.100 0.500E-01 -0.522E-07 -0.171E-06 -0.231E-06 -0.224E-07 -0.231E-06 0.373E-07 0.246E-06 0.246E-06 0.100 0.500E-01 -0.231E-06 0.127E-06 -0.112E-06 -0.522E-07 0.500E-01 0.500E-01 -0.201E-06 -0.142E-06 0.216E-06 -0.201E-06 0.500E-01 0.500E-01 0.100 -0.231E-06 -0.231E-06 0.500E-01 0.100 0.100 0.500E-01 0.216E-06 0.500E-01 0.100 0.127E-06 0.127E-06 0.100 0.500E-01 0.671E-07 -0.231E-06 0.300E-01 0.100 0.100 0.100 0.100 0.100 0.100 0.100
0.276E-06 0.276E-06 0.276E-06 -0.112E-06 -0.231E-06 0.500E-01 0.500E-01 0.500E-01 -0.231E-06 -0.231E-06 -0.231E-06 0.100 0.100 0.100 0.127E-06 0.127E-06 0.127E-06 0.969E-07 -0.224E-07 0.373E-07 -0.231E-06 0.373E-07 0.373E-07 0.276E-06 0.500E-01 -0.231E-06 0.127E-06 0.127E-06 0.127E-06 0.500E-01 0.500E-01 -0.112E-06 0.500E-01 0.216E-06 0.276E-06 0.500E-01 0.500E-01 0.500E-01 0.373E-07 0.373E-07 0.500E-01 0.500E-01 0.127E-06 0.186E-06 0.500E-01 0.500E-01 0.127E-06 0.127E-06 0.127E-06 0.500E-01 0.395E-06 -0.231E-06 0.500E-01 0.300E-01 0.100 0.100 0.100 0.100 0.100 0.500E-01 0.500E-01
0.276E-06 0.276E-06 -0.231E-06 0.127E-06 0.127E-06 0.127E-06 0.373E-07 0.100 -0.231E-06 0.500E-01 0.400E-01 -0.231E-06 0.100 0.100 0.500E-01 0.373E-07 0.373E-07 0.127E-06 0.373E-07 0.373E-07 0.216E-06 0.373E-07 0.127E-06 0.127E-06 0.127E-06 0.127E-06 -0.522E-07 -0.820E-07 0.671E-07 -0.820E-07 0.186E-06 0.500E-01 -0.231E-06 0.246E-06 -0.231E-06 0.100 0.100 0.373E-07 0.373E-07 0.216E-06 0.500E-01 0.186E-06 0.373E-07 0.127E-06 0.500E-01 0.500E-01 0.127E-06 0.500E-01 0.100 0.500E-01 0.276E-06 -0.231E-06 0.500E-01 0.500E-01 0.500E-01 0.100 0.100 0.100 0.100 0.100 0.100
0.500E-01 0.100 0.246E-06 0.127E-06 0.127E-06 0.100 0.373E-07 0.100 0.100 0.100 0.100 -0.261E-06 0.500E-01 0.100 0.500E-01 0.500E-01 0.127E-06 -0.231E-06 0.276E-06 0.745E-08 0.100 0.373E-07 0.671E-07 0.373E-07 0.373E-07 0.373E-07 0.373E-07 0.500E-01 -0.231E-06 0.100 -0.820E-07 0.127E-06 0.500E-01 0.500E-01 0.100 0.100 0.745E-08 0.745E-08 0.127E-06 0.186E-06 0.500E-01 0.186E-06 0.373E-07 0.969E-07 0.500E-01 0.500E-01 0.127E-06 0.373E-07 0.500E-01 0.216E-06 -0.112E-06 -0.142E-06 0. 0.500E-01 0.500E-01 0.100 0.100 0.100 0.100 0.100 0.100
0.246E-06 0.100 0.246E-06 0.127E-06 0.100 0.100 0.500E-01 0.100 0.100 0.500E-01 0.500E-01 0.500E-01 0.276E-06 0.100 0.500E-01 0.373E-07 0.276E-06 0.500E-01 0.500E-01 0.127E-06 0.100 0.500E-01 0.500E-01 0.246E-06 0.500E-01 0.216E-06 0.373E-07 0.500E-01 0.100 0.100 -0.231E-06 -0.224E-07 0.500E-01 0.500E-01 0.500E-01 0.500E-01 0.216E-06 -0.224E-07 0.500E-01 0.500E-01 0.500E-01 0.186E-06 0.373E-07 0.127E-06 0.500E-01 0.500E-01 0.127E-06 -0.112E-06 -0.224E-07 0.127E-06 0.276E-06 0.276E-06 -0.231E-06 0.800E-01 0.100 0.100 0.100 0.100 0.100 0.100 0.500E-01
-0.231E-06 0.100 0.500E-01 0.500E-01 0.100 0.100 0.100 0.100 0.127E-06 0.127E-06 0.500E-01 0.216E-06 -0.201E-06 0.100 0.100 0.100 0.127E-06 0.500E-01 0.500E-01 0.127E-06 0.100 0.216E-06 0.500E-01 0.373E-07 0.373E-07 0.745E-08 -0.224E-07 0.500E-01 0.100 0.100 0.100 0.500E-01 0.500E-01 0.500E-01 0.500E-01 0.500E-01 0.300E-01 0.500E-01 0.500E-01 0.373E-07 0.373E-07 0.373E-07 0.373E-07 0.500E-01 0.500E-01 0.500E-01 0.127E-06 0.373E-07 -0.231E-06 0.246E-06 0.246E-06 -0.231E-06 0.800E-01 0.800E-01 0.800E-01 0.100 0.100 0.100 0.100 0.100 0.500E-01
0.500E-01 0.500E-01 0.100 0.100 0.100 0.216E-06 0.276E-06 0.500E-01 0.100 0.100 0.373E-07 0.500E-01 0.500E-01 0.500E-01 0.100 0.100 0.100 0.100 0.500E-01 0.500E-01 0.100 0.500E-01 0.969E-07 -0.231E-06 -0.224E-07 -0.231E-06 -0.820E-07 0.500E-01 0.500E-01 0.500E-01 0.100 0.500E-01 -0.231E-06 -0.231E-06 0.500E-01 0.500E-01 0.500E-01 0.500E-01 0.373E-07 0.373E-07 0.216E-06 -0.171E-06 0.500E-01 0.500E-01 0.500E-01 0.500E-01 0.373E-07 -0.231E-06 -0.231E-06 -0.231E-06 0.373E-07 -0.820E-07 0.500E-01 0.500E-01 0.500E-01 0.500E-01 0.100 0.100 0.100 0.100 0.100
-0.291E-06 0.500E-01 0.500E-01 0.100 0.100 0.500E-01 0.276E-06 0.276E-06 0.276E-06 0.216E-06 0.969E-07 0.500E-01 0.500E-01 0.500E-01 0.100 0.100 0.100 0.100 0.100 0.100 0.100 0.246E-06 -0.171E-06 0.500E-01 0.300E-01 0.300E-01 0.500E-01 0.500E-01 0.500E-01 0.300E-01 0.246E-06 0.246E-06 0.246E-06 0.246E-06 -0.231E-06 0.246E-06 0.246E-06 0.500E-01 0.373E-07 0.186E-06 0.186E-06 -0.171E-06 0.500E-01 0.246E-06 -0.142E-06 0.500E-01 0.500E-01 0.246E-06 0.246E-06 -0.231E-06 0.500E-01 0.500E-01 0.500E-01 0.100 0.500E-01 0.500E-01 0.100 0.100 0.100 0.100 0.100
0.216E-06 0.500E-01 0.500E-01 0.246E-06 0.500E-01 0.276E-06 0.276E-06 0.216E-06 0.969E-07 -0.201E-06 0.305E-06 0.276E-06 0.500E-01 0.100 0.100 0.100 0.100 0.100 0.100 0.100 -0.231E-06 0.246E-06 0.300E-01 0.300E-01 0.500E-01 0.969E-07 0.500E-01 -0.224E-07 0.500E-01 0.300E-01 -0.231E-06 0.246E-06 0.246E-06 0.246E-06 0.246E-06 0.246E-06 0.500E-01 0.373E-07 0.216E-06 0.127E-06 0.500E-01 0.500E-01 0.100 0.500E-01 0.127E-06 0.216E-06 0.500E-01 -0.231E-06 -0.231E-06 0.246E-06 -0.231E-06 0.500E-01 0.500E-01 0.500E-01 0.500E-01 0.500E-01 0.500E-01 0.100 0.100 0.100 0.100
0.500E-01 -0.231E-06 0.500E-01 0.246E-06 -0.231E-06 0.500E-01 0.276E-06 0.216E-06 0.246E-06 0.276E-06 -0.231E-06 0.395E-06 0.500E-01 0.100 -0.231E-06 -0.231E-06 -0.231E-06 0.500E-01 0.100 0.500E-01 -0.171E-06 0.246E-06 0.500E-01 0.500E-01 0.500E-01 0.500E-01 0.216E-06 0.500E-01 0.127E-06 0.246E-06 0.246E-06 0.246E-06 -0.231E-06 0.500E-01 0.246E-06 0.246E-06 0.500E-01 0.373E-07 0.500E-01 0.300E-01 0.500E-01 0.100 0.100 0.500E-01 0.100 0.100 0.500E-01 -0.231E-06 0.100 0.100 0.100 0.100 0.100 0.500E-01 -0.231E-06 0.500E-01 0.500E-01 0.100 0.100 0.100 0.246E-06
0.246E-06 -0.231E-06 -0.231E-06 0.246E-06 -0.231E-06 0.500E-01 0.276E-06 0.276E-06 0.276E-06 0.216E-06 0.500E-01 -0.261E-06 0.276E-06 0.100 0.276E-06 0.276E-06 -0.231E-06 -0.231E-06 0.500E-01 -0.231E-06 -0.350E-06 -0.231E-06 0.969E-07 0.500E-01 0.246E-06 0.373E-07 0.500E-01 0.500E-01 0.246E-06 0.246E-06 0.500E-01 0.500E-01 0.500E-01 0.100 0.500E-01 0.500E-01 0.500E-01 -0.231E-06 0.127E-06 0.373E-07 0.373E-07 0.500E-01 0.100 0.373E-07 0.500E-01 0.100 0.500E-01 -0.231E-06 0.500E-01 0.100 0.100 0.100 0.100 0.100 0.500E-01 0.500E-01 -0.231E-06 0.500E-01 0.500E-01 0.100 -0.231E-06
-0.231E-06 -0.231E-06 -0.231E-06 0.246E-06 -0.231E-06 0.246E-06 0.276E-06 -0.350E-06 -0.201E-06 0.800E-01 0.500E-01 0.500E-01 -0.231E-06 0.500E-01 0.100 0.500E-01 0.500E-01 0.276E-06 0.500E-01 0.276E-06 0.276E-06 0.276E-06 0.969E-07 0.373E-07 0.373E-07 0.373E-07 0.373E-07 0.373E-07 -0.231E-06 0.246E-06 -0.231E-06 0.246E-06 0.216E-06 0.500E-01 0.500E-01 0.216E-06 0.246E-06 0.500E-01 0.373E-07 -0.231E-06 0.276E-06 0.500E-01 0.100 0.300E-01 0.300E-01 0.300E-01 0.100 0.127E-06 0.100 0.100 0.100 0.100 0.100 0.100 0.500E-01 -0.231E-06 -0.231E-06 0.127E-06 0.373E-07 0.100 0.500E-01
0.100 0.365E-06 0.500E-01 -0.231E-06 0.500E-01 -0.231E-06 0.186E-06 0.800E-01 0.800E-01 0.800E-01 0.127E-06 0.500E-01 0.969E-07 0.395E-06 0.500E-01 0.100 0.100 0.276E-06 0.500E-01 -0.231E-06 0.276E-06 -0.231E-06 0.969E-07 0.246E-06 0.186E-06 0.186E-06 0.500E-01 0.500E-01 0.500E-01 0.246E-06 0.500E-01 0.100 -0.231E-06 0.500E-01 0.500E-01 0.969E-07 0.500E-01 0.500E-01 0.500E-01 0.216E-06 0.500E-01 0.300E-01 0.300E-01 0.500E-01 0.373E-07 0.373E-07 0.500E-01 0.500E-01 0.246E-06 0.500E-01 0.100 0.100 0.100 0.500E-01 0.500E-01 0.246E-06 0.246E-06 0.373E-07 0.500E-01 0.500E-01 0.500E-01
0.500E-01 0.127E-06 0.276E-06 0.500E-01 0.500E-01 -0.231E-06 0.276E-06 0.276E-06 -0.231E-06 0.127E-06 0.127E-06 0.500E-01 0.745E-08 0.300E-01 0.500E-01 0.100 0.100 0.500E-01 0.100 0.100 -0.231E-06 -0.231E-06 -0.231E-06 -0.820E-07 -0.231E-06 0.246E-06 0.500E-01 0.500E-01 0.246E-06 -0.231E-06 0.500E-01 0.246E-06 0.246E-06 0.216E-06 0.500E-01 0.500E-01 0.100 0.100 0.500E-01 0.969E-07 0.246E-06 0.300E-01 0.300E-01 0.300E-01 0.373E-07 0.745E-08 -0.142E-06 -0.224E-07 0.186E-06 0.246E-06 0.500E-01 0.500E-01 0.500E-01 0.500E-01 0.500E-01 0.246E-06 0.216E-06 0.500E-01 0.500E-01 0.300E-01 0.300E-01
0.246E-06 0.276E-06 0.216E-06 -0.231E-06 0.500E-01 -0.231E-06 -0.231E-06 0.276E-06 0.276E-06 0.127E-06 0.500E-01 0.500E-01 -0.231E-06 0.300E-01 0.500E-01 0.100 0.100 0.100 0.500E-01 0.500E-01 0.246E-06 -0.231E-06 -0.231E-06 0.373E-07 -0.224E-07 -0.231E-06 0.216E-06 0.500E-01 0.246E-06 0.246E-06 -0.231E-06 -0.231E-06 0.216E-06 0.500E-01 0.500E-01 0.100 0.100 0.500E-01 0.500E-01 0.745E-08 0.246E-06 0.300E-01 0.373E-07 0.186E-06 0.300E-01 0.300E-01 0.500E-01 0.373E-07 0.500E-01 0.300E-01 0.500E-01 0.500E-01 0.186E-06 0.373E-07 0.246E-06 0.373E-07 0.246E-06 0.246E-06 0.300E-01 0.300E-01 0.500E-01
-0.231E-06 -0.261E-06 0.246E-06 -0.231E-06 0.500E-01 0.500E-01 -0.231E-06 0.425E-06 0.500E-01 0.100 0.500E-01 0.500E-01 0.500E-01 0.500E-01 0.186E-06 -0.231E-06 0.500E-01 0.100 0.500E-01 0.276E-06 0.100 0.100 0.500E-01 0.276E-06 0.500E-01 -0.231E-06 -0.231E-06 0.500E-01 0.500E-01 0.500E-01 0.100 0.100 0.500E-01 0.100 0.100 0.500E-01 0.246E-06 0.300E-01 0.500E-01 0.500E-01 0.216E-06 -0.112E-06 0.300E-01 0.300E-01 0.300E-01 0.500E-01 0.500E-01 0.300E-01 0.300E-01 0.300E-01 0.246E-06 0.373E-07 0.373E-07 0.373E-07 0.373E-07 0.373E-07 0.373E-07 0.373E-07 0.246E-06 0.500E-01 0.500E-01
-0.231E-06 0.276E-06 -0.231E-06 -0.231E-06 0.500E-01 -0.261E-06 0.969E-07 0.500E-01 0.500E-01 0.100 0.500E-01 0.500E-01 0.500E-01 0.500E-01 0.500E-01 0.216E-06 0.276E-06 0.100 0.100 0.500E-01 0.100 0.500E-01 0.500E-01 0.500E-01 0.500E-01 0.500E-01 0.500E-01 0.100 0.500E-01 0.216E-06 0.100 0.500E-01 0.500E-01 0.246E-06 -0.142E-06 0.100 0.246E-06 0.246E-06 0.300E-01 0.500E-01 0.745E-08 0.500E-01 0.300E-01 0.300E-01 0.300E-01 0.500E-01 0.300E-01 0.745E-08 0.300E-01 0.300E-01 0.373E-07 0.373E-07 0.127E-06 0.186E-06 0.216E-06 0.127E-06 0.373E-07 0.246E-06 -0.224E-07 0.300E-01 0.300E-01
-0.201E-06 0.745E-08 0.745E-08 -0.112E-06 0.671E-07 0.500E-01 0.500E-01 0.500E-01 0.100 0.100 0.500E-01 0.969E-07 0.969E-07 -0.231E-06 0.500E-01 0.500E-01 -0.231E-06 0.100 0.100 0.100 0.500E-01 0.100 0.100 0.100 0.100 0.100 0.500E-01 0.500E-01 0.500E-01 0.100 0.100 0.100 0.500E-01 -0.231E-06 -0.231E-06 -0.224E-07 -0.231E-06 0.246E-06 0.300E-01 0.500E-01 0.186E-06 0.300E-01 0.500E-01 0.300E-01 0.300E-01 0.300E-01 -0.231E-06 0.100 0.300E-01 0.300E-01 0.373E-07 0.216E-06 0.373E-07 0.745E-08 0.671E-07 0.373E-07 0.373E-07 0.246E-06 0.373E-07 0.500E-01 0.500E-01
-0.231E-06 0.276E-06 -0.522E-07 0.300E-01 0.246E-06 0.500E-01 0.100 0.276E-06 0.276E-06 -0.350E-06 0.500E-01 0.300E-01 0.300E-01 0.300E-01 0.276E-06 0.500E-01 -0.261E-06 0.500E-01 0.100 0.100 0.500E-01 0.100 0.100 0.100 0.100 0.100 0.500E-01 0.500E-01 0.500E-01 0.100 0.100 0.100 0.500E-01 0.246E-06 0.300E-01 -0.231E-06 0.300E-01 0.500E-01 0.300E-01 0.156E-06 0.186E-06 0.300E-01 0.300E-01 0.373E-07 0.671E-07 0.373E-07 0.500E-01 0.100 0.500E-01 0.300E-01 0.373E-07 0.127E-06 -0.142E-06 0.745E-08 -0.224E-07 0.216E-06 -0.201E-06 0.246E-06 0.373E-07 0.100 0.100
0.246E-06 -0.231E-06 0.300E-01 -0.231E-06 -0.231E-06 0.500E-01 0.100 0.500E-01 0.276E-06 0.276E-06 0.500E-01 0.500E-01 0.500E-01 -0.231E-06 0.100 0.500E-01 -0.231E-06 -0.231E-06 0.100 0.100 0.100 0.100 0.100 0.100 0.100 0.100 0.100 0.500E-01 0.500E-01 0.100 0.500E-01 0.500E-01 0.246E-06 0.300E-01 -0.171E-06 -0.171E-06 0.300E-01 0.500E-01 -0.231E-06 -0.231E-06 0.300E-01 0.246E-06 0.500E-01 0.100 0.100 0.100 0.100 0.100 0.500E-01 0.300E-01 0.373E-07 0.373E-07 0.216E-06 0.745E-08 -0.522E-07 0.246E-06 0.373E-07 0.373E-07 0.373E-07 0.100 0.500E-01
0.246E-06 -0.231E-06 0.246E-06 -0.231E-06 0.500E-01 0.500E-01 0.100 0.500E-01 0.276E-06 0.276E-06 -0.231E-06 0.500E-01 0.100 0.500E-01 0.500E-01 0.246E-06 0.969E-07 -0.231E-06 0.969E-07 0.500E-01 0.100 0.100 0.100 0.100 0.500E-01 -0.522E-07 0.500E-01 0.969E-07 0.671E-07 0.500E-01 0.373E-07 0.500E-01 0.969E-07 0.500E-01 0.500E-01 -0.171E-06 0.300E-01 0.300E-01 -0.231E-06 -0.231E-06 -0.231E-06 0.246E-06 0.500E-01 0.100 0.100 0.100 0.216E-06 0.500E-01 0.100 0.100 0.373E-07 0.373E-07 0.373E-07 -0.224E-07 0.186E-06 -0.224E-07 0.216E-06 0.373E-07 0.745E-08 0.500E-01 0.300E-01
0.246E-06 0.500E-01 0.500E-01 0.500E-01 0.100 0.100 0.100 0.100 0.276E-06 0.276E-06 0.216E-06 0.500E-01 0.100 0.500E-01 0.500E-01 0.500E-01 0.500E-01 0.500E-01 0.500E-01 0.500E-01 0.500E-01 0.500E-01 0.127E-06 0.127E-06 0.127E-06 0.127E-06 0.127E-06 0.500E-01 0.500E-01 0.100 0.246E-06 0.186E-06 0.500E-01 0.500E-01 0.246E-06 0.246E-06 0.246E-06 -0.820E-07 -0.112E-06 0.300E-01 0.246E-06 0.246E-06 0.500E-01 0.500E-01 0.100 0.100 0.216E-06 0.500E-01 0.500E-01 0.500E-01 0.500E-01 0.373E-07 0.373E-07 0.216E-06 -0.820E-07 0.300E-01 0.127E-06 0.373E-07 0.373E-07 0.186E-06 -0.201E-06
