share/VS_Project/swb/x64/Debug/MASS_BALANCE_06_28_1990.asc
NCOLS        340
NROWS        316
XLLCORNER     528502.530
YLLCORNER     274871.653
CELLSIZE        100.000
NODATA_VALUE    -9999.000
[rows 168 to 195 of 316, columns 0 to 62 of 340]
-0.119E-06 0.100 0.100 0.100 0.100 0.100 0.119E-06 0.500E-01 0.500E-01 -0.238E-06 -0.358E-06 0.119E-06 0.119E-06 -0.358E-06 -0.119E-06 0.300E-01 0.300E-01 0. 0. 0.100 0.100 0.100 0.100 0.500E-01 0.119E-06 0.100 0.100 0.100 0.100 0.100 0.100 0.500E-01 0.119E-06 0.253E-06 -0.224E-06 -0.343E-06 0.119E-06 0.100 0.100 0.100 0.100 0.100 0.100 0.100 0.100 0.100 0.134E-06 0.134E-06 0.500E-01 0.100 0.100 0.100 0.134E-06 0.500E-01 0.100 0.500E-01 0.134E-06 0.500E-01 0.134E-06 0.500E-01 -0.119E-06 0.134E-06 -0.224E-06
0.119E-06 0.100 0.500E-01 0.100 0.100 0.100 0.100 0.500E-01 0.500E-01 0.596E-06 0.119E-06 0.119E-06 -0.834E-06 0.119E-06 0.300E-01 0.300E-01 0.300E-01 0.500E-01 0.500E-01 0.100 0.100 0.100 0.100 0.500E-01 0.119E-06 0.100 0.100 0.100 0.100 0.100 0.100 0.500E-01 -0.358E-06 0.134E-06 0.373E-06 0. 0.500E-01 0.100 0.500E-01 0.119E-06 0.500E-01 0.500E-01 0.100 0.100 0.100 0.100 0.100 0.100 0.100 0.100 0.100 0.100 0.100 0.100 0.100 0.100 0.500E-01 0.100 -0.104E-06 0.969E-06 -0.596E-06 0.596E-06 0.119E-06
0.119E-06 0.500E-01 0.100 0.100 0.100 0.100 0.500E-01 0.119E-06 0.500E-01 0.596E-06 0.119E-06 0.300E-01 0.300E-01 0.500E-01 0.100 0.500E-01 0. 0.500E-01 0.100 0.100 0.100 0.100 0.500E-01 0.500E-01 0.500E-01 0.100 0.100 0.500E-01 0.500E-01 0.100 0.500E-01 0.500E-01 0.100 0.500E-01 -0.581E-06 0.238E-06 0.119E-06 0.100 0.500E-01 0.119E-06 0.119E-06 0.119E-06 0.500E-01 0.500E-01 0.100 0.100 0.100 0.100 0.100 0.100 0.100 0.100 0.100 0.100 0.100 0.100 0.100 0.500E-01 0.119E-06 -0.596E-06 0. 0.500E-01 0.119E-06
0.119E-06 0.500E-01 0.100 0.100 0.100 0.100 0.119E-06 0.500E-01 -0.119E-06 -0.358E-06 0.300E-01 0.500E-01 0.500E-01 0.100 0.100 0.112E-06 0.300E-01 0.500E-01 0.100 0.100 0.100 0.100 -0.238E-06 0.119E-06 0.500E-01 0.100 0.500E-01 0.119E-06 0.500E-01 0.100 0.500E-01 0.100 0.100 0.119E-06 0.253E-06 -0.104E-06 0.500E-01 0.500E-01 0.100 0.100 0. 0.119E-06 0.119E-06 0.500E-01 0.100 0.100 0.100 0.119E-06 0.500E-01 0.100 0.100 0.100 0.100 0.100 0.100 0.100 0.100 0.100 -0.238E-06 0.119E-06 0.500E-01 0.500E-01 -0.119E-06
0.500E-01 0.500E-01 0.100 0.100 0.100 0.100 0.100 0.500E-01 0.500E-01 0.596E-06 -0.596E-06 0.500E-01 0.100 0.100 0.100 0.100 0.500E-01 0.500E-01 0.100 0.100 0.100 0.100 0.500E-01 0.500E-01 0.100 0.500E-01 0.119E-06 0.119E-06 0.100 0.100 0.100 0.119E-06 0.500E-01 0.500E-01 0.149E-07 0.611E-06 0.492E-06 0.500E-01 0.100 0.100 0.100 0.500E-01 0. 0.100 0.100 0.100 0.100 0.119E-06 0.500E-01 0.100 0.100 0.100 0.100 0.100 0.100 0.100 0.100 0.100 -0.104E-06 0.800E-01 0.134E-06 0.500E-01 -0.119E-06
0.500E-01 0.100 0.100 0.100 0.100 0.100 0.119E-06 0.596E-06 0.119E-06 0.300E-01 0.500E-01 0.500E-01 0.100 0.100 0.100 0.100 0.500E-01 0.800E-01 0.100 0.100 0.100 0.100 0.100 0.100 0.100 0.100 0.100 0.100 0.100 0.100 0.119E-06 0.500E-01 0.100 0.100 0.492E-06 -0.104E-06 -0.462E-06 0.119E-06 0.500E-01 0.100 0.100 0.100 0.100 0.100 0.100 0.100 0.100 0.119E-06 0.500E-01 0.100 0.100 0.100 0.100 0.100 0.100 0.100 0.100 0.100 0.500E-01 0.134E-06 -0.224E-06 -0.119E-06 0.149E-07
0.500E-01 0.100 0.100 0.100 0.100 0.500E-01 0.500E-01 0.500E-01 0.500E-01 0.500E-01 0.500E-01 0.100 0.100 0.100 0.100 0.100 0.500E-01 0.500E-01 0.100 0.100 0.100 0.100 0.100 0.100 0.100 0.100 0.100 0.100 0.100 0.100 0.119E-06 0.100 0.100 0.100 0.500E-01 -0.238E-06 0.134E-06 -0.119E-06 0.119E-06 0. 0.500E-01 0.100 0.100 0.100 0.100 0.100 0.100 0.119E-06 0.134E-06 0.500E-01 0.100 0.100 0.100 0.500E-01 0.500E-01 0.100 0.100 0.100 0.134E-06 0.134E-06 0.119E-06 -0.358E-06 0.149E-07
0.500E-01 0.100 0.100 0.100 0.100 0.100 0.100 0.100 0.100 0.500E-01 0.100 0.100 0.100 0.100 0.100 0.100 0.500E-01 0.500E-01 0.100 0.100 0.100 0.100 0.100 0.100 0.100 0.100 0.100 0.100 0.100 0.119E-06 0.500E-01 0.100 0.100 0.100 0.100 0.119E-06 0.373E-06 0.500E-01 0.500E-01 0.500E-01 0.119E-06 0.500E-01 0.500E-01 0.500E-01 0.100 0.100 0.100 0.500E-01 0.119E-06 0.500E-01 0.100 0.100 0.500E-01 0.119E-06 -0.238E-06 0.100 0.100 0.134E-06 0.500E-01 0.611E-06 -0.119E-06 0.253E-06 0.500E-01
0.500E-01 0.100 0.100 0.100 0.100 0.100 0.100 0.100 0.100 0.500E-01 0.100 0.500E-01 0.500E-01 0.500E-01 0.500E-01 0.500E-01 0.500E-01 0.100 0.100 0.100 0.100 0.100 0.100 0.100 0.100 0.100 0.100 0.100 0.500E-01 0.119E-06 0.500E-01 0.119E-06 0.500E-01 -0.238E-06 0.100 0.119E-06 0.500E-01 0.500E-01 0.500E-01 0.100 0.100 0.100 0.100 0.100 0.100 0.100 0.100 0.100 0.119E-06 0.119E-06 -0.104E-06 0.500E-01 -0.238E-06 0.119E-06 0.500E-01 0.500E-01 0.134E-06 -0.238E-06 0.500E-01 0.500E-01 0.119E-06 -0.343E-06 0.500E-01
0.500E-01 0.100 0.100 0.100 0.100 0.100 0.100 0.100 0.500E-01 0.500E-01 0.100 -0.119E-06 0.500E-01 0.119E-06 0.477E-06 0.500E-01 0.500E-01 0.100 0.100 0.100 0.100 0.100 0.100 0.100 0.100 0.100 0.100 0.500E-01 0.119E-06 0.119E-06 0.119E-06 0.119E-06 0.119E-06 0.119E-06 0.100 0.119E-06 0.500E-01 0.500E-01 0.500E-01 0.100 0.119E-06 0.500E-01 0.100 0.500E-01 0.500E-01 0.100 0.100 0.100 0.100 0.119E-06 0.119E-06 0.477E-06 -0.238E-06 0.119E-06 0.253E-06 0.134E-06 0.134E-06 0.119E-06 0.119E-06 0.500E-01 0.134E-06 0.149E-07 0.500E-01
0.500E-01 0.100 0.100 0.500E-01 0.100 0.100 0.100 0.500E-01 0.238E-06 0.500E-01 0.500E-01 0.119E-06 0.119E-06 0.119E-06 0.500E-01 0.358E-06 -0.343E-06 0.500E-01 0.500E-01 0.500E-01 0.500E-01 0.100 0.100 0.100 0.100 0.100 0.100 0.112E-06 -0.238E-06 0.119E-06 0.119E-06 0.500E-01 0.500E-01 0.119E-06 0.100 0.500E-01 0.500E-01 0.500E-01 0.500E-01 0.100 0.100 0.100 0.500E-01 0.119E-06 0.500E-01 0.500E-01 0.100 0.100 0.100 0. 0.119E-06 0.119E-06 0.119E-06 0. -0.238E-06 -0.238E-06 0.119E-06 0.119E-06 -0.238E-06 0.500E-01 0.500E-01 0.500E-01 0.500E-01
0.500E-01 0.100 0.100 0.500E-01 0.100 0.100 0.119E-06 0.500E-01 0.500E-01 0.500E-01 0.500E-01 -0.127E-06 0.119E-06 0.119E-06 0.500E-01 -0.358E-06 0.500E-01 0.100 0.500E-01 0.500E-01 0.500E-01 0.500E-01 0.100 0.100 0.100 0.100 0.100 0.500E-01 0. 0.500E-01 0.100 0.100 0.100 0.100 -0.358E-06 0.500E-01 0.500E-01 0.100 0.100 0.500E-01 0.100 0.500E-01 0. 0. 0.119E-06 0.119E-06 0.119E-06 0.500E-01 0.500E-01 0. 0. 0.119E-06 0.119E-06 0.119E-06 0.119E-06 0.119E-06 0.500E-01 0.119E-06 0.100 0.100 0.119E-06 0.500E-01 0.100
0.500E-01 0.100 0.100 0.100 0.100 0.100 0.100 0.100 0.100 0.500E-01 0.500E-01 0.500E-01 0. 0. 0. -0.224E-06 0.100 0.100 0.100 0.500E-01 0.500E-01 0. 0.500E-01 0.100 0.100 0.100 0.100 0.500E-01 -0.119E-06 0.119E-06 0.100 0.100 0.100 0.100 0.500E-01 0.500E-01 0.500E-01 0.100 0.100 0.119E-06 0.500E-01 0.119E-06 0.500E-01 0. 0.119E-06 0.500E-01 0.119E-06 0.119E-06 0.119E-06 0.119E-06 0.119E-06 0.119E-06 0.119E-06 0.119E-06 0.119E-06 0.238E-06 0.100 0.100 0.100 0.100 0.500E-01 0.500E-01 0.100
0.119E-06 0.119E-06 0.100 0.100 0.100 0.100 0.100 0.100 0.100 0.100 0.500E-01 0.500E-01 0.100 0.500E-01 0.500E-01 0.134E-06 0.100 0.100 0.100 0.100 0.100 0.100 0.500E-01 0.100 0.100 0.100 0.100 0.112E-06 0.119E-06 0.119E-06 0.100 0.100 0.100 0.100 0.500E-01 0.500E-01 0.500E-01 0.100 0.100 0.100 0.500E-01 0.100 0.100 0.500E-01 0.500E-01 0.119E-06 0.119E-06 0.119E-06 0.500E-01 0.119E-06 0.119E-06 0.119E-06 0.500E-01 0.500E-01 0.500E-01 0.500E-01 0.119E-06 0.500E-01 0.100 0.100 0.500E-01 0.500E-01 0.100
0.119E-06 0.500E-01 0.100 0.100 0.100 0.100 0.100 0.100 0.100 0.100 0.100 0.100 0.100 0.100 0.119E-06 0. 0.119E-06 0.100 0.100 0.100 0.100 0.100 0.100 0.500E-01 0.100 0.100 0.100 0.112E-06 0.238E-06 0. 0.500E-01 0.100 0.100 0.119E-06 0.300E-01 0.149E-07 0.500E-01 0.500E-01 0.100 0.100 0.100 0.100 0.100 0.100 0.100 0.100 0.100 0.100 0.119E-06 0.500E-01 0.134E-06 -0.238E-06 0.596E-06 0.100 0.100 0.500E-01 0.500E-01 0.500E-01 0.500E-01 0.238E-06 0.500E-01 0.100 0.100
0.500E-01 0.100 0.100 0.100 0.100 0.100 0.100 0.100 0.100 0.100 0.100 0.100 0.100 0.100 0.119E-06 0.119E-06 0.500E-01 0.100 0.100 0.100 0.100 0.500E-01 0.100 0.100 0.100 0.500E-01 0.500E-01 0.238E-06 0.119E-06 0.119E-06 0.119E-06 0.100 0.500E-01 0.300E-01 0.300E-01 0.500E-01 -0.238E-06 0.238E-06 0.500E-01 0.100 0.100 0.100 0.100 0.100 0.100 0.100 0.100 0.500E-01 -0.119E-06 0.500E-01 0.119E-06 0.119E-06 -0.238E-06 0.100 0.100 0.500E-01 0.500E-01 0.100 0.100 0.300E-01 0.500E-01 0.100 0.500E-01
0.500E-01 0.100 0.100 0.100 0.100 0.100 0.500E-01 0.100 0.100 0.100 0.100 0.100 0.500E-01 0.500E-01 0.500E-01 0.119E-06 0.100 0.100 0.100 0.100 0.100 0.500E-01 0.500E-01 0.100 0.100 0.500E-01 0.119E-06 0.119E-06 0.119E-06 0. 0.119E-06 0.100 0.100 0.500E-01 0.500E-01 0.500E-01 0.100 0.500E-01 -0.119E-06 -0.119E-06 0.500E-01 0.500E-01 0.100 0.100 0.100 0.100 0.500E-01 0.500E-01 0. 0.119E-06 0.119E-06 0.119E-06 -0.238E-06 0.149E-07 0.100 0.100 0.100 0.100 0. 0.300E-01 0.500E-01 0.100 0.100
0.500E-01 0.100 0.100 0.100 0.100 0.100 0.500E-01 0.500E-01 0.100 0.100 0.100 0.500E-01 0.500E-01 0.119E-06 -0.238E-06 0.500E-01 0.100 0.100 0.100 0.100 0.100 0.500E-01 0.100 0.500E-01 0.100 0.500E-01 0.119E-06 0.119E-06 0.119E-06 0.119E-06 -0.119E-06 0.500E-01 0.100 0.100 0.300E-01 0.500E-01 0.100 0.100 0.100 0.100 0.500E-01 0.119E-06 0.100 0.100 0.500E-01 0.500E-01 0.500E-01 0.134E-06 0.119E-06 -0.104E-06 0.477E-06 -0.119E-06 -0.238E-06 0.134E-06 0.500E-01 0.100 0.100 0.500E-01 -0.224E-06 0.300E-01 0.500E-01 0.100 0.100
0.500E-01 0.100 0.100 0.100 0.100 0.500E-01 0.119E-06 0.500E-01 0.100 0.100 0.100 0.500E-01 -0.119E-06 -0.358E-06 0.119E-06 -0.238E-06 0.100 0.100 0.100 0.100 0.500E-01 0.119E-06 0.119E-06 0.500E-01 0.500E-01 0.119E-06 0.119E-06 -0.238E-06 0. 0.119E-06 0.119E-06 0.119E-06 0.119E-06 0.119E-06 -0.462E-06 0.834E-06 0.500E-01 0.100 0.100 0.100 0.100 0.238E-06 0.500E-01 0.500E-01 0. 0.119E-06 0.500E-01 0.500E-01 0.596E-06 0.119E-06 -0.238E-06 -0.119E-06 0.492E-06 -0.939E-06 0.500E-01 0.100 0.100 0.100 0.134E-06 0.500E-01 0.500E-01 0.100 0.100
-0.238E-06 0.100 0.500E-01 0.500E-01 0.100 0.119E-06 0.119E-06 0.119E-06 0.500E-01 0.100 0.100 0.100 0.119E-06 -0.238E-06 0. 0.238E-06 0.500E-01 0.100 0.100 0.100 0.119E-06 0.119E-06 0.119E-06 -0.238E-06 0.500E-01 0. 0.119E-06 0.119E-06 0.500E-01 0.500E-01 0.119E-06 0.119E-06 -0.119E-06 -0.238E-06 0.373E-06 -0.119E-06 0.500E-01 0.500E-01 0.500E-01 0.100 0.100 0.500E-01 0.119E-06 0.500E-01 0.500E-01 0.119E-06 0.119E-06 0.500E-01 0.134E-06 0.119E-06 0.119E-06 0.134E-06 0.134E-06 -0.238E-06 -0.238E-06 -0.238E-06 0.500E-01 0.238E-06 -0.462E-06 0.238E-06 0.500E-01 0.100 0.100
-0.238E-06 0.500E-01 0.500E-01 0.112E-06 0.100 0.500E-01 0.119E-06 -0.238E-06 0.100 0.100 0.100 0.100 0.100 0.100 0.119E-06 0. 0. 0.500E-01 0.100 0.100 -0.238E-06 -0.238E-06 0.500E-01 0.500E-01 0.100 0.100 0.500E-01 0.119E-06 0.119E-06 0.100 0.500E-01 0.119E-06 -0.238E-06 0.500E-01 -0.224E-06 0.119E-06 0.238E-06 0. 0.119E-06 0.500E-01 0.100 0.100 0.119E-06 0.500E-01 0.119E-06 0.119E-06 0.119E-06 0.134E-06 0.119E-06 0.119E-06 0.500E-01 0.134E-06 0.500E-01 0.500E-01 0.500E-01 0.500E-01 0.119E-06 -0.104E-06 0.119E-06 0.500E-01 0.100 0.100 0.100
-0.596E-06 0.238E-06 0.119E-06 0.112E-06 0. 0.119E-06 0.119E-06 -0.119E-06 0.100 0.100 0.100 0.100 0.100 0.500E-01 0.500E-01 0.500E-01 0.500E-01 0.100 0.100 0.500E-01 0.500E-01 0.100 0.100 0.100 0.100 0.100 0.100 0.500E-01 0.119E-06 -0.119E-06 0.100 0.500E-01 0.500E-01 0.596E-06 0.119E-06 0.400E-01 0.300E-01 0.119E-06 0.500E-01 0.100 0.500E-01 0.100 0. -0.238E-06 0.500E-01 0. 0.119E-06 0.492E-06 0.134E-06 0.500E-01 0.500E-01 0.500E-01 0.500E-01 0.500E-01 0.596E-06 0.500E-01 0.149E-07 0.611E-06 0.500E-01 0.100 0.500E-01 0.500E-01 0.100
0.119E-06 0. 0.119E-06 0.119E-06 0. 0.119E-06 0.119E-06 -0.238E-06 0.100 0.100 0.100 0.100 0.100 0.100 0.100 0.100 0.100 0.100 0.100 0.500E-01 0.100 0.596E-06 0.100 0.100 0.100 0.100 0.100 0.100 0.500E-01 0.119E-06 -0.238E-06 0.100 0.500E-01 0.358E-06 0.500E-01 0.500E-01 0.500E-01 0.119E-06 0.100 0.119E-06 -0.238E-06 0.119E-06 0.500E-01 -0.119E-06 -0.119E-06 0.500E-01 0.596E-06 0.231E-06 -0.238E-06 0.119E-06 0.500E-01 0.100 0.500E-01 0.500E-01 0.500E-01 0.500E-01 -0.224E-06 0.500E-01 0.100 0.500E-01 -0.238E-06 0. 0.119E-06
0.119E-06 0.119E-06 0.119E-06 0. 0.119E-06 0.119E-06 0.358E-06 0.100 0.100 0.100 0.100 0.100 0.100 0.100 0.500E-01 0.119E-06 0.100 0.100 0.500E-01 0.100 0.100 0.500E-01 0.100 0.100 0.100 0.100 0.100 0.100 0.500E-01 0.500E-01 0.500E-01 0.500E-01 0.119E-06 0.500E-01 0.100 0.100 0.500E-01 0.500E-01 0.500E-01 -0.119E-06 0.119E-06 0.134E-06 0.119E-06 0.119E-06 0. 0. 0.119E-06 -0.745E-08 0.492E-06 0.500E-01 0.500E-01 0. 0.100 0.100 0.100 0.500E-01 -0.358E-06 0.500E-01 0.100 0.100 0.500E-01 0.119E-06 0.119E-06
-0.358E-06 0.238E-06 0.119E-06 0.119E-06 0.119E-06 0.119E-06 -0.238E-06 0.100 0.100 0.100 0.100 0.100 0.100 0.100 0.119E-06 0.119E-06 -0.238E-06 0.500E-01 -0.238E-06 0.100 0.100 0.100 0.100 0.100 0.100 0.100 0.100 0.500E-01 0.100 0.100 0.100 0.238E-06 0.500E-01 0.500E-01 0.500E-01 -0.238E-06 0.500E-01 0.596E-06 0. -0.238E-06 0.119E-06 0.119E-06 -0.104E-06 0.119E-06 0.119E-06 0. -0.119E-06 -0.745E-08 -0.238E-06 0.100 0.500E-01 0.500E-01 0.119E-06 0.134E-06 0.100 0.149E-07 0.500E-01 0.100 0.100 0.100 0.100 0.500E-01 -0.119E-06
-0.238E-06 0.119E-06 0.119E-06 0.119E-06 0.119E-06 0. 0.500E-01 0.100 0.100 0.100 0.100 0.100 0.100 0.500E-01 0.119E-06 0.119E-06 0.119E-06 0.119E-06 0.119E-06 0.500E-01 0.100 0.100 0.500E-01 0.500E-01 0.500E-01 0.500E-01 0.500E-01 0.500E-01 0.100 0.100 0.500E-01 -0.119E-06 0.500E-01 0.100 0.500E-01 0.500E-01 0.119E-06 -0.224E-06 0.119E-06 -0.238E-06 0.119E-06 0.119E-06 0. -0.238E-06 0.500E-01 0.119E-06 0.500E-01 0.500E-01 0.500E-01 0.100 0.500E-01 0.500E-01 -0.238E-06 0.500E-01 0.100 -0.224E-06 0.500E-01 0.500E-01 0.134E-06 0.100 0.500E-01 0.500E-01 -0.358E-06
0. 0.119E-06 0.119E-06 0. 0.119E-06 0.119E-06 0.500E-01 0.100 0.100 0.100 0.100 0.100 0.100 0. 0.119E-06 0.119E-06 0.119E-06 0.119E-06 0.119E-06 0.500E-01 0.100 0.100 0.238E-06 0.358E-06 0. 0.500E-01 0.500E-01 0.500E-01 0.500E-01 -0.238E-06 0. 0. 0.500E-01 0.100 0.500E-01 0.119E-06 0. -0.104E-06 0.149E-07 -0.596E-06 0.238E-06 -0.238E-06 0. 0.500E-01 0.500E-01 -0.358E-06 0.500E-01 0.100 0.100 0.100 0.100 0.100 0.500E-01 0.134E-06 0.100 0.500E-01 -0.119E-06 0.500E-01 0.134E-06 0.500E-01 -0.104E-06 -0.104E-06 -0.104E-06
0.119E-06 0.119E-06 0. 0. 0.500E-01 0.500E-01 0.119E-06 0.100 0.100 0.100 0.100 0.100 0.500E-01 0.119E-06 0.119E-06 0.134E-06 0.119E-06 0.500E-01 0.100 0.500E-01 0.500E-01 0.596E-06 0.119E-06 0.119E-06 0. 0. 0.500E-01 0.500E-01 0.500E-01 0.238E-06 -0.358E-06 0.500E-01 0.500E-01 0.100 0.100 0.100 0.100 0.119E-06 0. 0.119E-06 0. 0. 0.500E-01 0.500E-01 0.500E-01 0.500E-01 0.500E-01 0.100 0.100 0.500E-01 0.100 0.500E-01 0.500E-01 0.134E-06 0.500E-01 0.500E-01 0.500E-01 0.500E-01 0.500E-01 0.500E-01 -0.104E-06 -0.104E-06 -0.104E-06
