share/VS_Project/swb/x64/Debug/MASS_BALANCE_07_19_1989.asc
NCOLS        340
NROWS        316
XLLCORNER     528502.530
YLLCORNER     274871.653
CELLSIZE        100.000
NODATA_VALUE    -9999.000
[rows 0 to 26 of 316, columns 0 to 61 of 340]
-0.201E-06 -0.201E-06 0.100 0.100 0.100 0.100 0.500E-01 0.100 0.100 0.100 0.100 0.100 0.500E-01 0.300E-01 0.156E-06 0.156E-06 0.156E-06 0.500E-01 -0.142E-06 -0.201E-06 0.216E-06 -0.201E-06 0.500E-01 -0.201E-06 -0.201E-06 -0.201E-06 0.500E-01 0.100 0.100 -0.201E-06 -0.201E-06 0.300E-01 0.300E-01 0.300E-01 0.100 0.100 0.100 0.500E-01 0.156E-06 0.800E-01 -0.201E-06 -0.201E-06 -0.201E-06 -0.201E-06 -0.201E-06 -0.201E-06 0.500E-01 0.100 0.100 0.100 0.500E-01 0.156E-06 0.156E-06 0.500E-01 0.373E-07 -0.820E-07 0.500E-01 0.500E-01 0.500E-01 0.156E-06 0.500E-01 0.500E-01
0.500E-01 0.500E-01 0.100 0.500E-01 0.500E-01 0.100 0.500E-01 0.156E-06 0.500E-01 0.100 0.100 0.500E-01 0.156E-06 0.300E-01 0.300E-01 0.156E-06 0.156E-06 0.156E-06 0.500E-01 0.969E-07 -0.820E-07 0.156E-06 0.969E-07 0.216E-06 -0.820E-07 0.156E-06 0.100 0.100 0.156E-06 0.500E-01 0.500E-01 0.500E-01 0.500E-01 0.500E-01 0.500E-01 0.100 0.100 0.100 0.500E-01 0.156E-06 0.216E-06 0.216E-06 0.216E-06 -0.201E-06 -0.261E-06 -0.201E-06 -0.201E-06 0.500E-01 0.100 0.100 0.100 0.500E-01 0.500E-01 0.500E-01 0.500E-01 0.500E-01 0.100 0.100 0.500E-01 0.100 0.100 0.500E-01
0.500E-01 0.100 0.100 0.500E-01 0.156E-06 0.500E-01 0.100 0.500E-01 0.156E-06 0.156E-06 -0.201E-06 -0.201E-06 0.156E-06 0.300E-01 0.300E-01 0.300E-01 0.156E-06 0.156E-06 0.500E-01 -0.261E-06 0.156E-06 0.500E-01 0.500E-01 0.500E-01 0.500E-01 0.500E-01 0.500E-01 0.500E-01 0.500E-01 0.100 0.100 0.100 0.100 0.100 0.500E-01 0.500E-01 0.100 0.500E-01 -0.820E-07 -0.201E-06 0.156E-06 0.969E-07 -0.142E-06 -0.201E-06 -0.201E-06 -0.201E-06 -0.142E-06 0.500E-01 0.100 0.100 0.100 0.100 0.100 -0.201E-06 0.500E-01 0.500E-01 0.100 0.100 0.100 0.100 0.100 0.500E-01
0.500E-01 0.100 0.100 0.100 0.500E-01 0.500E-01 0.100 0.100 0.500E-01 -0.142E-06 -0.142E-06 -0.201E-06 -0.142E-06 0.156E-06 -0.194E-06 -0.201E-06 -0.820E-07 -0.820E-07 -0.201E-06 -0.261E-06 0.156E-06 0.500E-01 0.156E-06 -0.201E-06 0.500E-01 0.500E-01 0.100 0.100 0.100 0.100 0.100 0.100 0.100 0.100 0.100 0.100 0.100 0.100 -0.201E-06 -0.201E-06 -0.201E-06 -0.201E-06 -0.194E-06 -0.201E-06 0.500E-01 0.500E-01 0.969E-07 -0.820E-07 0.100 0.100 0.100 0.100 0.100 0.500E-01 0.500E-01 0.100 0.100 0.100 0.100 0.100 0.100 0.100
0.300E-01 0.100 0.100 0.100 0.100 0.100 0.100 0.100 0.100 0.500E-01 0.500E-01 0.156E-06 0.156E-06 0.156E-06 0.500E-01 -0.201E-06 -0.253E-06 -0.201E-06 -0.201E-06 -0.820E-07 -0.820E-07 0.156E-06 0.500E-01 0.500E-01 0.500E-01 0.500E-01 0.100 0.100 0.100 0.100 0.100 0.100 0.100 0.500E-01 -0.201E-06 0.500E-01 -0.201E-06 0.100 -0.201E-06 -0.142E-06 0.156E-06 -0.201E-06 0.500E-01 0.500E-01 0.100 0.100 0.500E-01 0.969E-07 -0.201E-06 0.100 0.100 0.100 0.100 0.100 0.500E-01 0.100 0.100 0.100 0.100 0.100 0.100 0.100
-0.142E-06 0.216E-06 -0.201E-06 -0.201E-06 0.100 0.100 0.100 0.100 0.100 0.100 0.100 0.100 0.100 0.100 0.500E-01 0.500E-01 0.373E-07 0.156E-06 -0.201E-06 -0.261E-06 -0.201E-06 -0.201E-06 0.300E-01 0.500E-01 0.500E-01 -0.201E-06 0.500E-01 0.500E-01 0.500E-01 0.100 0.100 0.100 0.500E-01 -0.224E-07 0.216E-06 0.100 0.500E-01 -0.201E-06 0.100 0.500E-01 0.500E-01 0.969E-07 0.500E-01 0.500E-01 0.156E-06 0.156E-06 0.500E-01 0.500E-01 0.500E-01 0.500E-01 0.500E-01 -0.201E-06 0.156E-06 0.100 0.100 0.100 0.100 0.100 0.100 0.100 0.100 0.500E-01
0.500E-01 0.500E-01 0.500E-01 0.500E-01 0.500E-01 0.100 0.100 0.100 0.100 0.100 0.100 0.100 0.500E-01 0.500E-01 0.100 0.500E-01 0.500E-01 -0.201E-06 0.300E-01 -0.224E-07 0.216E-06 -0.820E-07 0.969E-07 -0.224E-07 0.969E-07 0.216E-06 -0.201E-06 0.373E-07 0.500E-01 0.500E-01 0.500E-01 0.100 0.100 0.500E-01 -0.820E-07 0.100 0.500E-01 0.300E-01 0.500E-01 0.500E-01 0.300E-01 0.300E-01 -0.820E-07 0.156E-06 0.156E-06 0.156E-06 0.500E-01 0.500E-01 0.500E-01 0.100 0.500E-01 0.156E-06 -0.142E-06 0.100 0.100 0.100 0.100 0.100 0.100 0.100 0.100 0.100
0.500E-01 0.100 0.100 0.100 0.100 0.100 0.100 0.100 0.100 0.100 0.100 0.100 0.500E-01 0.156E-06 0.500E-01 0.100 0.100 0.500E-01 0.300E-01 0.300E-01 0.373E-07 0.500E-01 -0.201E-06 0.500E-01 0.500E-01 0.500E-01 0.500E-01 0.500E-01 0.500E-01 0.500E-01 0.500E-01 0.100 0.100 0.500E-01 -0.224E-07 0.500E-01 0.500E-01 0.300E-01 -0.201E-06 0.500E-01 0.300E-01 0.300E-01 0.500E-01 0.156E-06 0.500E-01 -0.201E-06 0.500E-01 0.500E-01 0.500E-01 0.100 -0.201E-06 -0.142E-06 0.100 0.100 0.100 0.100 0.100 0.100 0.100 0.100 0.100 0.500E-01
0.500E-01 0.100 0.100 0.100 0.100 0.100 0.100 0.100 0.500E-01 0.500E-01 0.100 0.100 0.500E-01 -0.194E-06 -0.201E-06 -0.201E-06 -0.201E-06 0.300E-01 -0.201E-06 -0.201E-06 -0.194E-06 0.300E-01 0.500E-01 0.500E-01 0.100 0.100 0.100 0.100 0.100 0.100 0.100 0.500E-01 -0.201E-06 -0.201E-06 -0.820E-07 -0.201E-06 -0.201E-06 0.156E-06 0.300E-01 0.500E-01 -0.201E-06 0.373E-07 0.500E-01 0.500E-01 0.500E-01 0.500E-01 0.500E-01 0.500E-01 0.100 0.500E-01 0.969E-07 -0.201E-06 0.100 0.500E-01 0.500E-01 0.100 0.100 0.100 0.100 0.100 0.100 0.276E-06
0.500E-01 0.100 0.100 0.100 0.100 0.100 0.100 0.500E-01 -0.261E-06 0.500E-01 0.100 0.100 0.500E-01 -0.261E-06 0.216E-06 0.216E-06 0.156E-06 0.300E-01 -0.820E-07 0.447E-07 -0.201E-06 0.500E-01 0.100 0.100 0.100 0.100 0.100 0.100 0.100 0.100 0.100 0.500E-01 0.500E-01 0.500E-01 0.500E-01 0.216E-06 -0.253E-06 0.164E-06 0.156E-06 -0.820E-07 0.156E-06 0.969E-07 0.300E-01 -0.142E-06 0.156E-06 0.500E-01 0.300E-01 0.300E-01 0.500E-01 0.500E-01 -0.142E-06 0.216E-06 0.500E-01 -0.261E-06 0.500E-01 0.100 0.100 0.500E-01 0.156E-06 0.100 0.500E-01 0.
0.156E-06 0.100 0.156E-06 0.100 0.100 0.100 0.100 -0.224E-07 0.500E-01 0.100 0.100 0.100 0.100 -0.201E-06 -0.224E-07 -0.149E-07 -0.820E-07 0.300E-01 0.300E-01 -0.201E-06 0.500E-01 0.100 0.100 0.100 0.100 0.100 0.100 0.500E-01 0.100 0.100 0.100 0.100 0.100 0.100 0.500E-01 0.500E-01 -0.201E-06 -0.201E-06 0.216E-06 0.253E-06 -0.745E-07 0.283E-06 0.300E-01 0.300E-01 0.800E-01 0.500E-01 0.300E-01 0.300E-01 -0.201E-06 -0.201E-06 0.500E-01 0.500E-01 0.500E-01 0.500E-01 0.100 0.100 -0.201E-06 -0.201E-06 0.100 0.395E-06 0. 0.
0.500E-01 0.100 0.500E-01 0.500E-01 0.100 0.100 0.100 -0.201E-06 0.100 0.100 0.100 0.100 0.100 -0.201E-06 0.156E-06 -0.201E-06 0.216E-06 0.300E-01 0.300E-01 -0.201E-06 0.500E-01 0.100 0.100 0.100 0.100 0.100 -0.201E-06 -0.201E-06 0.100 0.100 0.100 0.100 0.100 0.100 0.100 0.100 0.500E-01 0.500E-01 0.300E-01 0.300E-01 -0.224E-07 0.300E-01 0.300E-01 0.300E-01 0.500E-01 0.500E-01 0.300E-01 0.500E-01 0.500E-01 0.500E-01 0.500E-01 0.156E-06 0.156E-06 0.500E-01 0.100 0.100 0.500E-01 0.276E-06 -0.380E-06 0. 0. 0.
0.500E-01 0.100 0.100 0.100 0.100 0.100 0.100 0.373E-07 0.500E-01 0.156E-06 0.500E-01 0.500E-01 0.500E-01 0.500E-01 -0.201E-06 0.216E-06 0.969E-07 0.300E-01 0.300E-01 0.300E-01 0.156E-06 0.500E-01 0.100 0.100 -0.201E-06 -0.201E-06 0.500E-01 0.100 0.100 0.100 0.500E-01 0.500E-01 0.100 0.500E-01 0.500E-01 0.100 0.100 -0.201E-06 0.156E-06 -0.201E-06 -0.820E-07 0.156E-06 0.500E-01 0.224E-06 0.500E-01 0.500E-01 0.500E-01 0.500E-01 0.156E-06 0.156E-06 -0.142E-06 0.156E-06 0.156E-06 0.500E-01 0.156E-06 0.100 0.100 -0.820E-07 0. 0. 0. 0.
0.156E-06 0.500E-01 0.100 0.100 0.100 0.100 0.500E-01 -0.142E-06 0.156E-06 0.500E-01 0.100 0.500E-01 0.156E-06 0.100 0.500E-01 0.300E-01 0.300E-01 0.300E-01 0.300E-01 0.500E-01 0.500E-01 0.500E-01 0.100 -0.201E-06 0.216E-06 0.300E-01 0.300E-01 0.100 0.100 0.100 0.100 0.216E-06 0.156E-06 -0.224E-07 0.100 0.100 0.100 0.500E-01 0.500E-01 0.500E-01 0.500E-01 0.500E-01 -0.201E-06 0.156E-06 0.500E-01 0.500E-01 0.500E-01 0.500E-01 -0.820E-07 0.500E-01 0.500E-01 0.156E-06 0.500E-01 0.500E-01 0.100 0.100 0.400E-01 0.400E-01 0. 0. 0. 0.
-0.820E-07 -0.201E-06 0.100 0.100 0.100 0.100 0.100 0.500E-01 0.969E-07 -0.201E-06 0.156E-06 0.104E-06 0.500E-01 0.500E-01 0.500E-01 0.500E-01 0.300E-01 0.300E-01 0.300E-01 0.100 0.100 0.100 -0.201E-06 -0.201E-06 -0.224E-07 0.500E-01 0.100 0.100 -0.201E-06 0.156E-06 0.100 0.100 0.100 0.216E-06 0.500E-01 0.100 0.100 0.100 0.100 0.100 0.100 0.500E-01 -0.201E-06 0.156E-06 0.300E-01 0.300E-01 0.500E-01 0.500E-01 0.800E-01 0.500E-01 0.156E-06 0.156E-06 0.276E-06 0.500E-01 0.500E-01 0.500E-01 0.276E-06 -0.313E-06 0. 0. 0. 0.
-0.142E-06 -0.201E-06 0.300E-01 0.500E-01 0.100 0.100 0.500E-01 0.100 -0.201E-06 -0.142E-06 -0.820E-07 0.500E-01 0.100 0.500E-01 -0.261E-06 -0.224E-07 0.300E-01 0.300E-01 0.300E-01 0.500E-01 0.500E-01 0.500E-01 -0.201E-06 0.300E-01 -0.201E-06 0.500E-01 0.500E-01 0.500E-01 0.156E-06 -0.224E-07 0.100 0.100 0.500E-01 0.373E-07 0.100 0.100 0.100 0.100 0.100 0.156E-06 0.800E-01 0.156E-06 -0.261E-06 0.373E-07 0.969E-07 0.156E-06 -0.142E-06 0.156E-06 0.800E-01 0.500E-01 0.156E-06 0.395E-06 -0.224E-07 0.500E-01 0.100 0.276E-06 0.164E-06 -0.820E-07 0. 0. 0. 0.500E-01
0.300E-01 0.300E-01 -0.142E-06 0.300E-01 0.500E-01 0.100 0.100 0.100 0.500E-01 -0.745E-07 0.156E-06 0.100 0.100 0.100 0.100 -0.201E-06 0.156E-06 0.300E-01 0.300E-01 0.500E-01 -0.201E-06 -0.820E-07 0.216E-06 -0.201E-06 0.500E-01 0.500E-01 0.500E-01 0.500E-01 0.969E-07 0.156E-06 0.100 0.100 0.100 0.969E-07 0.100 0.100 0.100 0.500E-01 0.156E-06 -0.142E-06 -0.261E-06 -0.142E-06 0.969E-07 0.156E-06 0.156E-06 0.500E-01 0.500E-01 0.969E-07 0.969E-07 -0.224E-07 0.276E-06 -0.261E-06 0.500E-01 0.500E-01 0.500E-01 0.402E-06 0. 0.276E-06 0. 0. 0. 0.100
0.969E-07 0.300E-01 0.300E-01 -0.201E-06 0.300E-01 0.500E-01 0.100 -0.201E-06 0.156E-06 0.104E-06 0.500E-01 0.100 0.100 0.100 0.100 -0.201E-06 0.216E-06 0.500E-01 0.300E-01 0.300E-01 0.300E-01 -0.142E-06 0.300E-01 0.300E-01 0.100 0.100 0.100 0.100 0.300E-01 -0.142E-06 0.100 0.156E-06 -0.201E-06 0.373E-07 0.156E-06 0.500E-01 0.156E-06 0.156E-06 0.969E-07 0.156E-06 0.156E-06 0.300E-01 -0.201E-06 -0.820E-07 0.156E-06 0.156E-06 -0.201E-06 -0.201E-06 0.276E-06 0.276E-06 0.156E-06 0.500E-01 0.500E-01 0.500E-01 0.500E-01 -0.551E-06 0.276E-06 -0.261E-06 0. 0.500E-01 0.500E-01 0.500E-01
0.216E-06 0.969E-07 0.300E-01 0.300E-01 -0.201E-06 0.500E-01 -0.201E-06 0.156E-06 0.300E-01 0.156E-06 0.500E-01 0.100 0.100 0.100 0.100 0.500E-01 0.300E-01 0.500E-01 0.500E-01 -0.432E-06 -0.820E-07 -0.261E-06 0.300E-01 0.300E-01 0.100 0.100 0.100 0.100 -0.142E-06 0.300E-01 -0.142E-06 0.156E-06 -0.261E-06 0.156E-06 -0.261E-06 0.156E-06 -0.142E-06 -0.261E-06 -0.261E-06 -0.142E-06 0.300E-01 0.300E-01 0.300E-01 0.300E-01 -0.142E-06 0.156E-06 -0.201E-06 0.156E-06 0.216E-06 0.276E-06 0.500E-01 0.500E-01 0.500E-01 0.500E-01 -0.201E-06 -0.477E-06 0. 0. 0. 0.100 0.500E-01 0.500E-01
-0.201E-06 -0.201E-06 0.500E-01 0.300E-01 0.300E-01 0.300E-01 0.216E-06 0.300E-01 0.300E-01 0.156E-06 0.100 0.100 0.100 0.100 0.100 0.500E-01 0.500E-01 0.300E-01 0.300E-01 0.164E-06 -0.134E-06 0.500E-01 0.500E-01 0.100 0.100 0.100 -0.201E-06 0.156E-06 0.156E-06 -0.142E-06 0.216E-06 0.447E-07 -0.820E-07 0.156E-06 -0.261E-06 0.969E-07 0.156E-06 0.156E-06 0.373E-07 0.156E-06 0.300E-01 0.300E-01 0.300E-01 0.300E-01 0.156E-06 0.156E-06 0.100 0.500E-01 0.500E-01 0.500E-01 0.500E-01 0.500E-01 -0.201E-06 0.373E-07 -0.201E-06 0. 0. 0. 0.500E-01 0.500E-01 0.500E-01 0.500E-01
0.500E-01 0.156E-06 0.969E-07 0.300E-01 0.300E-01 0.300E-01 0.300E-01 0.500E-01 0.500E-01 0.500E-01 0.500E-01 0.100 0.100 0.100 0.500E-01 -0.201E-06 0.300E-01 0.300E-01 0.300E-01 -0.201E-06 0.500E-01 0.300E-01 0.100 0.100 0.156E-06 0.156E-06 0.156E-06 0.156E-06 -0.142E-06 0.969E-07 0.500E-01 0.500E-01 -0.201E-06 0.447E-07 -0.224E-07 0.156E-06 0.156E-06 -0.820E-07 0.156E-06 -0.261E-06 0.216E-06 0.156E-06 0.447E-07 -0.201E-06 0.156E-06 0.100 0.500E-01 0.500E-01 0.500E-01 0.500E-01 0.500E-01 0.500E-01 0.500E-01 0.400E-01 0. 0. 0. 0. 0.500E-01 0.500E-01 0.500E-01 0.500E-01
0.500E-01 0.500E-01 0.500E-01 0.500E-01 0.300E-01 0.300E-01 0.300E-01 0.500E-01 0.100 0.100 0.500E-01 0.100 0.100 0.100 0.100 0.500E-01 -0.201E-06 0.300E-01 0.300E-01 -0.224E-07 -0.201E-06 0.300E-01 0.156E-06 0.156E-06 -0.142E-06 0.156E-06 -0.201E-06 0.156E-06 0.156E-06 -0.820E-07 -0.142E-06 0.216E-06 0.447E-07 0.156E-06 0.969E-07 0.156E-06 -0.201E-06 0.164E-06 0.969E-07 -0.820E-07 -0.820E-07 0.373E-07 0.500E-01 0.500E-01 0.500E-01 0.500E-01 0.500E-01 0.500E-01 0.500E-01 0.500E-01 0.500E-01 0.500E-01 0.500E-01 0. 0. 0. 0. 0.500E-01 0.500E-01 0.500E-01 0.500E-01 0.500E-01
0.500E-01 0.100 0.100 0.500E-01 0.300E-01 0.300E-01 0.300E-01 0.500E-01 0.100 0.100 0.100 0.100 0.100 0.100 0.100 0.100 -0.201E-06 0.300E-01 0.300E-01 0.373E-07 -0.201E-06 0.300E-01 0.969E-07 -0.261E-06 -0.201E-06 -0.224E-07 0.156E-06 -0.142E-06 -0.142E-06 0.156E-06 -0.820E-07 0.373E-07 -0.261E-06 -0.201E-06 0.969E-07 0.969E-07 0.216E-06 0.156E-06 0.402E-06 0.500E-01 0.500E-01 0.500E-01 0.500E-01 0.500E-01 0.500E-01 0.500E-01 0.500E-01 0.500E-01 0.500E-01 0.500E-01 0.100 0.500E-01 0. 0. 0. 0. 0.500E-01 0.500E-01 0.500E-01 0.500E-01 0.500E-01 0.969E-07
0.500E-01 0.100 0.100 0.300E-01 0.500E-01 0.300E-01 0.300E-01 0.156E-06 0.500E-01 0.100 0.100 0.100 0.100 0.100 0.100 -0.201E-06 0.216E-06 0.300E-01 0.300E-01 -0.142E-06 -0.201E-06 0.300E-01 0.156E-06 0.156E-06 0.800E-01 0.500E-01 -0.224E-07 0.373E-07 0.156E-06 -0.261E-06 -0.261E-06 -0.820E-07 0.373E-07 0.156E-06 0.969E-07 -0.142E-06 0.969E-07 -0.142E-06 0.500E-01 0.500E-01 0.500E-01 0.500E-01 0.500E-01 0.500E-01 0. 0.500E-01 0.500E-01 0.500E-01 0.500E-01 0.500E-01 0.500E-01 0. 0. 0. 0. 0.500E-01 0.500E-01 0.500E-01 0.500E-01 0.500E-01 0.500E-01 -0.380E-06
0.500E-01 0.500E-01 0.500E-01 -0.820E-07 0.373E-07 -0.194E-06 -0.142E-06 0.156E-06 -0.201E-06 0.500E-01 0.500E-01 0.500E-01 0.100 0.100 0.500E-01 -0.201E-06 0.969E-07 0.300E-01 0.300E-01 -0.201E-06 0.373E-07 0.300E-01 0.373E-07 -0.201E-06 0.156E-06 0.447E-07 0.447E-07 0.156E-06 -0.261E-06 -0.820E-07 0.156E-06 -0.142E-06 -0.261E-06 -0.820E-07 0.156E-06 0.500E-01 0.500E-01 0.500E-01 0.500E-01 0.500E-01 0.500E-01 0.500E-01 0.500E-01 0.500E-01 0.400E-01 0.500E-01 0.500E-01 0.500E-01 0.500E-01 0.500E-01 0. 0. 0. 0. 0. 0.500E-01 0.500E-01 0.500E-01 0.500E-01 0.500E-01 0.500E-01 0.969E-07
0.300E-01 -0.201E-06 -0.142E-06 0.969E-07 0.216E-06 0.156E-06 0.373E-07 -0.261E-06 -0.224E-07 -0.201E-06 0.500E-01 0.500E-01 0.500E-01 0.500E-01 0.156E-06 -0.201E-06 -0.820E-07 0.500E-01 0.300E-01 0.300E-01 -0.201E-06 -0.820E-07 -0.261E-06 0.969E-07 0.156E-06 -0.142E-06 0.373E-07 -0.820E-07 0.156E-06 -0.820E-07 0.156E-06 0.156E-06 -0.142E-06 0.216E-06 -0.820E-07 0.395E-06 0.500E-01 0.500E-01 0.500E-01 0.500E-01 0.400E-01 0.400E-01 0.500E-01 0.500E-01 0.500E-01 0.500E-01 0.500E-01 0.500E-01 0.500E-01 0.500E-01 0. 0. 0. 0. 0.100 0.500E-01 0.500E-01 0.500E-01 0.500E-01 0.500E-01 0.500E-01 0.216E-06
-0.142E-06 0.300E-01 0.300E-01 0.300E-01 0.500E-01 0.300E-01 0.300E-01 0.156E-06 -0.201E-06 -0.224E-07 0.300E-01 0.300E-01 0.300E-01 0.300E-01 0.300E-01 0.156E-06 0.156E-06 0.300E-01 0.300E-01 0.300E-01 0.300E-01 0.300E-01 0.500E-01 0.500E-01 0.800E-01 0.156E-06 0.156E-06 -0.224E-07 0.373E-07 -0.313E-06 0.500E-01 0.500E-01 0.156E-06 0.300E-01 -0.142E-06 0.500E-01 0.500E-01 0.500E-01 0.500E-01 0.500E-01 0.400E-01 0.500E-01 0.500E-01 0.500E-01 0.500E-01 0.400E-01 0.500E-01 0.500E-01 0.500E-01 0.500E-01 0. 0. 0. 0. 0.100 0.500E-01 0.500E-01 0.500E-01 0.500E-01 0.500E-01 0.500E-01 0.400E-01
