share/VS_Project/swb/x64/Debug/MASS_BALANCE_07_21_1989.asc
NCOLS        340
NROWS        316
XLLCORNER     528502.530
YLLCORNER     274871.653
CELLSIZE        100.000
NODATA_VALUE    -9999.000
[rows 135 to 161 of 316, columns 244 to 304 of 340]
0.500E-01 0.500E-01 -0.104E-06 0.500E-01 -0.104E-06 0.500E-01 -0.104E-06 -0.104E-06 -0.104E-06 -0.104E-06 -0.104E-06 -0.104E-06 -0.104E-06 -0.104E-06 -0.104E-06 -0.104E-06 -0.104E-06 -0.104E-06 -0.104E-06 0.300E-01 -0.104E-06 -0.104E-06 -0.104E-06 -0.104E-06 -0.104E-06 0.500E-01 -0.104E-06 -0.104E-06 0.300E-01 0.300E-01 -0.104E-06 0.300E-01 0.300E-01 0.500E-01 -0.104E-06 0.300E-01 -0.104E-06 0.300E-01 0.300E-01 -0.104E-06 -0.104E-06 -0.104E-06 0.300E-01 -0.104E-06 0.300E-01 -0.104E-06 0.300E-01 -0.894E-07 -0.104E-06 -0.104E-06 -0.201E-06 -0.209E-06 -0.112E-06 0.300E-01 -0.112E-06 -0.104E-06 -0.104E-06 -0.104E-06 -0.164E-06 -0.894E-07 -0.104E-06
0.500E-01 0.500E-01 -0.104E-06 -0.104E-06 -0.104E-06 -0.104E-06 0.500E-01 -0.104E-06 -0.104E-06 -0.104E-06 -0.104E-06 -0.104E-06 -0.104E-06 -0.104E-06 -0.104E-06 -0.104E-06 -0.104E-06 -0.104E-06 -0.104E-06 -0.104E-06 -0.104E-06 -0.104E-06 -0.104E-06 -0.104E-06 -0.104E-06 0.300E-01 0.300E-01 0.300E-01 0.300E-01 -0.104E-06 -0.104E-06 -0.104E-06 -0.104E-06 -0.104E-06 -0.104E-06 0.300E-01 -0.104E-06 0.300E-01 -0.104E-06 -0.104E-06 -0.104E-06 -0.104E-06 -0.104E-06 0.300E-01 0.500E-01 -0.104E-06 0.300E-01 -0.104E-06 -0.104E-06 0.300E-01 0.300E-01 -0.104E-06 0.300E-01 0.300E-01 -0.104E-06 -0.201E-06 -0.201E-06 -0.104E-06 -0.820E-07 0.224E-07 -0.104E-06
0.500E-01 0.500E-01 -0.104E-06 -0.104E-06 -0.104E-06 0.500E-01 0.500E-01 -0.104E-06 -0.104E-06 -0.104E-06 -0.104E-06 -0.104E-06 0.500E-01 0.500E-01 -0.104E-06 -0.104E-06 -0.104E-06 -0.104E-06 -0.104E-06 -0.104E-06 -0.104E-06 -0.104E-06 -0.104E-06 -0.104E-06 -0.104E-06 0.300E-01 -0.104E-06 0.300E-01 -0.104E-06 -0.104E-06 -0.104E-06 -0.104E-06 -0.104E-06 -0.104E-06 0.300E-01 -0.104E-06 -0.104E-06 -0.104E-06 -0.104E-06 -0.104E-06 -0.104E-06 -0.104E-06 0.500E-01 0.500E-01 0.500E-01 -0.104E-06 0.300E-01 -0.104E-06 -0.104E-06 -0.104E-06 0.300E-01 0.300E-01 0.300E-01 0.300E-01 -0.104E-06 -0.104E-06 0.276E-06 -0.104E-06 -0.209E-06 0.142E-06 -0.104E-06
0.500E-01 0.500E-01 -0.104E-06 -0.104E-06 -0.104E-06 0.500E-01 0.500E-01 0.500E-01 -0.104E-06 -0.104E-06 -0.104E-06 -0.104E-06 0.500E-01 -0.104E-06 -0.104E-06 -0.104E-06 -0.104E-06 -0.104E-06 -0.104E-06 -0.104E-06 0.500E-01 -0.104E-06 0.500E-01 0.500E-01 0.500E-01 -0.104E-06 -0.104E-06 -0.104E-06 -0.104E-06 -0.104E-06 -0.104E-06 -0.104E-06 -0.104E-06 -0.104E-06 -0.104E-06 -0.104E-06 0.300E-01 -0.104E-06 -0.104E-06 -0.104E-06 -0.104E-06 0.500E-01 0.500E-01 -0.104E-06 -0.104E-06 -0.104E-06 -0.104E-06 -0.104E-06 -0.104E-06 -0.104E-06 -0.104E-06 -0.894E-07 -0.119E-06 -0.104E-06 -0.104E-06 -0.104E-06 -0.201E-06 -0.104E-06 -0.104E-06 -0.224E-07 -0.104E-06
-0.104E-06 0.500E-01 -0.104E-06 0.500E-01 0.500E-01 0.100 0.500E-01 0.100 0.500E-01 -0.104E-06 0.100 0.500E-01 0.500E-01 0.500E-01 -0.104E-06 -0.104E-06 -0.104E-06 -0.104E-06 -0.104E-06 -0.104E-06 -0.104E-06 -0.104E-06 -0.104E-06 -0.104E-06 0.500E-01 -0.104E-06 -0.104E-06 -0.104E-06 -0.104E-06 0.300E-01 -0.104E-06 -0.104E-06 -0.104E-06 -0.104E-06 0.300E-01 -0.104E-06 -0.104E-06 -0.104E-06 -0.104E-06 0.300E-01 -0.104E-06 0.500E-01 0.100 -0.104E-06 -0.104E-06 0.500E-01 -0.104E-06 -0.104E-06 -0.104E-06 -0.104E-06 -0.104E-06 -0.104E-06 -0.104E-06 -0.104E-06 -0.104E-06 -0.104E-06 -0.201E-06 -0.104E-06 -0.104E-06 -0.209E-06 -0.104E-06
-0.104E-06 -0.104E-06 -0.104E-06 0.100 0.100 0.100 0.100 0.500E-01 0.100 0.100 0.100 0.100 0.500E-01 0.500E-01 -0.104E-06 -0.104E-06 -0.104E-06 -0.104E-06 -0.104E-06 -0.104E-06 -0.104E-06 -0.104E-06 -0.104E-06 -0.104E-06 -0.104E-06 -0.104E-06 0.500E-01 -0.104E-06 -0.104E-06 -0.104E-06 -0.104E-06 -0.104E-06 -0.104E-06 -0.104E-06 -0.104E-06 0.300E-01 0.300E-01 -0.104E-06 -0.104E-06 0.300E-01 -0.104E-06 0.300E-01 -0.104E-06 0.100 0.800E-01 0.500E-01 -0.104E-06 -0.104E-06 -0.104E-06 -0.104E-06 -0.104E-06 -0.104E-06 -0.104E-06 -0.104E-06 -0.104E-06 -0.104E-06 -0.209E-06 -0.104E-06 -0.104E-06 -0.104E-06 -0.104E-06
-0.104E-06 -0.104E-06 -0.104E-06 0.100 -0.104E-06 0.500E-01 0.100 0.100 0.100 0.500E-01 0.100 0.500E-01 0.500E-01 0.500E-01 0.500E-01 -0.104E-06 -0.104E-06 -0.104E-06 -0.104E-06 -0.104E-06 -0.104E-06 -0.104E-06 -0.104E-06 -0.104E-06 -0.104E-06 0.300E-01 0.100 0.500E-01 -0.104E-06 -0.104E-06 -0.104E-06 -0.104E-06 -0.104E-06 -0.104E-06 -0.104E-06 -0.104E-06 0.300E-01 0.300E-01 0.300E-01 -0.104E-06 0.373E-06 0.500E-01 -0.104E-06 0.100 0.100 0.500E-01 -0.104E-06 0.300E-01 -0.104E-06 -0.104E-06 -0.104E-06 -0.104E-06 -0.112E-06 -0.209E-06 -0.104E-06 -0.104E-06 -0.104E-06 -0.104E-06 -0.104E-06 -0.104E-06 -0.104E-06
-0.104E-06 -0.104E-06 -0.104E-06 0.500E-01 0.500E-01 0.100 0.100 0.100 0.500E-01 -0.104E-06 0.500E-01 0.500E-01 0.500E-01 0.500E-01 -0.104E-06 -0.104E-06 -0.104E-06 -0.104E-06 -0.104E-06 -0.104E-06 0.500E-01 -0.104E-06 -0.104E-06 0.500E-01 0.500E-01 0.500E-01 0.500E-01 0.500E-01 -0.104E-06 -0.104E-06 -0.104E-06 -0.104E-06 -0.104E-06 0.300E-01 -0.104E-06 0.300E-01 0.500E-01 -0.104E-06 -0.104E-06 -0.104E-06 0.300E-01 0.500E-01 -0.104E-06 -0.104E-06 -0.104E-06 -0.104E-06 -0.104E-06 -0.104E-06 -0.104E-06 -0.104E-06 -0.104E-06 -0.112E-06 0.142E-06 -0.224E-07 -0.201E-06 -0.201E-06 -0.104E-06 -0.104E-06 -0.104E-06 -0.104E-06 -0.104E-06
0.500E-01 -0.104E-06 0.500E-01 0.100 0.100 0.100 0.100 0.500E-01 -0.104E-06 0.500E-01 -0.104E-06 -0.104E-06 -0.104E-06 -0.104E-06 -0.104E-06 -0.104E-06 0.500E-01 -0.104E-06 -0.104E-06 -0.104E-06 -0.104E-06 -0.104E-06 0.500E-01 0.300E-01 0.300E-01 -0.104E-06 -0.104E-06 -0.104E-06 -0.104E-06 0.300E-01 0.300E-01 0.500E-01 0.300E-01 0.300E-01 -0.104E-06 0.500E-01 -0.104E-06 0.300E-01 -0.104E-06 0.500E-01 -0.104E-06 -0.104E-06 0.500E-01 -0.104E-06 -0.104E-06 0.300E-01 -0.104E-06 0.238E-06 -0.104E-06 -0.104E-06 -0.522E-07 0.224E-06 0.894E-07 0.186E-06 0.500E-01 0.596E-07 -0.969E-07 -0.142E-06 -0.201E-06 0.276E-06 0.969E-07
-0.104E-06 -0.104E-06 -0.104E-06 0.500E-01 0.100 0.100 0.100 0.500E-01 -0.104E-06 -0.104E-06 -0.104E-06 -0.104E-06 0.500E-01 0.500E-01 0.500E-01 0.500E-01 -0.104E-06 -0.104E-06 -0.104E-06 -0.104E-06 -0.104E-06 -0.104E-06 -0.104E-06 -0.104E-06 -0.104E-06 -0.104E-06 -0.104E-06 0.300E-01 -0.104E-06 -0.104E-06 0.300E-01 -0.104E-06 0.300E-01 0.300E-01 -0.104E-06 -0.104E-06 -0.104E-06 -0.104E-06 -0.104E-06 -0.104E-06 -0.104E-06 -0.104E-06 -0.104E-06 0.300E-01 -0.894E-07 0.300E-01 0.300E-01 0.298E-07 0.745E-07 -0.522E-07 -0.522E-07 -0.298E-07 -0.522E-07 0.745E-07 0.820E-07 -0.522E-07 -0.201E-06 -0.104E-06 -0.104E-06 0.231E-06 -0.104E-06
-0.104E-06 -0.104E-06 -0.104E-06 0.500E-01 0.100 0.500E-01 0.500E-01 0.500E-01 -0.104E-06 -0.104E-06 -0.104E-06 -0.104E-06 0.500E-01 0.500E-01 0.500E-01 0.500E-01 0.500E-01 0.500E-01 0.500E-01 -0.104E-06 -0.104E-06 -0.104E-06 -0.104E-06 -0.104E-06 -0.104E-06 -0.104E-06 -0.104E-06 0.300E-01 0.300E-01 0.100 0.300E-01 -0.104E-06 0.100 0.300E-01 -0.104E-06 -0.104E-06 -0.104E-06 -0.104E-06 -0.104E-06 -0.104E-06 -0.104E-06 -0.104E-06 -0.104E-06 0.231E-06 0.224E-07 0.300E-01 0.231E-06 0.298E-07 0.298E-07 0.112E-06 0.298E-07 0.112E-06 -0.894E-07 0.894E-07 -0.522E-07 0.224E-06 -0.104E-06 -0.522E-07 -0.194E-06 -0.104E-06 -0.104E-06
-0.104E-06 -0.104E-06 0.500E-01 0.100 -0.104E-06 -0.104E-06 -0.104E-06 -0.104E-06 -0.104E-06 0.500E-01 0.500E-01 -0.104E-06 -0.104E-06 -0.104E-06 -0.104E-06 -0.104E-06 -0.104E-06 -0.104E-06 -0.104E-06 0.100 -0.104E-06 -0.104E-06 -0.104E-06 -0.104E-06 0.300E-01 -0.104E-06 0.500E-01 0.500E-01 -0.104E-06 0.300E-01 0.500E-01 0.300E-01 -0.104E-06 0.300E-01 -0.104E-06 -0.104E-06 -0.104E-06 -0.104E-06 -0.104E-06 0.300E-01 -0.104E-06 0.500E-01 0.300E-01 0.300E-01 -0.104E-06 0.149E-06 0.112E-06 0.298E-07 0.238E-06 0.298E-07 0.298E-07 0.298E-07 0.224E-06 -0.298E-07 -0.522E-07 -0.522E-07 -0.522E-07 0.119E-06 0.894E-07 -0.894E-07 -0.112E-06
-0.104E-06 0.500E-01 0.500E-01 0.100 0.100 0.500E-01 0.500E-01 -0.104E-06 0.500E-01 0.500E-01 0.500E-01 -0.104E-06 0.500E-01 0.500E-01 0.500E-01 0.500E-01 -0.104E-06 -0.104E-06 0.500E-01 0.100 0.100 0.100 -0.104E-06 -0.104E-06 -0.104E-06 -0.104E-06 0.300E-01 -0.104E-06 -0.104E-06 -0.104E-06 -0.104E-06 -0.104E-06 -0.104E-06 -0.104E-06 -0.104E-06 -0.104E-06 -0.104E-06 -0.104E-06 0.500E-01 0.300E-01 0.300E-01 0.300E-01 -0.104E-06 -0.104E-06 -0.298E-07 0.112E-06 0.112E-06 0.298E-07 -0.104E-06 0.298E-07 -0.104E-06 0.112E-06 -0.104E-06 0.298E-07 0.500E-01 -0.104E-06 -0.522E-07 -0.820E-07 0.745E-07 -0.104E-06 -0.104E-06
0.500E-01 0.500E-01 0.100 -0.104E-06 -0.104E-06 0.500E-01 0.500E-01 0.500E-01 0.100 0.100 0.500E-01 -0.104E-06 0.500E-01 0.500E-01 -0.104E-06 -0.104E-06 -0.104E-06 -0.104E-06 0.100 0.100 0.100 -0.104E-06 -0.104E-06 -0.104E-06 -0.104E-06 -0.104E-06 -0.104E-06 0.300E-01 -0.104E-06 -0.104E-06 0.300E-01 -0.104E-06 -0.104E-06 0.300E-01 -0.104E-06 -0.104E-06 -0.104E-06 0.300E-01 -0.104E-06 0.300E-01 0.300E-01 0.671E-07 -0.104E-06 -0.104E-06 0.201E-06 0.112E-06 0.298E-07 0.298E-07 -0.104E-06 0.224E-07 0.298E-07 0.104E-06 0.671E-07 0.298E-07 0.104E-06 -0.820E-07 0.179E-06 -0.104E-06 0.671E-07 -0.104E-06 -0.104E-06
0.500E-01 0.500E-01 -0.104E-06 0.500E-01 0.500E-01 0.500E-01 0.500E-01 0.100 0.100 0.100 0.100 0.500E-01 -0.104E-06 0.500E-01 -0.104E-06 -0.104E-06 -0.104E-06 -0.104E-06 -0.104E-06 -0.104E-06 -0.104E-06 -0.104E-06 0.300E-01 0.300E-01 -0.104E-06 -0.104E-06 -0.104E-06 0.300E-01 0.300E-01 -0.104E-06 0.300E-01 0.300E-01 0.300E-01 -0.104E-06 -0.104E-06 -0.104E-06 -0.104E-06 0.300E-01 -0.112E-06 -0.104E-06 0.300E-01 -0.820E-07 0.224E-07 0.224E-07 0.112E-06 0.112E-06 0.298E-07 -0.298E-07 0.298E-07 0.112E-06 0.112E-06 0.298E-07 -0.447E-07 0.112E-06 0.298E-07 -0.522E-07 0.820E-07 0.447E-07 -0.104E-06 -0.104E-06 -0.104E-06
0.100 0.100 0.500E-01 0.500E-01 0.100 0.100 0.100 0.100 0.100 0.100 0.500E-01 -0.104E-06 0.500E-01 -0.104E-06 -0.104E-06 -0.104E-06 -0.104E-06 -0.104E-06 -0.104E-06 -0.104E-06 0.373E-06 0.373E-06 0.300E-01 0.300E-01 0.300E-01 -0.104E-06 -0.104E-06 -0.104E-06 0.300E-01 -0.104E-06 0.300E-01 0.300E-01 -0.104E-06 -0.104E-06 0.300E-01 0.300E-01 0.300E-01 -0.104E-06 -0.201E-06 0.373E-06 0.373E-06 0.246E-06 0.112E-06 0.186E-06 0.112E-06 0.298E-07 0.298E-07 0.298E-07 0.298E-07 0.298E-07 0.298E-07 0.298E-07 0.298E-07 0.298E-07 0.298E-07 -0.298E-07 0.894E-07 -0.104E-06 0.186E-06 -0.231E-06 0.216E-06
-0.104E-06 0.100 0.100 0.100 0.100 0.100 0.100 0.100 0.500E-01 -0.104E-06 0.500E-01 0.500E-01 0.100 0.100 0.300E-01 0.300E-01 0.300E-01 -0.104E-06 0.373E-06 0.373E-06 0.373E-06 0.373E-06 0.373E-06 0.373E-06 0.300E-01 -0.104E-06 -0.104E-06 -0.104E-06 -0.104E-06 -0.104E-06 -0.104E-06 0.300E-01 -0.104E-06 -0.104E-06 0.300E-01 0.300E-01 0.300E-01 -0.104E-06 -0.209E-06 -0.104E-06 -0.104E-06 -0.104E-06 0.298E-07 0.298E-07 -0.745E-07 0.298E-07 -0.224E-07 -0.104E-06 -0.104E-06 0.298E-07 0.298E-07 0.298E-07 0.298E-07 0.298E-07 0.298E-07 -0.522E-07 -0.522E-07 -0.156E-06 -0.298E-07 -0.298E-07 -0.298E-07
0.373E-06 -0.104E-06 -0.104E-06 0.500E-01 0.100 0.100 0.100 -0.104E-06 -0.104E-06 -0.104E-06 0.500E-01 0.100 0.500E-01 0.300E-01 0.300E-01 0.300E-01 0.300E-01 0.300E-01 0.500E-01 0.373E-06 0.373E-06 0.373E-06 0.373E-06 0.373E-06 0.373E-06 -0.104E-06 -0.104E-06 -0.104E-06 -0.104E-06 -0.104E-06 -0.104E-06 -0.104E-06 -0.104E-06 -0.894E-07 0.224E-07 -0.894E-07 -0.104E-06 0.300E-01 0.300E-01 0.300E-01 0.300E-01 -0.104E-06 -0.894E-07 -0.104E-06 0.447E-07 -0.447E-07 0.298E-07 0.298E-07 0.298E-07 -0.104E-06 0.238E-06 -0.447E-07 0.298E-07 0.112E-06 -0.238E-06 -0.522E-07 -0.104E-06 -0.104E-06 0.298E-07 0.298E-07 0.298E-07
0.373E-06 -0.104E-06 -0.104E-06 0.500E-01 0.100 0.100 0.500E-01 -0.104E-06 -0.104E-06 -0.104E-06 0.100 0.500E-01 0.500E-01 0.300E-01 0.300E-01 0.300E-01 0.300E-01 0.300E-01 0.373E-06 -0.104E-06 0.300E-01 0.300E-01 0.300E-01 -0.104E-06 -0.119E-06 -0.104E-06 0.300E-01 0.373E-06 0.300E-01 -0.104E-06 0.500E-01 -0.104E-06 -0.104E-06 -0.112E-06 0.300E-01 0.300E-01 0.300E-01 0.300E-01 -0.104E-06 -0.104E-06 -0.104E-06 -0.104E-06 -0.447E-07 0.298E-07 -0.447E-07 0.298E-07 0.298E-07 -0.149E-06 -0.894E-07 -0.104E-06 -0.104E-06 0.298E-07 0.671E-07 0.209E-06 0.194E-06 -0.104E-06 -0.104E-06 -0.104E-06 0.298E-07 -0.104E-06 -0.104E-06
0.373E-06 0.373E-06 -0.104E-06 0.500E-01 0.100 0.100 -0.104E-06 0.500E-01 0.500E-01 -0.104E-06 0.500E-01 0.500E-01 0.500E-01 0.300E-01 0.300E-01 0.300E-01 0.300E-01 0.500E-01 -0.104E-06 -0.104E-06 0.300E-01 -0.104E-06 -0.104E-06 -0.894E-07 -0.104E-06 -0.104E-06 0.300E-01 0.373E-06 0.300E-01 -0.104E-06 0.373E-06 -0.104E-06 0.300E-01 0.300E-01 -0.112E-06 -0.104E-06 0.300E-01 -0.104E-06 -0.104E-06 -0.104E-06 0.500E-01 0.500E-01 0.298E-07 0.298E-07 0.298E-07 0.298E-07 -0.104E-06 0.500E-01 -0.894E-07 -0.894E-07 0.119E-06 0.298E-07 -0.447E-07 0.119E-06 -0.104E-06 -0.104E-06 -0.104E-06 -0.104E-06 -0.298E-07 -0.820E-07 -0.201E-06
-0.104E-06 0.500E-01 -0.104E-06 -0.104E-06 0.100 0.500E-01 -0.104E-06 0.500E-01 0.500E-01 0.500E-01 0.500E-01 0.300E-01 0.300E-01 0.300E-01 -0.104E-06 0.500E-01 0.500E-01 0.500E-01 0.500E-01 0.100 0.100 0.500E-01 0.500E-01 -0.104E-06 -0.104E-06 -0.104E-06 -0.104E-06 0.300E-01 -0.104E-06 -0.104E-06 0.373E-06 0.300E-01 -0.104E-06 -0.112E-06 0.300E-01 0.300E-01 0.300E-01 0.300E-01 -0.104E-06 0.300E-01 0.300E-01 0.500E-01 -0.104E-06 -0.104E-06 -0.104E-06 -0.104E-06 0.500E-01 -0.104E-06 -0.104E-06 -0.104E-06 -0.104E-06 0.298E-07 0.298E-07 -0.238E-06 0.238E-06 -0.104E-06 -0.104E-06 -0.104E-06 -0.104E-06 -0.104E-06 0.500E-01
0.500E-01 0.500E-01 -0.104E-06 -0.104E-06 0.500E-01 0.500E-01 0.500E-01 0.500E-01 -0.104E-06 0.300E-01 0.300E-01 0.300E-01 0.300E-01 0.300E-01 -0.104E-06 0.500E-01 0.500E-01 0.500E-01 0.300E-01 0.500E-01 0.100 0.100 0.300E-01 -0.104E-06 -0.104E-06 -0.104E-06 -0.104E-06 -0.104E-06 -0.104E-06 -0.104E-06 0.373E-06 0.373E-06 0.373E-06 -0.104E-06 -0.104E-06 -0.104E-06 0.500E-01 -0.104E-06 -0.104E-06 0.300E-01 -0.104E-06 0.500E-01 -0.104E-06 -0.104E-06 -0.104E-06 0.300E-01 -0.104E-06 -0.104E-06 -0.104E-06 -0.104E-06 0.298E-07 0.216E-06 0.894E-07 0.298E-07 -0.104E-06 -0.104E-06 -0.104E-06 -0.104E-06 -0.104E-06 -0.104E-06 0.500E-01
0.100 0.500E-01 0.500E-01 -0.104E-06 -0.104E-06 0.300E-01 0.300E-01 -0.104E-06 -0.104E-06 -0.104E-06 0.300E-01 0.300E-01 -0.104E-06 0.300E-01 0.300E-01 0.500E-01 -0.104E-06 0.500E-01 -0.104E-06 0.500E-01 0.100 0.100 0.100 0.500E-01 -0.104E-06 -0.104E-06 -0.104E-06 -0.104E-06 0.300E-01 0.300E-01 0.373E-06 0.373E-06 0.373E-06 -0.104E-06 0.300E-01 0.500E-01 -0.104E-06 -0.104E-06 -0.104E-06 0.300E-01 -0.104E-06 -0.104E-06 -0.104E-06 0.300E-01 0.300E-01 0.300E-01 -0.104E-06 -0.104E-06 -0.104E-06 0.300E-01 0.298E-07 0.298E-07 0.298E-07 -0.104E-06 0.104E-06 0.149E-07 -0.104E-06 -0.104E-06 -0.104E-06 -0.104E-06 -0.671E-07
0.100 0.500E-01 0.500E-01 0.500E-01 0.500E-01 -0.104E-06 -0.104E-06 -0.104E-06 0.373E-06 -0.104E-06 0.300E-01 0.300E-01 -0.104E-06 -0.104E-06 0.300E-01 -0.104E-06 0.800E-01 0.500E-01 -0.104E-06 0.500E-01 -0.104E-06 0.100 0.500E-01 0.300E-01 -0.104E-06 0.300E-01 -0.104E-06 -0.104E-06 0.300E-01 0.300E-01 0.500E-01 0.373E-06 0.500E-01 0.100 0.500E-01 0.500E-01 -0.104E-06 -0.104E-06 -0.104E-06 0.500E-01 -0.104E-06 -0.104E-06 0.500E-01 0.500E-01 0.300E-01 -0.104E-06 -0.104E-06 -0.104E-06 -0.104E-06 -0.104E-06 -0.104E-06 0.500E-01 0.500E-01 0.298E-07 0.298E-07 0.298E-07 0.112E-06 0.298E-07 0.112E-06 0.104E-06 0.201E-06
-0.104E-06 0.100 0.500E-01 -0.104E-06 0.500E-01 0.300E-01 0.373E-06 0.373E-06 0.373E-06 0.373E-06 0.300E-01 0.300E-01 0.300E-01 -0.104E-06 -0.104E-06 -0.104E-06 0.500E-01 0.100 0.500E-01 -0.104E-06 -0.104E-06 0.500E-01 0.500E-01 0.500E-01 0.500E-01 0.500E-01 0.300E-01 0.373E-06 0.500E-01 0.373E-06 0.373E-06 0.500E-01 0.100 0.100 -0.104E-06 -0.104E-06 -0.104E-06 -0.104E-06 -0.104E-06 0.500E-01 0.500E-01 0.500E-01 0.500E-01 0.500E-01 0.500E-01 -0.104E-06 -0.104E-06 -0.104E-06 -0.104E-06 -0.104E-06 -0.104E-06 0.500E-01 -0.104E-06 0.112E-06 0.298E-07 0.298E-07 0.112E-06 0.298E-07 0.112E-06 0.209E-06 0.246E-06
-0.104E-06 -0.104E-06 0.500E-01 0.500E-01 -0.104E-06 0.300E-01 0.373E-06 0.373E-06 0.373E-06 0.373E-06 0.373E-06 0.373E-06 0.300E-01 0.300E-01 -0.104E-06 -0.104E-06 -0.104E-06 -0.104E-06 -0.104E-06 0.500E-01 0.500E-01 -0.104E-06 0.100 0.100 0.800E-01 0.373E-06 0.373E-06 0.373E-06 0.373E-06 0.800E-01 0.500E-01 0.100 0.100 0.500E-01 -0.104E-06 -0.104E-06 -0.104E-06 -0.104E-06 -0.104E-06 -0.104E-06 -0.104E-06 -0.104E-06 -0.104E-06 -0.104E-06 0.500E-01 -0.104E-06 -0.104E-06 -0.104E-06 -0.104E-06 -0.104E-06 -0.104E-06 -0.104E-06 -0.104E-06 -0.104E-06 -0.104E-06 0.298E-07 0.298E-07 -0.104E-06 0.298E-07 0.112E-06 0.298E-07
-0.104E-06 -0.104E-06 0.500E-01 0.500E-01 -0.104E-06 -0.104E-06 0.300E-01 0.300E-01 0.300E-01 0.300E-01 -0.104E-06 -0.104E-06 0.500E-01 0.500E-01 0.500E-01 0.500E-01 -0.104E-06 -0.104E-06 -0.104E-06 -0.104E-06 -0.104E-06 0.100 0.100 0.500E-01 -0.671E-07 0. 0.500E-01 0.500E-01 0.500E-01 -0.104E-06 -0.104E-06 0.500E-01 0.500E-01 -0.104E-06 -0.104E-06 -0.104E-06 0.500E-01 -0.104E-06 -0.104E-06 -0.104E-06 -0.104E-06 -0.104E-06 -0.104E-06 -0.104E-06 -0.104E-06 -0.104E-06 -0.104E-06 -0.104E-06 -0.104E-06 -0.104E-06 -0.104E-06 -0.104E-06 -0.104E-06 -0.104E-06 0.500E-01 -0.104E-06 0.300E-01 -0.104E-06 -0.104E-06 -0.104E-06 -0.104E-06
