share/VS_Project/swb/x64/Debug/MASS_BALANCE_05_16_1990.asc
NCOLS        340
NROWS        316
XLLCORNER     528502.530
YLLCORNER     274871.653
CELLSIZE        100.000
NODATA_VALUE    -9999.000
[rows 56 to 83 of 316, columns 124 to 185 of 340]
0.300E-01 0.745E-08 0.745E-08 0.745E-08 0.745E-08 0.745E-08 0.300E-01 0.300E-01 0.300E-01 0.300E-01 -0.522E-07 0.300E-01 0.300E-01 0.300E-01 0.820E-07 0.745E-08 0.745E-08 0.745E-08 0.745E-08 0.745E-08 0.745E-08 0.745E-08 0.745E-08 0.745E-08 -0.104E-06 0.231E-06 0.745E-08 0.300E-01 0.300E-01 0.300E-01 0.745E-08 0.745E-08 0.745E-08 0.745E-08 0.300E-01 0.300E-01 -0.231E-06 0.300E-01 0.300E-01 0.300E-01 0.300E-01 0.745E-08 0.745E-08 0.500E-01 0.100 0.500E-01 0.745E-08 0.745E-08 0.500E-01 0.400E-01 0.300E-01 0.300E-01 0.300E-01 0.300E-01 0.745E-08 0.745E-08 0.745E-08 0.745E-08 0.500E-01 0.500E-01 0.300E-01 0.300E-01
-0.231E-06 -0.231E-06 -0.231E-06 -0.231E-06 0.745E-08 0.745E-08 0.300E-01 0.300E-01 0.300E-01 0.300E-01 0.745E-08 0.500E-01 0.745E-08 0.745E-08 0.745E-08 0.299E-01 0.300E-01 0.300E-01 0.500E-01 0.500E-01 0.500E-01 0.500E-01 0.745E-08 0.745E-08 0.745E-08 0.745E-08 0.745E-08 0.500E-01 0.500E-01 0.500E-01 0.500E-01 0.300E-01 0.300E-01 0.300E-01 0.300E-01 0.300E-01 -0.231E-06 0.300E-01 0.300E-01 0.300E-01 0.500E-01 0.500E-01 0.500E-01 0.500E-01 0.100 0.500E-01 0.745E-08 0.300E-01 0.300E-01 0.500E-01 0.300E-01 0.500E-01 0.100 0.500E-01 0.745E-08 0.500E-01 0.500E-01 0.500E-01 0.500E-01 0.745E-08 0.500E-01 0.745E-08
0.300E-01 -0.231E-06 0.300E-01 0.300E-01 0.300E-01 0.300E-01 0.275E-01 0.300E-01 0.300E-01 0.300E-01 0.300E-01 0.745E-08 0.745E-08 0.745E-08 0.745E-08 0.300E-01 0.300E-01 0.300E-01 0.300E-01 0.300E-01 0.500E-01 0.100 0.100 0.100 0.100 0.500E-01 0.300E-01 0.500E-01 0.100 0.100 0.500E-01 0.300E-01 0.300E-01 0.300E-01 0.300E-01 0.300E-01 0.500E-01 0.500E-01 0.300E-01 0.300E-01 0.500E-01 0.500E-01 0.500E-01 0.100 0.100 0.500E-01 0.745E-08 0.300E-01 0.300E-01 0.500E-01 0.500E-01 0.100 0.100 0.100 0.500E-01 0.100 0.100 0.500E-01 0.745E-08 0.745E-08 0.500E-01 0.500E-01
0.300E-01 0.500E-01 0.300E-01 0.300E-01 0.300E-01 0.275E-01 0.300E-01 0.745E-08 0.745E-08 0.745E-08 0.300E-01 0.300E-01 -0.231E-06 -0.231E-06 -0.231E-06 0.300E-01 0.300E-01 0.300E-01 0.300E-01 0.300E-01 0.300E-01 0.300E-01 0.500E-01 0.800E-01 0.100 0.100 0.500E-01 0.100 0.100 0.100 0.745E-08 0.745E-08 0.745E-08 0.745E-08 0.745E-08 0.500E-01 0.100 0.100 0.500E-01 0.300E-01 0.500E-01 0.800E-01 0.100 0.100 0.100 0.100 0.745E-08 0.300E-01 0.500E-01 0.100 0.100 0.100 0.100 0.100 0.500E-01 0.500E-01 0.100 0.500E-01 0.745E-08 0.745E-08 0.745E-08 0.500E-01
0.745E-08 0.745E-08 0.300E-01 0.300E-01 0.300E-01 0.300E-01 0.745E-08 0.300E-01 0.500E-01 0.500E-01 0.300E-01 0.300E-01 0.745E-08 0.500E-01 0.500E-01 0.500E-01 0.300E-01 0.300E-01 0.300E-01 0.745E-08 0.745E-08 0.300E-01 0.500E-01 0.100 0.100 0.100 0.100 0.500E-01 0.100 0.100 0.745E-08 0.745E-08 0.745E-08 0.500E-01 0.745E-08 0.500E-01 0.100 0.100 0.500E-01 0.300E-01 0.745E-08 0.745E-08 0.100 0.100 0.100 0.100 0.745E-08 0.745E-08 0.500E-01 0.100 0.100 0.100 0.100 0.100 0.100 0.500E-01 0.500E-01 0.500E-01 0.500E-01 0.745E-08 0.745E-08 0.745E-08
0.500E-01 0.500E-01 0.500E-01 0.300E-01 0.300E-01 0.300E-01 0.300E-01 0.745E-08 0.500E-01 0.500E-01 0.300E-01 0.745E-08 0.745E-08 0.500E-01 0.100 0.500E-01 -0.231E-06 0.300E-01 0.300E-01 0.745E-08 0.745E-08 0.500E-01 0.100 0.500E-01 0.100 0.100 0.500E-01 0.500E-01 0.500E-01 0.100 0.500E-01 0.100 0.100 0.100 0.500E-01 0.500E-01 0.500E-01 0.745E-08 0.100 0.300E-01 0.300E-01 0.745E-08 0.100 0.100 0.100 0.100 0.500E-01 0.100 0.100 0.100 0.100 0.100 0.100 0.100 0.100 0.100 0.745E-08 0.745E-08 0.745E-08 0.745E-08 0.745E-08 0.745E-08
0.100 0.500E-01 0.745E-08 0.300E-01 0.300E-01 0.300E-01 -0.231E-06 0.300E-01 0.300E-01 0.300E-01 0.745E-08 0.745E-08 0.745E-08 0.500E-01 0.100 0.100 0.745E-08 0.500E-01 0.300E-01 0.300E-01 0.500E-01 0.100 0.100 0.745E-08 0.500E-01 0.800E-01 0.745E-08 0.500E-01 0.500E-01 0.500E-01 0.500E-01 0.100 0.100 0.100 0.100 0.100 0.745E-08 0.500E-01 0.100 0.100 0.100 0.100 0.100 0.500E-01 0.745E-08 0.745E-08 0.745E-08 0.100 0.100 0.100 0.100 0.100 0.100 0.100 0.100 0.100 0.500E-01 0.745E-08 0.500E-01 0.745E-08 0.745E-08 0.745E-08
0.500E-01 0.100 0.500E-01 0.745E-08 0.500E-01 0.500E-01 0.300E-01 0.300E-01 0.300E-01 0.300E-01 0.745E-08 0.745E-08 0.745E-08 0.745E-08 0.745E-08 0.500E-01 0.500E-01 0.745E-08 0.300E-01 0.300E-01 0.300E-01 0.100 0.100 0.500E-01 0.500E-01 0.100 0.100 0.500E-01 0.745E-08 0.745E-08 0.745E-08 0.745E-08 0.500E-01 0.500E-01 0.745E-08 0.745E-08 0.500E-01 0.100 0.100 0.100 0.500E-01 0.500E-01 0.745E-08 0.745E-08 0.300E-01 0.745E-08 0.500E-01 0.500E-01 0.100 0.100 0.100 0.500E-01 0.500E-01 0.100 0.100 0.500E-01 0.500E-01 0.745E-08 0.500E-01 0.745E-08 0.745E-08 0.745E-08
0.100 0.100 0.100 0.100 0.500E-01 0.100 0.300E-01 0.300E-01 0.300E-01 0.300E-01 0.745E-08 0.745E-08 0.500E-01 0.745E-08 0.745E-08 0.500E-01 0.500E-01 0.500E-01 0.500E-01 0.300E-01 0.300E-01 0.100 0.100 0.500E-01 0.100 0.500E-01 0.500E-01 0.745E-08 0.745E-08 0.745E-08 0.745E-08 0.745E-08 0.745E-08 0.745E-08 0.500E-01 0.745E-08 0.100 0.100 0.100 0.500E-01 0.745E-08 0.745E-08 0.745E-08 0.745E-08 0.745E-08 0.745E-08 0.500E-01 0.500E-01 0.500E-01 0.500E-01 0.500E-01 0.500E-01 0.745E-08 0.500E-01 0.500E-01 0.745E-08 0.500E-01 0.745E-08 0.745E-08 0.745E-08 0.745E-08 0.300E-01
0.800E-01 0.100 0.100 0.100 0.100 0.500E-01 0.300E-01 0.745E-08 0.745E-08 0.745E-08 0.745E-08 0.745E-08 0.100 0.500E-01 0.500E-01 0.100 0.100 0.100 0.500E-01 0.300E-01 0.300E-01 0.745E-08 0.500E-01 0.500E-01 0.745E-08 0.745E-08 0.745E-08 0.745E-08 0.745E-08 0.745E-08 0.745E-08 0.745E-08 0.745E-08 0.500E-01 0.500E-01 0.500E-01 0.500E-01 0.500E-01 0.745E-08 0.745E-08 0.745E-08 0.745E-08 0.745E-08 0.745E-08 0.745E-08 0.745E-08 0.500E-01 0.500E-01 0.500E-01 0.745E-08 0.745E-08 0.500E-01 0.745E-08 0.500E-01 0.745E-08 0.745E-08 0.745E-08 0.745E-08 0.745E-08 0.745E-08 0.745E-08 0.745E-08
0.500E-01 0.800E-01 0.300E-01 0.100 0.745E-08 0.300E-01 0.745E-08 0.745E-08 0.500E-01 0.500E-01 0.500E-01 0.500E-01 0.100 0.100 0.100 0.500E-01 0.745E-08 0.100 0.500E-01 0.500E-01 0.500E-01 0.500E-01 0.500E-01 0.500E-01 0.745E-08 0.745E-08 0.300E-01 0.745E-08 0.745E-08 0.500E-01 0.745E-08 0.745E-08 0.500E-01 0.500E-01 0.745E-08 0.745E-08 0.745E-08 0.745E-08 0.745E-08 0.500E-01 0.500E-01 0.745E-08 0.500E-01 0.745E-08 0.745E-08 0.745E-08 0.745E-08 0.745E-08 0.745E-08 0.745E-08 0.745E-08 0.500E-01 0.500E-01 0.500E-01 0.745E-08 0.745E-08 0.745E-08 0.745E-08 0.745E-08 0.745E-08 0.745E-08 0.745E-08
0.800E-01 0.800E-01 0.745E-08 0.100 0.745E-08 0.300E-01 0.745E-08 0.745E-08 0.500E-01 0.500E-01 0.500E-01 0.500E-01 0.100 0.500E-01 0.100 0.745E-08 0.745E-08 0.100 0.100 0.500E-01 0.100 0.500E-01 0.500E-01 0.500E-01 0.745E-08 0.745E-08 0.300E-01 0.745E-08 0.745E-08 0.500E-01 0.745E-08 0.745E-08 0.100 0.500E-01 0.745E-08 0.745E-08 0.745E-08 0.500E-01 0.500E-01 0.500E-01 0.745E-08 0.745E-08 0.745E-08 0.745E-08 0.745E-08 0.745E-08 0.745E-08 0.745E-08 0.500E-01 0.745E-08 0.745E-08 0.745E-08 0.745E-08 0.745E-08 0.745E-08 0.745E-08 0.745E-08 0.745E-08 0.745E-08 0.745E-08 0.745E-08 0.745E-08
0.745E-08 0.745E-08 0.800E-01 0.500E-01 0.745E-08 0.300E-01 0.745E-08 0.500E-01 0.500E-01 0.100 0.100 0.100 0.500E-01 0.100 0.100 0.100 0.100 0.100 0.100 0.100 0.500E-01 0.500E-01 0.500E-01 0.300E-01 0.300E-01 0.745E-08 0.745E-08 0.745E-08 0.745E-08 0.500E-01 0.745E-08 0.500E-01 0.500E-01 0.100 0.500E-01 0.745E-08 0.800E-01 0.500E-01 0.100 0.745E-08 0.500E-01 0.745E-08 0.745E-08 0.745E-08 0.745E-08 0.500E-01 0.745E-08 0.745E-08 0.500E-01 0.500E-01 0.745E-08 0.745E-08 0.500E-01 0.745E-08 0.745E-08 0.500E-01 0.100 0.745E-08 0.745E-08 0.745E-08 0.745E-08 0.745E-08
0.300E-01 0.745E-08 0.745E-08 0.800E-01 0.300E-01 0.300E-01 0.500E-01 0.500E-01 0.745E-08 0.745E-08 0.745E-08 0.500E-01 0.745E-08 0.745E-08 0.500E-01 0.500E-01 0.500E-01 0.100 0.100 0.500E-01 0.300E-01 0.300E-01 0.300E-01 0.300E-01 0.300E-01 0.500E-01 0.745E-08 0.745E-08 0.745E-08 0.500E-01 0.745E-08 0.745E-08 0.500E-01 0.745E-08 0.745E-08 0.745E-08 0.100 0.100 0.100 0.500E-01 0.745E-08 0.745E-08 0.745E-08 0.745E-08 0.745E-08 0.500E-01 0.500E-01 0.500E-01 0.500E-01 0.500E-01 0.745E-08 0.745E-08 0.500E-01 0.745E-08 0.745E-08 0.500E-01 0.500E-01 0.745E-08 0.745E-08 0.745E-08 0.745E-08 0.745E-08
0.300E-01 0.300E-01 0.300E-01 0.300E-01 0.300E-01 0.300E-01 0.745E-08 0.745E-08 0.745E-08 0.745E-08 0.745E-08 0.745E-08 0.745E-08 0.745E-08 0.745E-08 0.500E-01 0.500E-01 0.500E-01 0.500E-01 0.745E-08 0.745E-08 0.745E-08 0.100 0.745E-08 0.745E-08 0.745E-08 0.500E-01 0.100 0.100 0.100 0.745E-08 0.500E-01 0.745E-08 0.745E-08 0.500E-01 0.745E-08 0.100 0.100 0.500E-01 0.300E-01 0.745E-08 0.745E-08 0.745E-08 0.745E-08 0.745E-08 0.100 0.100 0.100 0.500E-01 0.745E-08 0.745E-08 0.500E-01 0.500E-01 0.500E-01 0.745E-08 0.745E-08 0.300E-01 0.745E-08 0.745E-08 0.500E-01 0.500E-01 0.500E-01
0.300E-01 0.300E-01 0.300E-01 0.300E-01 0.300E-01 0.300E-01 0.745E-08 0.745E-08 0.745E-08 0.300E-01 0.745E-08 0.745E-08 0.300E-01 0.500E-01 0.745E-08 0.500E-01 0.500E-01 0.100 0.500E-01 0.745E-08 0.100 0.100 0.100 0.745E-08 0.745E-08 0.745E-08 0.500E-01 0.100 0.100 0.100 0.745E-08 0.745E-08 0.300E-01 0.745E-08 0.100 0.100 0.100 0.100 0.500E-01 0.745E-08 0.745E-08 0.500E-01 0.745E-08 0.745E-08 0.500E-01 0.100 0.100 0.500E-01 0.745E-08 0.745E-08 0.745E-08 0.500E-01 0.500E-01 0.745E-08 0.745E-08 0.745E-08 0.745E-08 0.745E-08 0.745E-08 0.745E-08 0.500E-01 0.500E-01
0.300E-01 0.300E-01 0.300E-01 0.300E-01 0.300E-01 0.300E-01 0.300E-01 0.300E-01 0.300E-01 0.300E-01 0.300E-01 0.300E-01 0.300E-01 0.500E-01 0.745E-08 0.745E-08 0.500E-01 0.100 0.500E-01 0.100 0.745E-08 0.745E-08 0.100 0.500E-01 0.745E-08 0.745E-08 0.745E-08 0.745E-08 0.500E-01 0.100 0.745E-08 0.500E-01 0.500E-01 0.745E-08 0.100 0.100 0.100 0.100 0.100 0.100 0.500E-01 0.300E-01 0.745E-08 0.500E-01 0.500E-01 0.100 0.500E-01 0.500E-01 0.745E-08 0.745E-08 0.745E-08 0.100 0.500E-01 0.500E-01 0.745E-08 0.745E-08 0.745E-08 0.500E-01 0.745E-08 0.745E-08 0.745E-08 0.745E-08
-0.142E-06 0.194E-06 0.745E-08 0.745E-08 0.745E-08 0.745E-08 0.300E-01 0.300E-01 0.300E-01 0.300E-01 0.300E-01 0.500E-01 0.300E-01 0.745E-08 0.745E-08 0.500E-01 0.500E-01 0.100 0.100 0.100 0.100 0.745E-08 0.745E-08 0.500E-01 0.100 0.100 0.500E-01 0.500E-01 0.745E-08 0.500E-01 0.745E-08 0.745E-08 0.800E-01 0.745E-08 0.100 0.500E-01 0.500E-01 0.100 0.100 0.100 0.100 0.300E-01 0.500E-01 0.745E-08 0.100 0.100 0.500E-01 0.745E-08 0.745E-08 0.745E-08 0.745E-08 0.100 0.745E-08 0.500E-01 0.300E-01 0.745E-08 0.500E-01 0.500E-01 0.500E-01 0.745E-08 0.745E-08 0.500E-01
0.745E-08 0.745E-08 0.373E-07 0.156E-06 0.969E-07 0.300E-01 0.300E-01 0.300E-01 0.300E-01 0.300E-01 0.745E-08 0.745E-08 0.745E-08 0.300E-01 0.745E-08 0.500E-01 0.100 0.100 0.100 0.100 0.100 0.100 0.745E-08 0.745E-08 -0.946E-06 0.500E-01 -0.946E-06 0.500E-01 0.745E-08 -0.946E-06 0.745E-08 0.300E-01 0.745E-08 0.500E-01 0.745E-08 0.745E-08 -0.946E-06 0.100 0.100 0.745E-08 0.745E-08 0.100 0.100 0.745E-08 -0.946E-06 0.100 0.745E-08 0.745E-08 0.745E-08 0.500E-01 0.100 0.745E-08 0.500E-01 0.500E-01 0.745E-08 0.500E-01 0.745E-08 0.500E-01 0.500E-01 0.500E-01 0.745E-08 0.745E-08
0.300E-01 0.300E-01 0.745E-08 0.745E-08 -0.671E-07 0.300E-01 0.300E-01 0.300E-01 0.300E-01 0.300E-01 0.300E-01 0.745E-08 0.745E-08 0.300E-01 0.745E-08 0.745E-08 0.100 0.100 0.745E-08 0.745E-08 0.500E-01 0.500E-01 0.745E-08 -0.946E-06 0.300E-01 0.745E-08 0.745E-08 0.300E-01 0.300E-01 0.745E-08 0.300E-01 0.300E-01 0.300E-01 0.745E-08 -0.946E-06 -0.946E-06 0.500E-01 -0.946E-06 0.745E-08 0.745E-08 0.300E-01 0.745E-08 -0.946E-06 -0.946E-06 -0.946E-06 -0.946E-06 0.500E-01 0.500E-01 0.745E-08 0.745E-08 0.745E-08 0.500E-01 0.500E-01 0.500E-01 0.500E-01 0.500E-01 0.745E-08 0.500E-01 0.100 0.745E-08 0.745E-08 0.745E-08
0.300E-01 0.300E-01 0.745E-08 0.745E-08 0.745E-08 -0.238E-06 0.300E-01 0.275E-01 0.300E-01 0.300E-01 0.300E-01 0.300E-01 0.300E-01 0.300E-01 0.745E-08 0.500E-01 0.100 0.100 0.745E-08 0.745E-08 0.745E-08 0.500E-01 0.745E-08 0.300E-01 0.300E-01 0.300E-01 0.300E-01 0.300E-01 0.300E-01 0.300E-01 0.745E-08 0.300E-01 0.300E-01 0.186E-06 -0.753E-06 0.492E-06 0.500E-01 -0.790E-06 0.300E-01 0.275E-01 0.300E-01 0.462E-06 -0.753E-06 0.492E-06 -0.946E-06 -0.946E-06 0.745E-08 0.745E-08 0.745E-08 0.745E-08 0.745E-08 0.800E-01 0.500E-01 0.745E-08 0.500E-01 0.500E-01 0.745E-08 0.500E-01 0.745E-08 0.745E-08 0.745E-08 0.745E-08
0.300E-01 0.300E-01 0.300E-01 0.300E-01 0.745E-08 0.300E-01 0.300E-01 0.275E-01 0.500E-01 0.300E-01 0.300E-01 0.300E-01 0.300E-01 0.745E-08 0.745E-08 0.500E-01 0.100 0.100 0.745E-08 0.745E-08 0.745E-08 0.745E-08 0.745E-08 0.745E-08 0.300E-01 0.300E-01 0.745E-08 0.300E-01 0.300E-01 0.300E-01 0.745E-08 -0.216E-06 -0.946E-06 -0.946E-06 -0.946E-06 -0.946E-06 -0.946E-06 -0.946E-06 -0.946E-06 -0.946E-06 -0.946E-06 -0.946E-06 -0.946E-06 -0.946E-06 -0.946E-06 -0.946E-06 -0.946E-06 -0.946E-06 -0.946E-06 -0.946E-06 0.745E-08 0.300E-01 0.745E-08 0.745E-08 0.745E-08 0.745E-08 0.745E-08 0.745E-08 0.745E-08 0.745E-08 0.745E-08 0.745E-08
0.300E-01 0.300E-01 0.300E-01 0.745E-08 0.745E-08 0.300E-01 0.300E-01 0.300E-01 0.300E-01 0.300E-01 0.447E-07 0.300E-01 0.800E-01 0.745E-08 0.745E-08 0.745E-08 0.500E-01 0.745E-08 0.745E-08 0.745E-08 0.745E-08 0.500E-01 0.745E-08 0.745E-08 -0.596E-07 0.820E-07 0.156E-06 0.745E-08 0.745E-08 0.745E-08 0.500E-01 0.400E-01 0.400E-01 0.500E-01 0.500E-01 0.500E-01 0.500E-01 0.500E-01 0.745E-08 -0.946E-06 -0.946E-06 -0.946E-06 0.745E-08 0.500E-01 0.500E-01 0.500E-01 0.745E-08 0.745E-08 0.745E-08 0.745E-08 -0.946E-06 -0.946E-06 -0.946E-06 -0.946E-06 -0.946E-06 0.745E-08 0.745E-08 0.300E-01 0.500E-01 0.500E-01 0.745E-08 0.745E-08
0.300E-01 0.300E-01 0.300E-01 0.745E-08 0.745E-08 0.300E-01 0.300E-01 0.300E-01 0.300E-01 0.300E-01 0.300E-01 -0.164E-06 0.300E-01 0.745E-08 0.745E-08 0.745E-08 0.745E-08 0.745E-08 0.745E-08 0.745E-08 -0.522E-07 0.500E-01 -0.745E-07 -0.894E-07 0.745E-08 0.500E-01 0.500E-01 0.500E-01 0.500E-01 0.745E-08 0.745E-08 0.400E-01 0.500E-01 0.500E-01 0.500E-01 0.500E-01 0.100 0.500E-01 0.500E-01 0.745E-08 0.745E-08 0.500E-01 0.745E-08 0.500E-01 0.500E-01 0.500E-01 0.100 0.745E-08 0.500E-01 0.500E-01 0.500E-01 0.745E-08 0.745E-08 0.745E-08 0.500E-01 0.300E-01 0.300E-01 0.300E-01 0.500E-01 0.500E-01 0.500E-01 0.300E-01
0.745E-08 0.745E-08 0.745E-08 0.745E-08 0.300E-01 0.300E-01 0.745E-08 0.500E-01 0.745E-08 0.500E-01 0.500E-01 0.745E-08 0.300E-01 -0.671E-07 0.745E-08 0.112E-06 -0.209E-06 0.164E-06 0.300E-01 -0.373E-07 0.300E-01 0.745E-08 0.745E-08 0.500E-01 0.500E-01 0.500E-01 0.100 0.745E-08 0.745E-08 0.500E-01 0.500E-01 0.500E-01 0.800E-01 0.100 0.100 0.100 0.500E-01 0.745E-08 0.500E-01 0.500E-01 0.500E-01 0.500E-01 0.500E-01 0.745E-08 0.745E-08 0.745E-08 0.100 0.745E-08 0.745E-08 0.745E-08 0.745E-08 0.500E-01 0.745E-08 0.500E-01 0.500E-01 0.500E-01 0.500E-01 0.745E-08 0.300E-01 0.500E-01 0.300E-01 0.500E-01
0.745E-08 0.745E-08 0.300E-01 0.745E-08 0.745E-08 0.500E-01 0.300E-01 0.745E-08 0.500E-01 0.500E-01 0.500E-01 0.500E-01 0.745E-08 0.745E-08 0.745E-08 0.745E-08 0.745E-08 0.745E-08 0.300E-01 0.300E-01 0.300E-01 0.745E-08 0.500E-01 0.500E-01 0.100 0.100 0.100 0.500E-01 0.300E-01 0.500E-01 0.300E-01 0.500E-01 0.500E-01 0.500E-01 0.500E-01 0.500E-01 0.500E-01 0.500E-01 0.745E-08 0.500E-01 0.500E-01 0.500E-01 0.500E-01 0.745E-08 0.745E-08 0.745E-08 0.745E-08 0.500E-01 0.745E-08 0.745E-08 0.745E-08 0.500E-01 0.745E-08 0.745E-08 0.500E-01 0.500E-01 0.500E-01 0.745E-08 0.745E-08 0.300E-01 0.300E-01 0.300E-01
0.745E-08 0.745E-08 0.300E-01 0.500E-01 0.500E-01 0.745E-08 0.300E-01 0.745E-08 0.745E-08 0.100 0.100 0.500E-01 0.800E-01 0.800E-01 0.745E-08 0.745E-08 0.745E-08 0.745E-08 0.300E-01 0.300E-01 0.275E-01 0.500E-01 0.100 0.100 0.500E-01 0.745E-08 0.745E-08 0.500E-01 0.500E-01 0.745E-08 0.745E-08 0.500E-01 0.745E-08 0.745E-08 0.500E-01 0.500E-01 0.745E-08 0.745E-08 0.745E-08 0.745E-08 0.500E-01 0.500E-01 0.745E-08 0.745E-08 0.745E-08 0.745E-08 0.745E-08 0.500E-01 0.745E-08 0.745E-08 0.745E-08 0.745E-08 0.745E-08 0.745E-08 0.100 0.100 0.500E-01 0.745E-08 0.745E-08 0.745E-08 0.745E-08 0.300E-01
0.500E-01 0.745E-08 0.500E-01 0.745E-08 0.745E-08 0.745E-08 0.300E-01 0.745E-08 0.745E-08 0.500E-01 0.745E-08 0.745E-08 0.745E-08 0.800E-01 0.745E-08 0.500E-01 0.300E-01 0.500E-01 0.500E-01 0.300E-01 0.500E-01 0.745E-08 0.500E-01 0.100 0.100 0.500E-01 0.745E-08 0.500E-01 0.100 0.500E-01 0.745E-08 0.745E-08 0.745E-08 0.300E-01 0.300E-01 0.100 0.500E-01 0.500E-01 0.745E-08 0.745E-08 0.745E-08 0.745E-08 0.745E-08 0.745E-08 0.300E-01 0.745E-08 0.745E-08 0.745E-08 0.745E-08 0.745E-08 0.745E-08 0.745E-08 0.745E-08 0.745E-08 0.745E-08 0.500E-01 0.745E-08 0.745E-08 0.745E-08 0.745E-08 0.300E-01 0.745E-08
