share/VS_Project/swb/x64/Debug/MASS_BALANCE_08_25_1990.asc
NCOLS        340
NROWS        316
XLLCORNER     528502.530
YLLCORNER     274871.653
CELLSIZE        100.000
NODATA_VALUE    -9999.000
[rows 216 to 242 of 316, columns 122 to 182 of 340]
-0.149E-06 0.300E-01 -0.149E-06 -0.149E-06 0.500E-01 0.500E-01 -0.149E-06 -0.149E-06 0.500E-01 -0.149E-06 -0.149E-06 -0.149E-06 -0.149E-06 -0.149E-06 -0.149E-06 -0.149E-06 0.300E-01 -0.149E-06 -0.149E-06 -0.149E-06 -0.149E-06 -0.149E-06 0.300E-01 -0.149E-06 -0.149E-06 -0.149E-06 -0.149E-06 -0.149E-06 -0.149E-06 -0.149E-06 -0.149E-06 0.500E-01 0.300E-01 -0.149E-06 0.300E-01 0.300E-01 0.300E-01 0.300E-01 0.300E-01 0.300E-01 -0.149E-06 -0.149E-06 -0.149E-06 -0.149E-06 -0.149E-06 -0.149E-06 0.500E-01 0.500E-01 -0.149E-06 -0.149E-06 0.300E-01 0.300E-01 0.300E-01 0.300E-01 -0.149E-06 -0.149E-06 0.300E-01 0.300E-01 -0.149E-06 -0.149E-06 -0.149E-06
0.500E-01 0.500E-01 -0.149E-06 -0.149E-06 -0.149E-06 0.100 -0.149E-06 -0.149E-06 0.500E-01 -0.149E-06 0.500E-01 -0.149E-06 0.300E-01 -0.149E-06 0.300E-01 0.300E-01 -0.149E-06 -0.149E-06 -0.149E-06 0.500E-01 0.300E-01 0.300E-01 0.300E-01 -0.149E-06 -0.149E-06 -0.149E-06 0.500E-01 -0.149E-06 -0.149E-06 -0.149E-06 -0.149E-06 0.500E-01 0.300E-01 -0.149E-06 0.300E-01 0.500E-01 0.500E-01 -0.149E-06 -0.149E-06 -0.149E-06 -0.149E-06 0.300E-01 -0.149E-06 -0.149E-06 -0.149E-06 -0.149E-06 0.500E-01 0.500E-01 -0.149E-06 0.500E-01 0.300E-01 -0.149E-06 -0.149E-06 0.500E-01 0.500E-01 -0.149E-06 -0.149E-06 -0.149E-06 -0.149E-06 -0.149E-06 -0.149E-06
0.100 0.500E-01 -0.149E-06 -0.149E-06 -0.149E-06 0.100 -0.149E-06 -0.149E-06 0.500E-01 -0.149E-06 -0.149E-06 0.300E-01 0.300E-01 -0.149E-06 0.300E-01 0.300E-01 0.300E-01 0.300E-01 0.300E-01 0.300E-01 0.300E-01 0.300E-01 -0.149E-06 -0.149E-06 -0.149E-06 -0.149E-06 -0.149E-06 -0.149E-06 0.500E-01 -0.149E-06 -0.149E-06 0.355E-01 0.500E-01 -0.149E-06 0.300E-01 0.300E-01 0.500E-01 0.500E-01 0.300E-01 0.300E-01 -0.149E-06 0.500E-01 -0.149E-06 -0.149E-06 -0.149E-06 -0.149E-06 0.500E-01 -0.149E-06 0.500E-01 0.500E-01 -0.149E-06 -0.149E-06 -0.149E-06 0.500E-01 0.500E-01 0.500E-01 -0.149E-06 -0.149E-06 -0.149E-06 -0.149E-06 0.300E-01
-0.149E-06 0.100 0.500E-01 -0.149E-06 0.500E-01 0.100 -0.149E-06 0.100 0.500E-01 -0.149E-06 0.300E-01 -0.149E-06 -0.149E-06 -0.149E-06 -0.149E-06 -0.149E-06 -0.149E-06 -0.149E-06 -0.149E-06 -0.149E-06 -0.149E-06 0.500E-01 -0.149E-06 -0.149E-06 -0.149E-06 -0.149E-06 -0.149E-06 -0.149E-06 0.500E-01 -0.149E-06 -0.149E-06 0.500E-01 0.500E-01 -0.149E-06 0.894E-07 -0.149E-06 0.300E-01 0.500E-01 0.500E-01 -0.149E-06 -0.149E-06 0.500E-01 0.500E-01 0.300E-01 -0.149E-06 -0.149E-06 0.500E-01 -0.149E-06 -0.149E-06 -0.149E-06 -0.149E-06 -0.149E-06 -0.149E-06 -0.149E-06 -0.149E-06 0.500E-01 0.500E-01 0.500E-01 -0.149E-06 -0.149E-06 -0.149E-06
0.894E-07 0.500E-01 0.100 -0.149E-06 0.100 0.100 -0.149E-06 0.500E-01 -0.149E-06 0.500E-01 0.300E-01 -0.149E-06 0.300E-01 -0.149E-06 -0.149E-06 -0.149E-06 -0.149E-06 -0.149E-06 -0.149E-06 -0.149E-06 -0.149E-06 -0.149E-06 -0.149E-06 -0.149E-06 -0.149E-06 -0.149E-06 0.500E-01 0.500E-01 0.300E-01 0.300E-01 -0.149E-06 -0.149E-06 0.300E-01 -0.149E-06 0.500E-01 0.500E-01 0.500E-01 0.500E-01 0.500E-01 -0.149E-06 0.100 0.500E-01 0.300E-01 0.300E-01 -0.149E-06 -0.149E-06 0.100 -0.149E-06 0.500E-01 -0.149E-06 -0.149E-06 -0.149E-06 0.300E-01 0.500E-01 -0.149E-06 -0.149E-06 -0.149E-06 -0.596E-07 0. 0.300E-01 0.500E-01
-0.149E-06 0.500E-01 0.100 -0.149E-06 0.361E-01 0.500E-01 -0.149E-06 0.500E-01 0.411E-01 0.100 0.500E-01 0.300E-01 0.300E-01 -0.149E-06 -0.149E-06 -0.149E-06 -0.149E-06 0.300E-01 0.300E-01 0.300E-01 0.300E-01 0.300E-01 0.500E-01 0.300E-01 0.300E-01 0.300E-01 0.300E-01 0.300E-01 0.300E-01 -0.149E-06 0.500E-01 0.300E-01 -0.149E-06 0.500E-01 0.100 0.500E-01 0.500E-01 0.100 0.500E-01 0.500E-01 0.100 0.500E-01 0.300E-01 0.300E-01 0.500E-01 -0.149E-06 0.500E-01 -0.149E-06 0.500E-01 0.300E-01 0.300E-01 0.500E-01 0.500E-01 -0.149E-06 -0.149E-06 -0.149E-06 0.300E-01 0.894E-07 0.500E-01 0.500E-01 0.500E-01
-0.149E-06 -0.149E-06 0.500E-01 0.500E-01 0.500E-01 0.500E-01 0.500E-01 0.500E-01 0.500E-01 0.100 -0.149E-06 0.300E-01 0.300E-01 0.300E-01 -0.149E-06 -0.149E-06 -0.149E-06 -0.149E-06 -0.149E-06 -0.149E-06 0.300E-01 0.300E-01 0.500E-01 0.300E-01 0.300E-01 0.500E-01 0.500E-01 0.300E-01 0.500E-01 -0.149E-06 0.300E-01 -0.149E-06 0.500E-01 0.500E-01 0.500E-01 -0.149E-06 0.500E-01 0.500E-01 0.100 0.500E-01 0.500E-01 0.500E-01 0.300E-01 0.300E-01 0.500E-01 -0.149E-06 0.500E-01 -0.149E-06 0.300E-01 0.300E-01 0.500E-01 0.500E-01 0.500E-01 0.500E-01 0.300E-01 0.500E-01 -0.149E-06 -0.149E-06 0.500E-01 0.100 0.100
-0.149E-06 -0.149E-06 -0.149E-06 0.500E-01 0.100 0.500E-01 -0.149E-06 -0.149E-06 -0.149E-06 0.500E-01 0.500E-01 0.500E-01 0.500E-01 0.596E-07 0. -0.149E-06 0.238E-06 -0.149E-06 -0.149E-06 -0.149E-06 -0.149E-06 -0.149E-06 -0.149E-06 0.500E-01 0.500E-01 0.100 0.500E-01 0.300E-01 0.300E-01 0.300E-01 0.500E-01 0.300E-01 0.500E-01 0.500E-01 0.300E-01 0.500E-01 0.500E-01 0.500E-01 0.500E-01 0.300E-01 0.300E-01 0.300E-01 0.300E-01 -0.149E-06 -0.149E-06 0.500E-01 0.500E-01 -0.149E-06 0.500E-01 0.500E-01 0.500E-01 0.500E-01 0.500E-01 -0.149E-06 -0.149E-06 0.500E-01 0.500E-01 0.500E-01 0.100 -0.149E-06 -0.149E-06
0.500E-01 0.100 -0.149E-06 -0.149E-06 0.500E-01 0.500E-01 -0.149E-06 -0.149E-06 0.300E-01 -0.149E-06 0.300E-01 0.500E-01 -0.149E-06 -0.149E-06 -0.149E-06 -0.149E-06 -0.596E-07 -0.149E-06 0.500E-01 0.500E-01 -0.149E-06 -0.149E-06 -0.149E-06 0.500E-01 -0.149E-06 -0.149E-06 0.300E-01 0.300E-01 0.500E-01 0.300E-01 -0.149E-06 -0.149E-06 0.300E-01 0.300E-01 0.500E-01 0.300E-01 0.300E-01 0.500E-01 0.500E-01 0.300E-01 0.300E-01 0.500E-01 0.500E-01 -0.149E-06 -0.149E-06 -0.149E-06 0.300E-01 -0.149E-06 0.500E-01 0.500E-01 0.300E-01 -0.149E-06 -0.149E-06 0.500E-01 -0.149E-06 0.500E-01 -0.149E-06 -0.149E-06 0.500E-01 -0.149E-06 -0.149E-06
0.500E-01 0.100 -0.149E-06 -0.149E-06 -0.149E-06 0.500E-01 0.500E-01 -0.149E-06 -0.149E-06 -0.149E-06 -0.149E-06 0.300E-01 0.300E-01 0.300E-01 -0.149E-06 -0.149E-06 -0.596E-07 -0.149E-06 -0.149E-06 -0.149E-06 -0.149E-06 0.300E-01 0.500E-01 -0.149E-06 0.500E-01 0.500E-01 0.300E-01 0.300E-01 0.300E-01 0.300E-01 -0.149E-06 0.300E-01 0.300E-01 0.500E-01 -0.149E-06 0.300E-01 0.100 0.100 -0.149E-06 -0.149E-06 0.300E-01 0.300E-01 0.300E-01 -0.149E-06 -0.149E-06 0.300E-01 0.300E-01 -0.149E-06 0.500E-01 -0.149E-06 0.300E-01 -0.149E-06 0.500E-01 0.500E-01 0.500E-01 -0.149E-06 -0.149E-06 -0.149E-06 -0.149E-06 -0.149E-06 -0.149E-06
0.500E-01 0.500E-01 0.100 0.100 0.500E-01 0.100 0.500E-01 -0.149E-06 0.300E-01 0.500E-01 0.500E-01 0.300E-01 -0.149E-06 -0.149E-06 0.500E-01 -0.149E-06 -0.149E-06 -0.238E-06 -0.149E-06 -0.149E-06 -0.149E-06 0.500E-01 0.500E-01 0.500E-01 -0.149E-06 -0.149E-06 0.300E-01 0.300E-01 0.300E-01 0.300E-01 0.500E-01 0.300E-01 0.500E-01 0.500E-01 -0.149E-06 0.500E-01 0.100 0.500E-01 -0.149E-06 -0.149E-06 0.300E-01 0.300E-01 -0.149E-06 -0.149E-06 -0.149E-06 0.300E-01 0.300E-01 0.500E-01 0.500E-01 -0.149E-06 0.500E-01 0.500E-01 0.300E-01 0.300E-01 -0.149E-06 -0.149E-06 -0.149E-06 -0.149E-06 -0.149E-06 -0.149E-06 -0.149E-06
-0.149E-06 0.500E-01 0.100 0.100 0.500E-01 0.500E-01 -0.149E-06 -0.149E-06 0.500E-01 0.100 -0.149E-06 -0.149E-06 -0.149E-06 0.300E-01 -0.149E-06 0.894E-07 -0.149E-06 -0.149E-06 -0.149E-06 -0.149E-06 0.300E-01 0.300E-01 0.500E-01 -0.149E-06 -0.149E-06 -0.149E-06 0.300E-01 0.300E-01 0.500E-01 0.300E-01 -0.149E-06 0.300E-01 0.500E-01 -0.149E-06 0.500E-01 0.100 0.500E-01 -0.149E-06 0.500E-01 -0.238E-06 -0.596E-07 -0.149E-06 -0.149E-06 -0.149E-06 -0.149E-06 0.300E-01 0.300E-01 0.500E-01 0.500E-01 -0.149E-06 -0.149E-06 -0.149E-06 -0.149E-06 -0.149E-06 0.300E-01 0.300E-01 0.500E-01 0.500E-01 0.300E-01 0.500E-01 0.300E-01
0.500E-01 0.100 0.100 0.100 0.500E-01 0.500E-01 -0.149E-06 0.500E-01 0.100 0.100 -0.149E-06 -0.149E-06 0.500E-01 0.300E-01 -0.149E-06 -0.596E-07 -0.149E-06 -0.149E-06 -0.149E-06 -0.149E-06 0.300E-01 0.300E-01 -0.149E-06 0.300E-01 0.300E-01 -0.149E-06 0.300E-01 0.500E-01 0.300E-01 0.300E-01 0.500E-01 0.500E-01 -0.149E-06 -0.149E-06 0.500E-01 0.100 0.300E-01 -0.149E-06 0.300E-01 -0.149E-06 0.300E-01 -0.149E-06 -0.149E-06 -0.149E-06 -0.149E-06 0.300E-01 0.300E-01 0.300E-01 -0.149E-06 -0.149E-06 -0.149E-06 -0.149E-06 -0.149E-06 0.500E-01 0.300E-01 0.300E-01 0.500E-01 0.300E-01 0.300E-01 0.500E-01 0.500E-01
0.500E-01 -0.149E-06 0.500E-01 0.100 -0.149E-06 0.500E-01 -0.149E-06 0.100 0.100 0.100 0.500E-01 -0.149E-06 -0.149E-06 -0.149E-06 0.300E-01 0.300E-01 -0.149E-06 -0.149E-06 0.300E-01 -0.134E-06 0.300E-01 0.300E-01 -0.149E-06 -0.149E-06 -0.149E-06 -0.149E-06 0.300E-01 0.500E-01 0.300E-01 0.300E-01 0.300E-01 0.300E-01 -0.149E-06 -0.149E-06 0.500E-01 0.300E-01 -0.149E-06 -0.149E-06 0.500E-01 0.300E-01 0.300E-01 -0.149E-06 -0.149E-06 -0.149E-06 -0.149E-06 -0.149E-06 0.300E-01 -0.149E-06 -0.149E-06 -0.149E-06 0.500E-01 0.500E-01 0.500E-01 0.500E-01 0.100 0.500E-01 0.300E-01 0.300E-01 0.300E-01 0.300E-01 0.300E-01
-0.149E-06 -0.149E-06 -0.149E-06 0.500E-01 0.100 -0.149E-06 0.100 0.100 0.100 0.100 0.100 0.100 0.100 0.500E-01 0.300E-01 -0.149E-06 -0.149E-06 -0.149E-06 -0.149E-06 -0.596E-07 -0.149E-06 0.300E-01 -0.149E-06 -0.149E-06 -0.149E-06 -0.149E-06 0.300E-01 0.300E-01 0.300E-01 -0.149E-06 0.300E-01 0.300E-01 -0.149E-06 -0.149E-06 0.300E-01 0.300E-01 -0.149E-06 -0.149E-06 -0.149E-06 -0.149E-06 -0.149E-06 -0.149E-06 -0.149E-06 -0.149E-06 -0.149E-06 -0.149E-06 -0.149E-06 0.300E-01 -0.149E-06 -0.149E-06 -0.149E-06 -0.149E-06 -0.149E-06 0.500E-01 0.300E-01 0.300E-01 0.500E-01 0.500E-01 0.300E-01 -0.149E-06 -0.149E-06
0.500E-01 0.500E-01 0.500E-01 0.100 0.100 0.500E-01 0.100 0.100 0.100 0.100 0.100 0.100 0.100 0.100 0.300E-01 0.300E-01 -0.149E-06 -0.149E-06 -0.149E-06 0.300E-01 0.300E-01 -0.149E-06 0.500E-01 -0.149E-06 -0.149E-06 -0.149E-06 0.300E-01 0.300E-01 0.300E-01 -0.149E-06 -0.149E-06 -0.149E-06 0.300E-01 0.300E-01 0.500E-01 0.500E-01 0.500E-01 -0.149E-06 -0.149E-06 -0.149E-06 -0.149E-06 0.500E-01 -0.149E-06 -0.149E-06 -0.149E-06 -0.149E-06 -0.149E-06 -0.149E-06 -0.149E-06 -0.149E-06 -0.149E-06 -0.149E-06 -0.149E-06 -0.149E-06 -0.149E-06 -0.149E-06 -0.149E-06 -0.149E-06 0.500E-01 0.300E-01 0.500E-01
0.300E-01 0.500E-01 0.415E-01 0.500E-01 0.100 -0.149E-06 0.100 0.500E-01 0.300E-01 0.300E-01 0.500E-01 0.100 -0.149E-06 0.100 0.300E-01 0.300E-01 -0.149E-06 -0.149E-06 -0.149E-06 -0.149E-06 0.300E-01 0.300E-01 -0.149E-06 0.894E-07 -0.149E-06 -0.149E-06 -0.149E-06 0.300E-01 0.300E-01 -0.149E-06 -0.149E-06 -0.149E-06 0.300E-01 0.300E-01 0.500E-01 0.300E-01 0.300E-01 0.300E-01 -0.149E-06 -0.149E-06 -0.149E-06 0.500E-01 -0.149E-06 -0.149E-06 -0.149E-06 0.500E-01 -0.149E-06 -0.149E-06 -0.149E-06 -0.149E-06 -0.149E-06 -0.149E-06 -0.149E-06 -0.149E-06 0.500E-01 -0.149E-06 -0.149E-06 -0.149E-06 0.500E-01 -0.149E-06 -0.149E-06
0.300E-01 0.300E-01 0.300E-01 0.300E-01 0.500E-01 0.459E-01 0.100 0.500E-01 0.500E-01 0.300E-01 -0.149E-06 -0.149E-06 -0.149E-06 0.500E-01 0.500E-01 0.300E-01 -0.149E-06 0.500E-01 0.355E-01 0.500E-01 0.300E-01 0.300E-01 -0.149E-06 0.894E-07 -0.149E-06 -0.149E-06 0.300E-01 0.300E-01 0.300E-01 0.300E-01 -0.149E-06 -0.149E-06 -0.149E-06 -0.149E-06 0.300E-01 0.300E-01 -0.149E-06 -0.149E-06 0.500E-01 0.500E-01 0.300E-01 -0.149E-06 -0.149E-06 -0.149E-06 -0.149E-06 -0.149E-06 0.500E-01 -0.149E-06 0.500E-01 -0.149E-06 -0.149E-06 0.500E-01 0.500E-01 -0.149E-06 0.500E-01 0.500E-01 -0.149E-06 -0.149E-06 -0.149E-06 0.500E-01 0.500E-01
0.300E-01 0.300E-01 0.300E-01 0.500E-01 0.500E-01 0.500E-01 0.100 -0.149E-06 -0.149E-06 -0.149E-06 -0.149E-06 -0.149E-06 -0.149E-06 0.500E-01 0.500E-01 -0.149E-06 -0.149E-06 -0.149E-06 -0.149E-06 0.500E-01 -0.596E-07 -0.149E-06 -0.149E-06 0.894E-07 -0.149E-06 -0.149E-06 -0.149E-06 0.300E-01 -0.149E-06 0.500E-01 0.500E-01 0.300E-01 0.300E-01 0.300E-01 -0.149E-06 -0.149E-06 -0.149E-06 0.300E-01 0.500E-01 0.500E-01 0.500E-01 -0.149E-06 -0.149E-06 -0.149E-06 -0.149E-06 -0.149E-06 -0.149E-06 0.500E-01 0.500E-01 0.100 0.500E-01 0.500E-01 0.500E-01 0.500E-01 -0.149E-06 -0.149E-06 -0.149E-06 0.300E-01 0.500E-01 0.500E-01 0.500E-01
0.300E-01 0.300E-01 0.300E-01 0.500E-01 0.500E-01 0.500E-01 0.500E-01 -0.149E-06 -0.149E-06 -0.149E-06 -0.149E-06 -0.119E-06 -0.149E-06 0.300E-01 0.500E-01 0.500E-01 -0.149E-06 -0.149E-06 -0.149E-06 -0.149E-06 -0.149E-06 -0.149E-06 -0.149E-06 -0.149E-06 -0.149E-06 -0.149E-06 -0.149E-06 -0.149E-06 -0.149E-06 -0.149E-06 -0.149E-06 -0.149E-06 -0.149E-06 -0.149E-06 -0.149E-06 -0.149E-06 -0.149E-06 0.300E-01 0.300E-01 0.500E-01 0.500E-01 -0.149E-06 -0.149E-06 -0.149E-06 -0.149E-06 -0.149E-06 -0.149E-06 0.500E-01 0.500E-01 -0.149E-06 -0.149E-06 0.500E-01 0.500E-01 -0.149E-06 -0.149E-06 -0.149E-06 0.300E-01 0.500E-01 0.500E-01 0.500E-01 0.500E-01
0.433E-01 0.500E-01 -0.149E-06 0.500E-01 0. 0.100 0.500E-01 0.500E-01 -0.149E-06 0.745E-07 0.104E-06 0.596E-07 0.596E-07 0.500E-01 0.500E-01 -0.149E-06 0.149E-06 -0.596E-07 -0.149E-06 -0.149E-06 -0.149E-06 -0.149E-06 -0.149E-06 -0.149E-06 -0.149E-06 -0.149E-06 0.300E-01 0.300E-01 0.300E-01 -0.149E-06 -0.149E-06 -0.149E-06 -0.149E-06 -0.149E-06 -0.149E-06 0.500E-01 0.500E-01 0.300E-01 0.300E-01 -0.149E-06 -0.149E-06 -0.149E-06 0.500E-01 -0.149E-06 -0.149E-06 -0.149E-06 -0.149E-06 0.500E-01 0.500E-01 0.500E-01 -0.149E-06 0.355E-01 -0.149E-06 -0.149E-06 -0.149E-06 -0.149E-06 0.300E-01 0.500E-01 0.500E-01 0.300E-01 -0.149E-06
0.500E-01 0.500E-01 0.100 0.100 0.100 0.100 0.100 0.100 -0.149E-06 0.104E-06 -0.119E-06 0.596E-07 -0.149E-06 0.300E-01 0.500E-01 0.500E-01 -0.149E-06 -0.596E-07 0. 0.671E-07 0.209E-06 0.300E-01 -0.149E-06 0.300E-01 0.300E-01 -0.149E-06 -0.149E-06 -0.149E-06 0.300E-01 -0.149E-06 -0.149E-06 -0.149E-06 -0.149E-06 -0.149E-06 -0.149E-06 -0.149E-06 -0.149E-06 0.300E-01 0.300E-01 0.500E-01 0.500E-01 0.500E-01 0.500E-01 0.500E-01 -0.149E-06 -0.149E-06 -0.149E-06 0.500E-01 0.500E-01 0.500E-01 0.500E-01 -0.149E-06 -0.149E-06 -0.149E-06 0.300E-01 -0.149E-06 0.500E-01 0.500E-01 0.500E-01 -0.149E-06 -0.149E-06
0.100 0.500E-01 0.104E-06 0.104E-06 0.500E-01 0.183E-02 0.100 0.183E-02 0.500E-01 0.500E-01 -0.149E-06 0.104E-06 -0.149E-06 -0.149E-06 -0.149E-06 0.104E-06 0.104E-06 0.596E-07 -0.149E-06 -0.149E-06 -0.149E-06 -0.149E-06 -0.119E-06 -0.149E-06 -0.149E-06 -0.149E-06 -0.149E-06 -0.149E-06 0.300E-01 0.300E-01 -0.149E-06 -0.149E-06 -0.149E-06 -0.149E-06 -0.149E-06 -0.149E-06 -0.149E-06 -0.149E-06 0.300E-01 0.300E-01 0.500E-01 0.500E-01 0.500E-01 0.365E-01 -0.149E-06 -0.149E-06 -0.149E-06 -0.149E-06 -0.149E-06 0.500E-01 -0.149E-06 0.500E-01 0.500E-01 0.500E-01 0.500E-01 0.500E-01 0.500E-01 0.500E-01 -0.149E-06 -0.149E-06 0.500E-01
0.100 0.500E-01 0.104E-06 0.104E-06 -0.119E-06 0.100 0.100 0.100 0.100 0.100 -0.149E-06 0.500E-01 0.104E-06 0.104E-06 0.596E-07 0.596E-07 0.596E-07 -0.119E-06 -0.149E-06 0.596E-07 0.596E-07 0.596E-07 0.500E-01 0.500E-01 -0.149E-06 -0.149E-06 -0.149E-06 -0.149E-06 -0.149E-06 0.300E-01 -0.596E-07 0.300E-01 -0.149E-06 0.300E-01 -0.149E-06 -0.149E-06 -0.149E-06 -0.149E-06 -0.149E-06 -0.149E-06 -0.149E-06 0.500E-01 0.500E-01 -0.149E-06 -0.149E-06 -0.149E-06 0.300E-01 -0.149E-06 0.500E-01 0.500E-01 -0.149E-06 -0.149E-06 -0.149E-06 -0.149E-06 0.500E-01 0.300E-01 0.300E-01 0.500E-01 -0.149E-06 -0.149E-06 -0.149E-06
0.500E-01 0.500E-01 0.596E-07 0.596E-07 0.596E-07 0.100 0.100 0.100 0.100 0.100 0.100 0.100 0.183E-02 0.100 0.104E-06 -0.179E-06 0.104E-06 -0.298E-07 -0.149E-06 -0.149E-06 0.134E-06 0.596E-07 -0.149E-06 -0.149E-06 -0.149E-06 -0.149E-06 -0.149E-06 -0.149E-06 -0.149E-06 -0.149E-06 0.238E-06 -0.149E-06 0.500E-01 0.500E-01 0.300E-01 0.300E-01 -0.149E-06 -0.149E-06 0.500E-01 -0.149E-06 -0.149E-06 0.500E-01 -0.149E-06 0.500E-01 0.500E-01 0.894E-07 0.894E-07 -0.149E-06 -0.149E-06 -0.149E-06 0.500E-01 0.300E-01 0.500E-01 -0.149E-06 0.500E-01 0.300E-01 0.300E-01 0.500E-01 -0.149E-06 -0.149E-06 0.500E-01
0.300E-01 0.300E-01 0.104E-06 -0.149E-06 -0.149E-06 0.100 0.100 0.100 0.183E-02 0.100 0.100 0.100 0.500E-01 -0.149E-06 0.104E-06 0.104E-06 0.149E-07 0.209E-06 -0.298E-07 0.596E-07 0.596E-07 0.447E-07 -0.179E-06 0.596E-07 0.596E-07 -0.149E-06 -0.149E-06 -0.894E-07 -0.149E-06 -0.149E-06 -0.149E-06 0.500E-01 -0.149E-06 0.500E-01 0.500E-01 0.500E-01 0.500E-01 0.500E-01 0.500E-01 0.500E-01 0.500E-01 0.500E-01 -0.149E-06 -0.149E-06 0.300E-01 0.300E-01 0.500E-01 0.500E-01 0.500E-01 0.500E-01 0.500E-01 0.500E-01 0.500E-01 -0.149E-06 -0.149E-06 -0.149E-06 0.300E-01 -0.149E-06 -0.149E-06 0.500E-01 0.100
0.500E-01 0.500E-01 0.104E-06 0.104E-06 0.100 0.500E-01 0.500E-01 -0.149E-06 0.500E-01 0.104E-06 0.100 0.100 0.100 0.500E-01 -0.149E-06 -0.149E-06 -0.149E-06 -0.149E-06 -0.164E-06 0.894E-07 0.596E-07 0.894E-07 -0.149E-06 0.134E-06 0.300E-01 0.179E-06 -0.179E-06 0.500E-01 0.500E-01 -0.149E-06 -0.149E-06 -0.149E-06 0.500E-01 0.500E-01 0.500E-01 0.300E-01 0.300E-01 0.300E-01 0.300E-01 0.300E-01 -0.149E-06 0.500E-01 0.500E-01 0.500E-01 0.355E-01 0.500E-01 0.500E-01 0.100 0.500E-01 0.500E-01 0.100 0.500E-01 -0.149E-06 -0.149E-06 -0.149E-06 0.500E-01 0.300E-01 -0.149E-06 -0.149E-06 -0.149E-06 0.300E-01
