share/VS_Project/swb/x64/Debug/MASS_BALANCE_08_17_1990.asc
NCOLS        340
NROWS        316
XLLCORNER     528502.530
YLLCORNER     274871.653
CELLSIZE        100.000
NODATA_VALUE    -9999.000
[rows 168 to 195 of 316, columns 62 to 123 of 340]
-0.149E-06 0.596E-07 0.300E-01 0.300E-01 0.500E-01 0.100 0.100 0.100 0.596E-07 0.596E-07 0.500E-01 0.500E-01 0.596E-07 0.596E-07 0.596E-07 0.671E-07 0.100 0.500E-01 0.500E-01 0.671E-07 0.596E-07 0.500E-01 0.500E-01 0.500E-01 0.596E-07 0.596E-07 0.596E-07 0.447E-07 0.447E-07 -0.149E-06 0.894E-07 0.596E-07 0.596E-07 0.596E-07 0.596E-07 0.500E-01 0.100 0.500E-01 0.500E-01 0.596E-07 0.596E-07 0.300E-01 0.596E-07 -0.298E-07 0.100 0.100 0.100 0.100 0.500E-01 0.300E-01 0.500E-01 0.500E-01 0.596E-07 0.596E-07 0.596E-07 0.596E-07 0.596E-07 0.596E-07 0.596E-07 -0.149E-06 0.447E-07 0.447E-07
-0.149E-06 0.447E-07 0.300E-01 0.500E-01 0.500E-01 0.100 0.500E-01 0.500E-01 0.596E-07 0.596E-07 0.671E-07 -0.224E-07 -0.298E-07 0.596E-07 0.596E-07 0.596E-07 0.100 0.100 0.671E-07 -0.298E-07 0.500E-01 0.500E-01 0.596E-07 0.500E-01 0.100 0.100 0.500E-01 0.447E-07 0.500E-01 0.500E-01 0.596E-07 0.671E-07 0.671E-07 0.596E-07 0.596E-07 0.500E-01 0.500E-01 0.500E-01 0.100 0.500E-01 0.500E-01 0.500E-01 0.596E-07 0.500E-01 0.100 0.100 0.100 0.500E-01 0.596E-07 0.300E-01 0.500E-01 0.500E-01 0.500E-01 0.500E-01 0.596E-07 0.800E-01 0.500E-01 0.596E-07 0.596E-07 0.596E-07 0.447E-07 0.447E-07
0.596E-07 0.447E-07 0.300E-01 0.500E-01 0.100 0.596E-07 0.596E-07 0.500E-01 0.596E-07 0.596E-07 0.596E-07 0.500E-01 0.596E-07 0.596E-07 0.596E-07 0.596E-07 0.596E-07 0.596E-07 -0.298E-07 0.500E-01 0.447E-07 0.596E-07 0.100 0.100 0.100 0.100 0.596E-07 0.500E-01 0.100 0.447E-07 -0.298E-07 0.596E-07 0.596E-07 0.596E-07 0.596E-07 0.500E-01 0.500E-01 0.596E-07 0.596E-07 0.500E-01 0.500E-01 0.596E-07 0.596E-07 0.596E-07 0.500E-01 0.100 0.100 0.500E-01 0.300E-01 0.300E-01 0.596E-07 0.500E-01 0.500E-01 0.596E-07 0.100 0.500E-01 0.100 0.500E-01 0.300E-01 0.300E-01 0.500E-01 0.100
0.596E-07 -0.432E-06 0.500E-01 0.100 0.100 0.596E-07 0.596E-07 0.596E-07 0.596E-07 0.500E-01 0.500E-01 0.671E-07 -0.298E-07 0.596E-07 0.596E-07 0.596E-07 0.596E-07 0.671E-07 0.500E-01 0.447E-07 0.447E-07 0.500E-01 0.100 0.100 0.100 0.100 0.596E-07 0.500E-01 0.100 -0.149E-06 0.596E-07 0.447E-07 0.596E-07 0.447E-07 0.596E-07 0.500E-01 0.500E-01 0.500E-01 0.596E-07 0.596E-07 0.500E-01 0.596E-07 0.596E-07 0.500E-01 0.100 0.100 0.100 0.596E-07 0.300E-01 0.300E-01 0.500E-01 0.500E-01 0.500E-01 0.300E-01 0.500E-01 0.500E-01 0.500E-01 0.500E-01 0.300E-01 0.500E-01 0.596E-07 0.100
0.596E-07 0.300E-01 0.500E-01 0.100 0.100 0.596E-07 0.596E-07 0.671E-07 0.596E-07 0.100 0.100 0.596E-07 0.447E-07 0.500E-01 0.596E-07 0.596E-07 0.596E-07 0.596E-07 0.500E-01 0.500E-01 0.500E-01 -0.149E-06 0.100 0.100 0.100 0.100 0.596E-07 0.100 0.100 0.100 0.100 0.100 0.671E-07 0.500E-01 0.100 0.500E-01 0.596E-07 0.500E-01 0.596E-07 0.596E-07 0.500E-01 0.596E-07 0.500E-01 0.500E-01 0.300E-01 0.300E-01 0.500E-01 -0.596E-07 0.300E-01 0.300E-01 0.596E-07 0.300E-01 0.500E-01 0.500E-01 0.500E-01 0.500E-01 0.500E-01 0.300E-01 0.300E-01 0.500E-01 0.596E-07 0.100
-0.149E-07 0.500E-01 0.100 0.100 0.500E-01 0.596E-07 0.500E-01 0.500E-01 0.100 0.100 0.300E-01 0.300E-01 0.500E-01 0.100 0.100 0.500E-01 0.596E-07 0.417E-06 0.300E-01 0.500E-01 0.596E-07 0.500E-01 0.500E-01 0.100 0.100 0.100 0.100 0.100 0.100 0.100 0.500E-01 0.596E-07 0.500E-01 0.500E-01 0.596E-07 0.596E-07 0.596E-07 0.500E-01 0.500E-01 0.500E-01 0.500E-01 0.596E-07 0.596E-07 0.500E-01 0.500E-01 0.300E-01 0.500E-01 0.500E-01 0.500E-01 0.500E-01 0.500E-01 0.500E-01 0.596E-07 0.596E-07 0.500E-01 0.500E-01 0.500E-01 0.500E-01 0.300E-01 0.500E-01 0.500E-01 0.500E-01
-0.149E-07 0.500E-01 0.100 0.100 0.500E-01 0.596E-07 0.596E-07 0.500E-01 0.500E-01 0.100 0.300E-01 0.596E-07 0.100 0.100 0.300E-01 0.100 0.447E-07 0.300E-01 0.300E-01 0.300E-01 0.500E-01 0.100 0.100 0.100 0.100 0.100 0.100 0.500E-01 0.500E-01 0.500E-01 0.100 0.500E-01 0.100 0.596E-07 0.500E-01 0.500E-01 0.500E-01 0.671E-07 0.500E-01 0.300E-01 0.596E-07 0.500E-01 0.500E-01 0.500E-01 0.500E-01 0.500E-01 0.300E-01 0.300E-01 0.500E-01 0.596E-07 0.500E-01 0.596E-07 -0.596E-07 0.500E-01 0.500E-01 0.100 0.500E-01 0.100 0.447E-07 -0.149E-06 0.596E-07 0.500E-01
0.500E-01 0.500E-01 0.500E-01 0.100 0.500E-01 0.500E-01 0.596E-07 0.596E-07 0.500E-01 0.100 0.300E-01 0.500E-01 0.100 0.300E-01 0.447E-07 0.500E-01 0.596E-07 0.596E-07 0.300E-01 0.300E-01 0.300E-01 0.300E-01 0.300E-01 0.300E-01 0.300E-01 0.500E-01 0.100 0.596E-07 0.596E-07 0.100 0.500E-01 0.500E-01 0.100 0.100 -0.596E-07 0.800E-01 0.596E-07 0.596E-07 0.300E-01 0.300E-01 0.596E-07 0.500E-01 0.500E-01 0.596E-07 0.596E-07 0.596E-07 0.596E-07 0.596E-07 0.596E-07 0.596E-07 0.500E-01 0.500E-01 0.500E-01 0.300E-01 0.500E-01 0.100 0.500E-01 0.500E-01 0.596E-07 0.447E-07 -0.149E-06 0.500E-01
0.500E-01 0.100 0.596E-07 0.596E-07 0.596E-07 0.671E-07 -0.224E-07 0.671E-07 -0.224E-07 -0.298E-07 0.500E-01 0.100 0.100 0.300E-01 0.300E-01 0.500E-01 0.100 0.596E-07 0.300E-01 0.300E-01 0.300E-01 0.500E-01 0.500E-01 0.500E-01 0.500E-01 0.500E-01 0.100 0.500E-01 0.500E-01 0.100 0.100 0.100 0.500E-01 0.500E-01 0.596E-07 0.300E-01 0.300E-01 0.300E-01 0.596E-07 0.500E-01 0.300E-01 0.300E-01 0.300E-01 0.500E-01 0.500E-01 0.671E-07 0.596E-07 0.596E-07 0.596E-07 0.596E-07 0.500E-01 0.500E-01 0.300E-01 0.500E-01 0.500E-01 0.500E-01 0.596E-07 0.596E-07 0.596E-07 0.596E-07 0.500E-01 0.596E-07
0.500E-01 0.100 0.596E-07 0.596E-07 0.596E-07 0.596E-07 0.447E-07 -0.268E-06 0.100 0.596E-07 0.500E-01 0.100 0.300E-01 0.300E-01 0.500E-01 0.500E-01 0.100 0.596E-07 0.596E-07 0.417E-06 0.300E-01 0.500E-01 0.500E-01 0.596E-07 0.596E-07 0.500E-01 0.500E-01 0.100 0.100 0.100 0.500E-01 0.500E-01 0.500E-01 0.596E-07 0.300E-01 0.300E-01 0.300E-01 0.300E-01 0.500E-01 0.100 0.300E-01 0.300E-01 0.500E-01 0.100 0.100 0.500E-01 0.500E-01 0.500E-01 0.596E-07 0.300E-01 0.500E-01 0.500E-01 0.596E-07 0.596E-07 0.500E-01 0.500E-01 0.500E-01 0.500E-01 0.596E-07 0.596E-07 0.596E-07 0.596E-07
0.500E-01 0.100 0.100 0.596E-07 0.596E-07 0.596E-07 0.671E-07 0.100 0.100 0.596E-07 0.500E-01 0.100 0.100 0.100 0.596E-07 0.500E-01 0.100 0.300E-01 0.447E-07 0.447E-07 0.671E-07 0.500E-01 0.596E-07 0.596E-07 0.596E-07 0.596E-07 0.100 0.596E-07 0.100 0.100 0.596E-07 0.596E-07 0.209E-06 0.596E-07 0.300E-01 0.300E-01 0.300E-01 0.500E-01 0.100 0.100 0.300E-01 0.500E-01 0.100 0.100 0.596E-07 0.596E-07 0.500E-01 0.596E-07 0.596E-07 -0.522E-07 0.300E-01 0.596E-07 0.596E-07 0.500E-01 0.100 0.100 0.500E-01 0.500E-01 0.596E-07 0.596E-07 0.596E-07 0.596E-07
0.100 0.100 0.596E-07 0.596E-07 0.596E-07 0.500E-01 0.100 0.100 0.100 0.100 0.596E-07 0.500E-01 0.100 0.100 0.596E-07 0.500E-01 0.100 0.100 0.596E-07 0.596E-07 0.596E-07 0.596E-07 0.447E-07 0.596E-07 0.596E-07 0.596E-07 0.447E-07 0.500E-01 0.500E-01 0.596E-07 0.500E-01 0.671E-07 -0.820E-07 0.671E-07 0.500E-01 0.300E-01 0.500E-01 0.500E-01 0.100 0.300E-01 0.300E-01 0.500E-01 0.100 0.447E-07 0.596E-07 0.500E-01 0.596E-07 0.596E-07 0.596E-07 -0.298E-07 0.402E-06 0.447E-07 0.500E-01 0.500E-01 0.500E-01 0.500E-01 0.100 0.500E-01 0.596E-07 0.100 0.100 0.447E-07
0.100 0.100 0.596E-07 0.596E-07 0.596E-07 0.500E-01 0.100 0.100 0.500E-01 0.500E-01 0.500E-01 0.500E-01 0.100 0.100 0.596E-07 0.500E-01 0.500E-01 0.100 0.500E-01 0.596E-07 0.596E-07 0.596E-07 0.447E-07 0.447E-07 0.500E-01 0.500E-01 0.100 0.500E-01 0.596E-07 0.500E-01 0.500E-01 0.500E-01 -0.149E-06 0.447E-07 0.447E-07 0.402E-06 0.447E-07 0.500E-01 0.100 0.500E-01 0.500E-01 0.100 0.100 0.596E-07 0.596E-07 0.500E-01 0.596E-07 0.596E-07 0.447E-07 0.596E-07 0.894E-07 0.500E-01 0.500E-01 0.596E-07 0.500E-01 0.500E-01 0.500E-01 0.500E-01 0.100 0.100 0.500E-01 0.596E-07
0.100 0.100 0.100 0.671E-07 0.596E-07 0.671E-07 0.100 0.100 0.596E-07 0.500E-01 0.447E-07 0.100 0.100 0.447E-07 0.596E-07 0.596E-07 0.596E-07 0.500E-01 0.500E-01 0.596E-07 0.596E-07 0.447E-07 -0.745E-07 0.500E-01 0.500E-01 0.500E-01 0.100 0.500E-01 0.500E-01 0.500E-01 0.500E-01 0.447E-07 0.596E-07 0.596E-07 0.300E-01 0.300E-01 0.300E-01 -0.149E-06 0.596E-07 0.500E-01 0.100 0.500E-01 0.596E-07 0.596E-07 0.596E-07 0.300E-01 0.596E-07 0.447E-07 0.596E-07 0.500E-01 0.447E-07 0.447E-07 0.447E-07 0.596E-07 0.500E-01 0.500E-01 0.500E-01 0.500E-01 0.500E-01 0.100 0.596E-07 0.447E-07
0.100 0.100 0.100 0.100 0.596E-07 0.596E-07 0.500E-01 0.100 0.100 0.100 0.447E-07 0.100 0.100 0.596E-07 0.596E-07 0.500E-01 0.500E-01 0.596E-07 0.596E-07 0.500E-01 0.596E-07 0.300E-01 0.209E-06 0.500E-01 0.500E-01 0.500E-01 0.596E-07 0.596E-07 0.596E-07 0.596E-07 0.596E-07 0.596E-07 0.596E-07 0.596E-07 -0.447E-06 0.283E-06 0.596E-07 0.500E-01 0.500E-01 0.100 0.100 0.596E-07 0.596E-07 0.500E-01 0.596E-07 0.596E-07 0.300E-01 0.300E-01 0.500E-01 0.100 0.447E-07 0.447E-07 0.894E-07 0.596E-07 0.500E-01 0.500E-01 0.500E-01 0.500E-01 0.500E-01 0.500E-01 0.596E-07 -0.149E-06
0.500E-01 0.596E-07 0.500E-01 0.500E-01 0.596E-07 0.596E-07 0.100 0.100 0.100 0.100 0.671E-07 0.100 0.100 0.500E-01 0.596E-07 -0.343E-06 0.596E-07 0.596E-07 0.596E-07 0.500E-01 0.596E-07 0.300E-01 0.596E-07 0.500E-01 0.500E-01 0.500E-01 0.500E-01 0.500E-01 0.596E-07 0.500E-01 0.596E-07 0.596E-07 0.596E-07 0.500E-01 0.500E-01 0.596E-07 0.596E-07 0.500E-01 0.500E-01 0.100 0.100 0.500E-01 0.500E-01 0.500E-01 0.596E-07 0.447E-07 0.300E-01 0.300E-01 0.500E-01 0.100 0.447E-07 -0.142E-06 0.596E-07 0.500E-01 0.500E-01 0.596E-07 0.500E-01 0.500E-01 0.100 0.596E-07 0.596E-07 0.447E-07
0.100 0.100 0.100 0.500E-01 0.300E-01 0.596E-07 0.500E-01 0.500E-01 0.100 0.100 0.500E-01 0.100 0.100 0.500E-01 0.596E-07 0.596E-07 0.596E-07 0.500E-01 0.447E-07 0.447E-07 -0.149E-06 0.300E-01 0.300E-01 0.100 0.500E-01 0.500E-01 0.100 0.100 0.100 0.100 0.500E-01 0.596E-07 0.596E-07 0.500E-01 0.100 0.500E-01 0.596E-07 0.447E-07 0.596E-07 0.100 0.100 0.500E-01 0.100 0.500E-01 0.596E-07 0.596E-07 0.500E-01 0.596E-07 0.596E-07 0.100 0.500E-01 0.500E-01 0.500E-01 0.500E-01 0.100 0.500E-01 0.500E-01 0.500E-01 0.500E-01 0.500E-01 0.447E-07 -0.373E-06
0.100 0.100 0.500E-01 0.500E-01 0.500E-01 0.596E-07 0.596E-07 0.596E-07 0.500E-01 0.100 0.500E-01 0.100 0.100 0.596E-07 0.596E-07 0.596E-07 0.596E-07 0.100 0.100 0.100 0.447E-07 0.300E-01 0.300E-01 0.500E-01 0.100 0.500E-01 0.300E-01 0.500E-01 0.500E-01 0.100 0.500E-01 0.596E-07 0.596E-07 0.500E-01 0.500E-01 0.447E-07 -0.134E-06 0.596E-07 0.500E-01 0.100 0.100 0.500E-01 0.596E-07 0.596E-07 0.596E-07 0.500E-01 0.500E-01 0.500E-01 0.500E-01 0.596E-07 0.100 0.500E-01 0.500E-01 0.500E-01 0.500E-01 0.596E-07 0.596E-07 0.100 0.100 0.596E-07 0.596E-07 0.447E-07
0.100 0.100 0.500E-01 0.596E-07 0.671E-07 0.500E-01 -0.343E-06 0.596E-07 0.500E-01 0.100 0.100 0.100 0.100 0.447E-07 0.100 0.100 0.100 0.100 0.100 0.100 0.500E-01 0.500E-01 0.300E-01 0.500E-01 0.500E-01 0.300E-01 0.300E-01 0.300E-01 0.300E-01 0.500E-01 0.596E-07 0.596E-07 0.500E-01 0.500E-01 0.300E-01 0.596E-07 0.500E-01 0.500E-01 0.100 0.100 0.100 0.596E-07 0.596E-07 0.671E-07 0.500E-01 0.100 0.596E-07 0.671E-07 0.500E-01 0.500E-01 0.100 0.100 0.100 0.500E-01 0.500E-01 0.500E-01 0.500E-01 0.100 0.500E-01 0.596E-07 0.596E-07 0.596E-07
0.100 0.100 0.500E-01 0.596E-07 0.596E-07 0.596E-07 0.596E-07 0.300E-01 0.300E-01 -0.596E-07 0.100 0.100 0.100 0.500E-01 0.100 0.100 0.100 0.100 0.100 0.100 0.100 0.500E-01 0.300E-01 0.300E-01 0.300E-01 0.500E-01 0.500E-01 0.300E-01 0.300E-01 0.300E-01 0.500E-01 0.500E-01 0.402E-06 0.300E-01 0.500E-01 0.500E-01 0.500E-01 0.100 0.100 0.500E-01 0.500E-01 0.596E-07 0.596E-07 0.500E-01 0.100 0.500E-01 -0.224E-07 0.671E-07 0.500E-01 0.500E-01 0.500E-01 0.500E-01 0.500E-01 0.596E-07 0.596E-07 0.596E-07 0.596E-07 0.100 0.100 0.596E-07 0.596E-07 0.596E-07
0.100 0.100 0.100 0.100 0.500E-01 0.209E-06 0.596E-07 0.300E-01 0.500E-01 0.596E-07 0.100 0.100 0.100 0.500E-01 0.500E-01 0.100 0.100 0.100 0.100 0.100 0.100 0.100 0.500E-01 0.500E-01 0.500E-01 0.500E-01 0.500E-01 0.300E-01 0.300E-01 0.300E-01 0.300E-01 0.300E-01 0.500E-01 0.100 0.100 0.100 0.500E-01 0.500E-01 0.500E-01 0.596E-07 0.596E-07 0.100 0.100 0.100 0.100 0.100 0.500E-01 0.500E-01 0.671E-07 0.500E-01 0.500E-01 0.500E-01 0.100 0.500E-01 0.100 0.500E-01 0.500E-01 0.100 0.100 0.500E-01 0.596E-07 0.500E-01
0.100 0.100 0.100 0.100 0.100 0.500E-01 0.596E-07 0.300E-01 0.500E-01 0.596E-07 0.100 0.500E-01 0.500E-01 0.596E-07 0.596E-07 0.100 0.100 0.500E-01 0.500E-01 0.500E-01 0.500E-01 0.671E-07 0.500E-01 0.500E-01 0.500E-01 0.500E-01 0.500E-01 0.596E-07 0.300E-01 0.300E-01 0.596E-07 0.500E-01 0.100 0.100 0.100 0.500E-01 0.500E-01 0.100 0.596E-07 0.596E-07 0.500E-01 0.100 0.100 0.100 0.100 0.100 0.596E-07 0.596E-07 0.500E-01 0.596E-07 0.596E-07 0.596E-07 0.596E-07 0.500E-01 0.100 0.100 0.100 0.100 0.100 0.100 0.100 0.500E-01
0.209E-06 0.596E-07 0.500E-01 0.500E-01 0.596E-07 -0.522E-07 0.300E-01 0.671E-07 0.596E-07 -0.522E-07 0.100 0.596E-07 0.596E-07 0.596E-07 0.596E-07 0.100 0.100 0.596E-07 0.596E-07 0.596E-07 0.300E-01 0.300E-01 0.596E-07 0.596E-07 0.300E-01 0.596E-07 0.500E-01 0.596E-07 0.596E-07 0.300E-01 0.500E-01 0.300E-01 0.100 0.100 0.100 0.100 0.100 0.100 0.500E-01 0.100 0.100 0.100 0.100 0.500E-01 0.596E-07 0.596E-07 -0.343E-06 0.596E-07 0.596E-07 0.596E-07 0.596E-07 0.447E-07 0.596E-07 0.596E-07 0.596E-07 0.596E-07 0.500E-01 0.100 0.100 0.100 0.500E-01 0.500E-01
0.596E-07 0.596E-07 0.671E-07 0.596E-07 0.596E-07 0.447E-07 0.596E-07 -0.522E-07 0.671E-07 0.300E-01 0.500E-01 0.596E-07 0.596E-07 0.596E-07 0.500E-01 0.500E-01 0.500E-01 0.500E-01 0.500E-01 0.596E-07 0.500E-01 0.500E-01 0.500E-01 0.500E-01 0.500E-01 0.596E-07 0.596E-07 0.500E-01 0.500E-01 0.300E-01 0.300E-01 0.300E-01 0.300E-01 0.500E-01 0.500E-01 0.500E-01 0.500E-01 0.300E-01 0.100 0.100 0.596E-07 0.100 0.100 0.500E-01 0.500E-01 0.596E-07 -0.238E-06 0.596E-07 0.300E-01 0.596E-07 -0.149E-06 0.596E-07 0.671E-07 0.596E-07 0.596E-07 0.500E-01 0.500E-01 0.100 0.100 0.500E-01 0.500E-01 0.100
0.596E-07 0.596E-07 0.596E-07 0.596E-07 0.596E-07 0.447E-07 0.596E-07 0.596E-07 0.300E-01 0.596E-07 0.596E-07 0.596E-07 0.596E-07 0.500E-01 0.100 0.100 0.100 0.500E-01 0.100 0.596E-07 0.500E-01 0.596E-07 0.596E-07 0.596E-07 0.596E-07 0.596E-07 0.500E-01 0.100 0.100 0.500E-01 0.300E-01 0.447E-07 0.596E-07 0.671E-07 0.671E-07 0.596E-07 0.596E-07 -0.596E-07 0.596E-07 0.671E-07 0.500E-01 0.100 0.100 0.500E-01 0.500E-01 0.500E-01 0.500E-01 0.500E-01 0.500E-01 0.300E-01 0.500E-01 0.500E-01 0.596E-07 0.447E-07 0.596E-07 0.500E-01 0.500E-01 0.100 0.500E-01 0.500E-01 0.500E-01 0.100
0.596E-07 0.596E-07 0.671E-07 0.596E-07 0.596E-07 0.447E-07 0.596E-07 0.596E-07 0.596E-07 0.596E-07 0.596E-07 0.671E-07 0.500E-01 0.100 0.100 0.100 0.100 0.500E-01 0.500E-01 0.500E-01 0.100 0.500E-01 0.596E-07 0.500E-01 0.500E-01 0.500E-01 0.100 0.100 0.100 0.500E-01 0.300E-01 -0.447E-06 -0.149E-07 0.596E-07 0.447E-07 0.500E-01 0.447E-06 -0.343E-06 0.500E-01 0.671E-07 0.500E-01 0.100 0.500E-01 0.500E-01 0.596E-07 0.500E-01 0.500E-01 0.100 0.500E-01 0.500E-01 0.500E-01 0.596E-07 0.596E-07 -0.134E-06 0.447E-07 0.596E-07 0.447E-07 -0.596E-07 0.500E-01 0.100 0.500E-01 0.500E-01
0.596E-07 0.596E-07 0.500E-01 0.596E-07 0.596E-07 0.447E-07 -0.142E-06 0.447E-07 0.596E-07 0.596E-07 0.596E-07 0.671E-07 0.500E-01 0.100 0.100 0.100 0.100 0.100 0.500E-01 0.100 0.100 0.100 0.500E-01 0.500E-01 0.596E-07 0.500E-01 0.500E-01 0.500E-01 0.500E-01 0.500E-01 0.447E-07 -0.149E-06 0.596E-07 0.500E-01 0.500E-01 0.500E-01 0.500E-01 0.500E-01 0.300E-01 0.500E-01 0.500E-01 0.500E-01 0.500E-01 0.500E-01 0.500E-01 0.500E-01 0.500E-01 0.596E-07 0.596E-07 0.500E-01 0.500E-01 0.596E-07 0.596E-07 0.596E-07 -0.373E-06 -0.134E-06 0.447E-07 0.596E-07 0.596E-07 0.500E-01 0.596E-07 0.500E-01
0.596E-07 0.596E-07 0.500E-01 0.500E-01 0.500E-01 0.500E-01 0.500E-01 0.500E-01 0.596E-07 0.596E-07 0.671E-07 0.500E-01 0.500E-01 0.100 0.100 0.100 0.100 0.100 0.100 0.100 0.100 0.100 0.209E-06 0.300E-01 0.596E-07 0.596E-07 0.500E-01 0.500E-01 0.500E-01 0.500E-01 0.447E-07 -0.194E-06 0.671E-07 0.500E-01 0.500E-01 0.596E-07 0.500E-01 0.500E-01 0.500E-01 0.100 0.100 0.100 0.100 0.100 0.100 0.500E-01 0.596E-07 0.100 0.500E-01 0.596E-07 0.500E-01 0.500E-01 0.596E-07 0.596E-07 -0.149E-06 0.596E-07 0.596E-07 0.596E-07 0.596E-07 0.500E-01 0.596E-07 0.596E-07
