share/VS_Project/swb/x64/Debug/MASS_BALANCE_07_29_1989.asc
NCOLS        340
NROWS        316
XLLCORNER     528502.530
YLLCORNER     274871.653
CELLSIZE        100.000
NODATA_VALUE    -9999.000
[rows 243 to 269 of 316, columns 124 to 185 of 340]
-0.298E-07 -0.298E-07 0.100 0.894E-07 0.500E-01 0.209E-06 0.209E-06 -0.298E-07 0.100 0.100 0.100 -0.298E-07 0.209E-06 0.209E-06 0.300E-01 0.300E-01 0.209E-06 0.119E-06 0.209E-06 -0.298E-07 -0.142E-06 0.300E-01 0.300E-01 0.500E-01 0.500E-01 0.894E-07 0.300E-01 -0.894E-07 -0.209E-06 -0.894E-07 -0.894E-07 0.209E-06 0.500E-01 0.500E-01 0.100 0.100 0.500E-01 0.500E-01 0.500E-01 0.500E-01 0.500E-01 0.500E-01 0.500E-01 0.300E-01 0.894E-07 0.500E-01 0.100 0.100 0.100 0.500E-01 0.300E-01 0.500E-01 0.500E-01 0.298E-07 0.300E-01 -0.149E-06 -0.894E-07 0.300E-01 0.300E-01 0.500E-01 0.500E-01 0.300E-01
-0.298E-07 -0.298E-07 0.500E-01 0.100 -0.894E-07 -0.298E-07 -0.149E-06 -0.298E-07 0.500E-01 0.100 0.100 -0.298E-07 0.209E-06 -0.149E-06 0.500E-01 0.300E-01 -0.298E-07 -0.298E-07 -0.238E-06 -0.119E-06 0.119E-06 0.300E-01 0.300E-01 0.300E-01 -0.894E-07 -0.298E-07 0.300E-01 0.300E-01 0.500E-01 0.300E-01 0.209E-06 0.209E-06 0.500E-01 0.500E-01 0.209E-06 0.149E-06 0.300E-01 0.300E-01 0.500E-01 0.500E-01 0.209E-06 0.500E-01 0.300E-01 0.300E-01 0.300E-01 0.500E-01 0.100 0.100 0.300E-01 0.500E-01 0.300E-01 0.298E-07 0.298E-07 0.300E-01 0.300E-01 -0.894E-07 0.209E-06 -0.268E-06 0.209E-06 0.298E-07 0.300E-01 0.300E-01
-0.298E-07 -0.298E-07 -0.298E-07 0.100 -0.298E-07 -0.149E-06 -0.894E-07 -0.149E-06 0.894E-07 0.500E-01 0.500E-01 -0.298E-07 0.209E-06 0.300E-01 0.300E-01 -0.298E-07 -0.298E-07 -0.119E-06 0.149E-06 -0.298E-07 0.216E-06 0.209E-06 -0.149E-06 -0.298E-07 -0.298E-07 -0.298E-07 0.894E-07 0.209E-06 0.209E-06 0.209E-06 0.298E-07 0.149E-06 0.209E-06 0.209E-06 0.209E-06 0.209E-06 0.209E-06 0.209E-06 0.500E-01 0.500E-01 0.209E-06 -0.149E-06 0.300E-01 0.300E-01 -0.149E-06 0.500E-01 0.500E-01 0.500E-01 0.300E-01 0.300E-01 0.300E-01 0.298E-07 0.300E-01 0.300E-01 0.500E-01 0.500E-01 0.298E-07 0.298E-07 -0.894E-07 -0.298E-07 0.300E-01 0.300E-01
0.100 0.216E-06 -0.894E-07 -0.298E-07 -0.298E-07 -0.298E-07 -0.149E-06 -0.298E-07 -0.298E-07 0.500E-01 -0.298E-07 -0.298E-07 0.209E-06 0.149E-06 -0.298E-07 -0.149E-06 0.209E-06 0.894E-07 -0.298E-07 -0.298E-07 -0.149E-06 0.894E-07 -0.298E-07 0.894E-07 0.209E-06 -0.298E-07 -0.298E-07 0.209E-06 0.298E-07 0.209E-06 0.209E-06 0.149E-06 -0.894E-07 -0.149E-06 0.209E-06 0.209E-06 0.894E-07 0.500E-01 0.500E-01 0.500E-01 0.209E-06 -0.149E-06 0.300E-01 0.300E-01 -0.894E-07 0.209E-06 0.500E-01 0.300E-01 0.300E-01 -0.894E-07 -0.894E-07 0.300E-01 0.500E-01 0.500E-01 0.300E-01 0.500E-01 0.298E-07 0.298E-07 0.298E-07 -0.894E-07 0.300E-01 0.300E-01
0.500E-01 0. -0.119E-06 0.209E-06 -0.298E-07 -0.298E-07 -0.298E-07 -0.298E-07 -0.298E-07 0.149E-06 -0.298E-07 -0.149E-06 0.894E-07 -0.298E-07 0.894E-07 0.119E-06 -0.298E-07 -0.380E-06 -0.149E-06 -0.298E-07 -0.298E-07 -0.149E-06 0.209E-06 0.300E-01 0.149E-06 -0.149E-06 -0.298E-07 0.454E-06 0.119E-06 -0.298E-07 0.500E-01 0.500E-01 0.209E-06 0. -0.894E-07 0.209E-06 0.300E-01 -0.268E-06 0.209E-06 0.209E-06 0.209E-06 0.894E-07 0.300E-01 0.209E-06 0.894E-07 0.300E-01 0.298E-07 0.300E-01 0.300E-01 -0.298E-07 0.298E-07 0.300E-01 0.300E-01 0.300E-01 0.298E-07 0.298E-07 0.298E-07 0.298E-07 0.500E-01 0.500E-01 0.300E-01 0.500E-01
-0.298E-07 -0.298E-07 -0.298E-07 -0.298E-07 -0.298E-07 -0.298E-07 -0.298E-07 -0.298E-07 -0.298E-07 -0.298E-07 -0.298E-07 -0.298E-07 0.209E-06 0.149E-06 0.149E-06 -0.298E-07 0.514E-06 -0.149E-06 0.894E-07 -0.298E-07 0.894E-07 -0.894E-07 0.209E-06 0.300E-01 0.300E-01 0.300E-01 0.300E-01 -0.894E-07 0.268E-06 0.209E-06 0.149E-06 -0.149E-06 0.209E-06 0.298E-07 0. 0.500E-01 0.300E-01 -0.149E-06 0.149E-06 0.209E-06 0.209E-06 0.300E-01 0.300E-01 0.300E-01 0.500E-01 0.300E-01 -0.209E-06 0.300E-01 0.300E-01 -0.894E-07 -0.298E-07 0.894E-07 0.149E-06 0.298E-07 0.894E-07 -0.149E-06 0.500E-01 0.500E-01 0.500E-01 0.500E-01 0.500E-01 -0.149E-06
-0.298E-07 -0.298E-07 -0.298E-07 -0.298E-07 -0.149E-06 -0.149E-06 -0.149E-06 -0.298E-07 0.100 -0.298E-07 -0.149E-06 -0.298E-07 0.500E-01 0.894E-07 0.894E-07 0.894E-07 -0.298E-07 -0.149E-06 -0.149E-06 0.894E-07 -0.499E-06 0.209E-06 0.209E-06 0.894E-07 0.894E-07 0.300E-01 0.300E-01 0.149E-06 -0.894E-07 0.209E-06 -0.149E-06 -0.268E-06 0.209E-06 0.209E-06 0.209E-06 0.500E-01 0.500E-01 0.156E-06 -0.298E-07 0.300E-01 0.209E-06 0.209E-06 0.298E-07 0.300E-01 -0.149E-06 0.149E-06 0.894E-07 0.500E-01 0.300E-01 0.300E-01 -0.298E-07 -0.209E-06 0.500E-01 0.500E-01 0.500E-01 -0.894E-07 -0.894E-07 0.209E-06 0.298E-07 0.100 0.500E-01 0.298E-07
-0.298E-07 0.149E-06 -0.440E-06 -0.298E-07 0.894E-07 0.209E-06 -0.894E-07 0.209E-06 -0.298E-07 -0.298E-07 -0.298E-07 0.209E-06 -0.894E-07 0.209E-06 0.298E-07 0.300E-01 0.300E-01 0.300E-01 -0.298E-07 -0.298E-07 0.298E-07 0.209E-06 0.209E-06 0.209E-06 -0.149E-06 0.300E-01 0.300E-01 -0.894E-07 -0.894E-07 0.209E-06 -0.142E-06 0.300E-01 0.300E-01 0.209E-06 0.209E-06 0.209E-06 0.500E-01 0.894E-07 -0.209E-06 -0.149E-06 0.209E-06 -0.894E-07 0.209E-06 0.209E-06 -0.209E-06 0.149E-06 0.300E-01 -0.894E-07 -0.268E-06 0.300E-01 -0.894E-07 0.500E-01 -0.298E-07 0.500E-01 0.500E-01 -0.894E-07 0.298E-07 0.500E-01 0.100 0.100 0.100 -0.149E-06
-0.298E-07 -0.894E-07 0.894E-07 -0.149E-06 -0.298E-07 -0.119E-06 0.268E-06 0.298E-07 -0.298E-07 -0.894E-07 -0.298E-07 -0.298E-07 -0.298E-07 0.894E-07 0.500E-01 0.209E-06 0.300E-01 -0.298E-07 -0.298E-07 -0.298E-07 0.209E-06 0.149E-06 -0.209E-06 0.268E-06 -0.209E-06 0.300E-01 0.300E-01 -0.894E-07 -0.894E-07 -0.894E-07 -0.894E-07 0.209E-06 0.209E-06 -0.149E-06 0.500E-01 0.894E-07 0.894E-07 0.209E-06 0.209E-06 0.300E-01 0.300E-01 0.300E-01 0.209E-06 0.209E-06 0.894E-07 0.500E-01 0.500E-01 0.300E-01 -0.894E-07 -0.894E-07 0.300E-01 0.298E-07 -0.149E-06 0.298E-07 0.500E-01 0.500E-01 0. 0.100 0.100 0.100 0.100 0.500E-01
-0.298E-07 0.149E-06 -0.298E-07 0.894E-07 -0.149E-06 -0.298E-07 -0.298E-07 -0.298E-07 -0.298E-07 0.894E-07 -0.149E-06 -0.298E-07 -0.298E-07 -0.499E-06 -0.119E-06 -0.894E-07 0.894E-07 -0.499E-06 -0.149E-06 -0.149E-06 0.209E-06 0.209E-06 0.209E-06 0.894E-07 -0.894E-07 0.300E-01 0.300E-01 -0.894E-07 -0.894E-07 -0.894E-07 -0.894E-07 0.298E-07 0.209E-06 0.209E-06 0.894E-07 0.209E-06 -0.894E-07 0.209E-06 0.209E-06 -0.894E-07 -0.894E-07 -0.149E-06 -0.149E-06 0.209E-06 0.298E-07 0.209E-06 -0.894E-07 0.300E-01 0.209E-06 -0.268E-06 0.894E-07 0.209E-06 0.298E-07 0.298E-07 0.298E-07 0.298E-07 0. 0.500E-01 0.100 0.100 0.500E-01 0.500E-01
-0.238E-06 -0.149E-06 -0.298E-07 0.209E-06 -0.298E-07 -0.298E-07 -0.298E-07 -0.298E-07 -0.149E-06 -0.149E-06 0.209E-06 0.894E-07 -0.298E-07 0.209E-06 0.149E-06 -0.298E-07 -0.142E-06 -0.894E-07 -0.298E-07 -0.149E-06 0.209E-06 0.209E-06 0.298E-07 0.209E-06 0.894E-07 0.894E-07 0.300E-01 -0.298E-07 -0.298E-07 -0.894E-07 0.300E-01 -0.268E-06 0.298E-07 -0.894E-07 -0.894E-07 -0.149E-06 0.894E-07 -0.894E-07 0.500E-01 0.300E-01 0.300E-01 0.300E-01 0.894E-07 0.209E-06 0.209E-06 -0.298E-07 -0.149E-06 -0.894E-07 0.149E-06 0.300E-01 0.300E-01 0.300E-01 0.300E-01 0.209E-06 0.298E-07 0.298E-07 0.298E-07 0.500E-01 0.500E-01 0.500E-01 0.500E-01 0.500E-01
-0.358E-06 -0.149E-06 -0.298E-07 -0.298E-07 -0.298E-07 -0.298E-07 -0.298E-07 0.209E-06 -0.298E-07 0.119E-06 0.149E-06 -0.149E-06 0.209E-06 0.894E-07 0.209E-06 0.500E-01 0.894E-07 -0.894E-07 -0.440E-06 -0.894E-07 0.209E-06 0.149E-06 0.209E-06 0.894E-07 0.209E-06 0.300E-01 0.300E-01 -0.894E-07 -0.298E-07 -0.298E-07 0.268E-06 -0.149E-06 0.500E-01 0.500E-01 -0.894E-07 0.500E-01 0.300E-01 0.300E-01 0.300E-01 0.300E-01 0.300E-01 0.300E-01 -0.149E-06 0.209E-06 0.209E-06 0.298E-07 -0.149E-06 -0.894E-07 -0.298E-07 -0.149E-06 -0.894E-07 -0.894E-07 0.894E-07 -0.298E-07 -0.894E-07 0.298E-07 0.298E-07 0.298E-07 0.298E-07 0.500E-01 0.500E-01 0.500E-01
0.209E-06 -0.298E-07 -0.298E-07 -0.298E-07 -0.298E-07 -0.298E-07 -0.149E-06 -0.499E-06 0.298E-07 -0.238E-06 -0.298E-07 -0.298E-07 0.209E-06 0.300E-01 -0.894E-07 0. 0.119E-06 -0.149E-06 -0.119E-06 -0.894E-07 0.500E-01 0.300E-01 0.300E-01 0.300E-01 0.300E-01 -0.894E-07 0.300E-01 0.300E-01 0.300E-01 0.298E-07 0.300E-01 0.268E-06 0.500E-01 0.500E-01 0.300E-01 0.300E-01 0.300E-01 0.300E-01 0.894E-07 0.300E-01 0.300E-01 0.300E-01 0.300E-01 0.894E-07 0.209E-06 0.209E-06 -0.149E-06 0.149E-06 -0.894E-07 -0.149E-06 0.209E-06 0.209E-06 -0.209E-06 0.298E-07 -0.894E-07 0.500E-01 0.500E-01 -0.268E-06 0.298E-07 0.500E-01 0.500E-01 0.100
-0.149E-06 -0.298E-07 -0.298E-07 -0.499E-06 -0.298E-07 -0.298E-07 -0.149E-06 0.894E-07 -0.238E-06 -0.298E-07 -0.298E-07 -0.298E-07 0.216E-06 0.894E-07 -0.894E-07 -0.894E-07 -0.894E-07 -0.298E-07 0.238E-06 -0.298E-07 0.300E-01 0.894E-07 0.300E-01 0.300E-01 0.300E-01 0.149E-06 0.300E-01 0.300E-01 0.209E-06 0.300E-01 0.300E-01 -0.298E-07 0.300E-01 0.300E-01 0.300E-01 0.300E-01 0.209E-06 0.300E-01 -0.894E-07 0.500E-01 0.300E-01 0.300E-01 0.300E-01 0.894E-07 0.209E-06 0.209E-06 0.894E-07 -0.268E-06 0.298E-07 0.298E-07 0.500E-01 0.300E-01 -0.894E-07 0.209E-06 0.298E-07 -0.894E-07 -0.894E-07 -0.894E-07 0.298E-07 0.298E-07 0.500E-01 0.500E-01
0.894E-07 0.894E-07 -0.499E-06 0.119E-06 0. -0.298E-07 -0.149E-06 -0.238E-06 -0.119E-06 0. 0. -0.298E-07 0.119E-06 0.894E-07 -0.894E-07 -0.894E-07 -0.894E-07 -0.894E-07 0.500E-01 0.500E-01 -0.298E-07 0.500E-01 0.300E-01 0.894E-07 0.500E-01 0.500E-01 -0.894E-07 0.300E-01 0.300E-01 0.300E-01 0.300E-01 0.500E-01 0.300E-01 0.300E-01 0.894E-07 0.209E-06 -0.894E-07 0.149E-06 -0.298E-07 0.300E-01 0.300E-01 0.300E-01 0.300E-01 0.298E-07 0.209E-06 0.209E-06 0.149E-06 0.298E-07 -0.298E-07 0.298E-07 0.500E-01 0.149E-06 -0.142E-06 -0.894E-07 0.298E-07 0.298E-07 -0.894E-07 -0.894E-07 -0.894E-07 -0.894E-07 0.300E-01 0.300E-01
0.894E-07 -0.149E-06 0.300E-01 0.500E-01 -0.298E-07 -0.298E-07 -0.499E-06 -0.119E-06 -0.209E-06 0.500E-01 0.500E-01 -0.298E-07 0.500E-01 0.500E-01 -0.298E-07 -0.894E-07 -0.298E-07 -0.894E-07 0. 0.500E-01 0.298E-07 0.500E-01 0.500E-01 -0.268E-06 -0.894E-07 0.300E-01 0.300E-01 0.300E-01 0.300E-01 0.300E-01 0.300E-01 0.209E-06 0.209E-06 0.298E-07 0.894E-07 -0.149E-06 0.149E-06 0.298E-07 0.298E-07 0.500E-01 0.300E-01 0.300E-01 0.300E-01 -0.298E-07 0.209E-06 0.209E-06 0.149E-06 0.894E-07 -0.298E-07 0.298E-07 0.209E-06 -0.149E-06 -0.298E-07 0.300E-01 0.298E-07 -0.894E-07 -0.894E-07 0.276E-06 -0.149E-06 0.209E-06 -0.894E-07 0.209E-06
0.209E-06 -0.440E-06 -0.298E-07 -0.440E-06 -0.298E-07 0.209E-06 -0.440E-06 0.119E-06 -0.894E-07 0.300E-01 0.298E-07 0.298E-07 0.298E-07 0.209E-06 -0.209E-06 0.969E-07 0.209E-06 -0.298E-07 -0.894E-07 0.894E-07 0.300E-01 0.209E-06 -0.894E-07 -0.201E-06 0.500E-01 0.500E-01 0.300E-01 0.500E-01 0.500E-01 0.209E-06 0.209E-06 0.298E-07 0.209E-06 0.209E-06 0.209E-06 0.149E-06 -0.209E-06 -0.894E-07 0.209E-06 0.894E-07 0.209E-06 0.149E-06 -0.894E-07 0.298E-07 -0.894E-07 0.209E-06 0.298E-07 -0.894E-07 0.298E-07 0.298E-07 0.209E-06 0.894E-07 0.298E-07 0.300E-01 -0.894E-07 0.300E-01 0.300E-01 0.209E-06 0.300E-01 0.209E-06 0.209E-06 0.894E-07
0.209E-06 -0.119E-06 0.149E-06 -0.894E-07 -0.298E-07 0.209E-06 0.969E-07 0.500E-01 -0.894E-07 -0.268E-06 0.209E-06 0.500E-01 -0.149E-06 0.149E-06 -0.894E-07 0.500E-01 0.500E-01 0.500E-01 0.300E-01 0.894E-07 -0.894E-07 -0.894E-07 -0.894E-07 -0.268E-06 0.300E-01 0.500E-01 -0.894E-07 -0.298E-07 0.500E-01 0.149E-06 0.209E-06 0.149E-06 0.894E-07 0.209E-06 0.209E-06 0.209E-06 0.209E-06 -0.149E-06 -0.298E-07 0.209E-06 0.209E-06 0.149E-06 -0.894E-07 0.298E-07 -0.894E-07 0.209E-06 0.500E-01 0.894E-07 0.209E-06 0.298E-07 0.209E-06 0.894E-07 0.894E-07 0.500E-01 0.894E-07 0.300E-01 0.300E-01 0.300E-01 0.300E-01 0.209E-06 0.209E-06 0.209E-06
0.894E-07 -0.149E-06 -0.268E-06 -0.894E-07 -0.894E-07 -0.820E-07 0.500E-01 0.500E-01 0.500E-01 0.894E-07 0.209E-06 -0.298E-07 -0.894E-07 -0.298E-07 0.500E-01 0.894E-07 -0.209E-06 0.300E-01 0.149E-06 0.156E-06 0.149E-06 -0.894E-07 -0.894E-07 0.298E-07 0.500E-01 0.500E-01 0.500E-01 0.500E-01 0.500E-01 -0.209E-06 -0.209E-06 -0.298E-07 0.149E-06 -0.894E-07 -0.894E-07 -0.894E-07 0.298E-07 -0.149E-06 0.298E-07 -0.149E-06 0.300E-01 0.300E-01 -0.149E-06 0.268E-06 0.298E-07 0.209E-06 0.500E-01 -0.894E-07 0.298E-07 0.298E-07 0.298E-07 0.209E-06 0.500E-01 0.500E-01 -0.894E-07 0.300E-01 -0.894E-07 -0.268E-06 0.300E-01 0.149E-06 0.500E-01 0.300E-01
0.100 0.500E-01 0.209E-06 -0.894E-07 0.209E-06 0.149E-06 0.500E-01 0.500E-01 0.500E-01 0.500E-01 0.500E-01 0.298E-07 0.298E-07 -0.894E-07 -0.894E-07 0.209E-06 0.209E-06 0.209E-06 0.209E-06 -0.894E-07 -0.149E-06 -0.894E-07 -0.298E-07 0.300E-01 0.500E-01 0.300E-01 0.894E-07 0.500E-01 0.500E-01 0.209E-06 -0.894E-07 -0.894E-07 -0.298E-07 0.894E-07 0.268E-06 -0.894E-07 0.149E-06 0.209E-06 -0.149E-06 -0.298E-07 0.298E-07 0.149E-06 0.209E-06 0.894E-07 0.298E-07 -0.149E-06 0.500E-01 -0.894E-07 -0.894E-07 0.298E-07 0.298E-07 0.209E-06 0.500E-01 0.500E-01 -0.142E-06 0.300E-01 0.300E-01 0.500E-01 0.300E-01 0.300E-01 0.500E-01 0.298E-07
0.500E-01 -0.894E-07 -0.894E-07 -0.894E-07 -0.894E-07 -0.298E-07 0.500E-01 0.500E-01 -0.894E-07 0.298E-07 0.298E-07 0.298E-07 0.500E-01 -0.894E-07 -0.894E-07 0.209E-06 0.894E-07 -0.268E-06 0.894E-07 0.149E-06 0.894E-07 -0.209E-06 0.894E-07 -0.894E-07 -0.149E-06 -0.298E-07 0.209E-06 0.894E-07 0.894E-07 -0.209E-06 0.209E-06 0.149E-06 0.500E-01 0.209E-06 -0.149E-06 -0.894E-07 0.894E-07 0.209E-06 -0.149E-06 -0.149E-06 0.500E-01 0.500E-01 0.209E-06 0.500E-01 0.500E-01 0.300E-01 0.500E-01 0.500E-01 0.298E-07 0.894E-07 0.894E-07 -0.894E-07 0.500E-01 0.500E-01 -0.894E-07 0.209E-06 0.209E-06 0.149E-06 0.100 0.298E-07 -0.894E-07 0.209E-06
-0.894E-07 0.149E-06 -0.894E-07 -0.298E-07 -0.894E-07 -0.894E-07 0.500E-01 0.500E-01 0.500E-01 -0.261E-06 0.156E-06 0.268E-06 -0.894E-07 0.300E-01 0.300E-01 0.298E-07 0.894E-07 0.209E-06 0.149E-06 0.500E-01 0.500E-01 0.894E-07 0.894E-07 -0.298E-07 0.268E-06 -0.894E-07 -0.149E-06 -0.298E-07 0.209E-06 0.209E-06 0.209E-06 0.298E-07 0.500E-01 0.209E-06 0.298E-07 0.149E-06 -0.268E-06 0.209E-06 0.209E-06 0.149E-06 0.149E-06 0.298E-07 0.149E-06 0.500E-01 0.298E-07 0.100 0.500E-01 0.298E-07 -0.298E-07 -0.298E-07 -0.894E-07 0.500E-01 0.100 0.100 0.500E-01 0.149E-06 0.209E-06 0.209E-06 0.500E-01 0.500E-01 0.298E-07 0.500E-01
0.969E-07 -0.894E-07 -0.894E-07 -0.894E-07 0.149E-06 -0.894E-07 0.500E-01 -0.894E-07 -0.894E-07 -0.894E-07 -0.894E-07 0.300E-01 0.300E-01 0.300E-01 0.300E-01 0.298E-07 -0.298E-07 0.298E-07 0.298E-07 0.300E-01 0.300E-01 0.500E-01 0.298E-07 0.209E-06 0.209E-06 0.209E-06 -0.268E-06 0.500E-01 0.300E-01 0.500E-01 0.298E-07 -0.894E-07 -0.894E-07 -0.894E-07 0.298E-07 0.209E-06 0.209E-06 0.209E-06 0.209E-06 0.209E-06 0.209E-06 0.209E-06 0.209E-06 0.500E-01 -0.894E-07 0.100 0.100 0.300E-01 0.300E-01 0.149E-06 0.500E-01 0.500E-01 0.100 0.500E-01 0.100 0.209E-06 0.149E-06 0.209E-06 0.500E-01 0.500E-01 -0.149E-06 0.500E-01
0.500E-01 0.500E-01 0.209E-06 -0.894E-07 0.268E-06 0.500E-01 0.500E-01 0.209E-06 0.209E-06 0.209E-06 0.209E-06 -0.894E-07 0.300E-01 0.300E-01 0.300E-01 0.298E-07 -0.894E-07 -0.894E-07 -0.894E-07 0.300E-01 -0.894E-07 -0.894E-07 0.300E-01 -0.261E-06 -0.894E-07 0.209E-06 -0.894E-07 0.209E-06 0.209E-06 0.298E-07 -0.149E-06 0.894E-07 0.894E-07 0.894E-07 0.894E-07 0.298E-07 0.298E-07 0.894E-07 -0.149E-06 0.209E-06 0.209E-06 0.209E-06 0.149E-06 0.500E-01 0.300E-01 0.500E-01 0.500E-01 0.500E-01 0.300E-01 0.300E-01 0.300E-01 0.500E-01 0.500E-01 0.298E-07 0.500E-01 0.300E-01 0.300E-01 0.298E-07 0.298E-07 0.500E-01 0.500E-01 -0.209E-06
0.500E-01 0.500E-01 0.209E-06 0.500E-01 0.500E-01 0.500E-01 0.209E-06 0.216E-06 0.298E-07 0.894E-07 0.300E-01 0.500E-01 0.300E-01 0.894E-07 0.300E-01 0.298E-07 -0.298E-07 -0.894E-07 0.209E-06 -0.894E-07 -0.894E-07 0.209E-06 0.209E-06 0.500E-01 0.500E-01 -0.894E-07 0.298E-07 0.149E-06 0.149E-06 0.298E-07 0.149E-06 0.298E-07 0.209E-06 -0.149E-06 -0.298E-07 0.298E-07 0.209E-06 0.298E-07 0.298E-07 0.500E-01 0.298E-07 0.209E-06 0.209E-06 0.298E-07 0.298E-07 0.500E-01 0.298E-07 -0.298E-07 0.500E-01 0.300E-01 0.300E-01 0.500E-01 0.300E-01 0.500E-01 0.300E-01 -0.268E-06 0.149E-06 0.500E-01 0.500E-01 0.100 0.500E-01 0.300E-01
0.500E-01 0.500E-01 0.209E-06 0.500E-01 0.500E-01 0.500E-01 -0.149E-06 -0.149E-06 0.894E-07 0.894E-07 0.300E-01 0.209E-06 0.300E-01 -0.894E-07 0.300E-01 -0.894E-07 -0.298E-07 0.894E-07 0.298E-07 0.268E-06 0.276E-06 0.209E-06 0.500E-01 0.500E-01 -0.298E-07 -0.894E-07 -0.894E-07 0.298E-07 0.209E-06 0.298E-07 0.298E-07 0.298E-07 0.209E-06 -0.894E-07 0.298E-07 0.298E-07 0.209E-06 0.298E-07 0.298E-07 0.300E-01 0.149E-06 0.298E-07 0.209E-06 0.298E-07 0.298E-07 -0.298E-07 0.894E-07 0.300E-01 0.500E-01 0.500E-01 -0.149E-06 0.300E-01 0.500E-01 0.500E-01 0.300E-01 0.300E-01 0.500E-01 0.500E-01 0.500E-01 0.500E-01 0.500E-01 0.300E-01
0.500E-01 0.500E-01 0.100 0.100 0.100 0.500E-01 0.894E-07 -0.224E-07 0.894E-07 0.209E-06 0.300E-01 0.500E-01 0.300E-01 -0.209E-06 -0.268E-06 -0.894E-07 -0.894E-07 -0.894E-07 -0.298E-07 0.149E-06 -0.298E-07 -0.894E-07 -0.894E-07 0.100 0.500E-01 0.500E-01 0.500E-01 0.500E-01 0.209E-06 0.209E-06 0.298E-07 0.298E-07 0.209E-06 -0.894E-07 0.209E-06 0.298E-07 0.298E-07 -0.149E-06 0.298E-07 0.300E-01 0.500E-01 -0.149E-06 0.298E-07 0.298E-07 0.298E-07 0.500E-01 0.500E-01 0.500E-01 0.500E-01 0.100 0.209E-06 0.300E-01 0.500E-01 0.209E-06 0.894E-07 0.300E-01 0.500E-01 0.298E-07 0.500E-01 0.500E-01 0.300E-01 0.298E-07
