share/VS_Project/swb/x64/Debug/MASS_BALANCE_07_29_1989.asc
NCOLS        340
NROWS        316
XLLCORNER     528502.530
YLLCORNER     274871.653
CELLSIZE        100.000
NODATA_VALUE    -9999.000
[rows 270 to 296 of 316, columns 248 to 309 of 340]
-0.298E-07 0.328E-06 0.300E-01 0.300E-01 0.300E-01 0.500E-01 0.500E-01 0.500E-01 0.500E-01 0.500E-01 0.500E-01 0.300E-01 0.894E-07 -0.387E-06 -0.298E-07 -0.298E-07 -0.268E-06 0.209E-06 -0.894E-07 0.298E-07 0.300E-01 -0.447E-06 0.268E-06 -0.209E-06 -0.298E-07 -0.298E-07 0.209E-06 0.894E-07 0.300E-01 0.300E-01 0.300E-01 -0.298E-07 -0.447E-06 0.209E-06 -0.894E-07 0.298E-07 -0.298E-07 -0.298E-07 -0.149E-06 0.209E-06 0.298E-07 0.298E-07 -0.298E-07 -0.298E-07 0.894E-07 0.209E-06 0.209E-06 0.209E-06 0.209E-06 0.894E-07 -0.298E-07 -0.268E-06 0.149E-06 0.298E-07 0.298E-07 0.298E-07 -0.268E-06 0.894E-07 -0.261E-06 0.300E-01 0.300E-01 0.300E-01
-0.209E-06 0.298E-07 0.300E-01 0.500E-01 0.268E-06 0.500E-01 0.300E-01 0.300E-01 0.500E-01 0.500E-01 0.500E-01 0.500E-01 0.500E-01 0.209E-06 -0.328E-06 0.298E-07 0.387E-06 0.328E-06 0.300E-01 0.300E-01 -0.447E-06 0.500E-01 -0.298E-07 -0.387E-06 0.894E-07 0.149E-06 -0.119E-06 0.268E-06 0.300E-01 0.300E-01 0.300E-01 0.387E-06 -0.298E-07 -0.149E-06 0.500E-01 -0.298E-07 -0.298E-07 0.149E-06 -0.298E-07 0.209E-06 -0.149E-06 0.209E-06 -0.298E-07 -0.298E-07 0.894E-07 0.149E-06 0.209E-06 -0.298E-07 -0.298E-07 0.298E-07 0.149E-06 0.894E-07 -0.894E-07 -0.149E-06 0.298E-07 0.298E-07 0.298E-07 0.298E-07 0.216E-06 -0.268E-06 0.300E-01 0.300E-01
-0.894E-07 -0.149E-06 -0.894E-07 -0.894E-07 0.149E-06 0.268E-06 -0.298E-07 -0.894E-07 0.209E-06 -0.298E-07 -0.298E-07 0.298E-07 0.298E-07 -0.298E-07 0.209E-06 0.209E-06 0.209E-06 0.500E-01 0.328E-06 0.500E-01 -0.894E-07 0.500E-01 0.894E-07 -0.268E-06 0.298E-07 -0.894E-07 -0.447E-06 0. 0.300E-01 0.300E-01 0. 0. -0.373E-06 -0.119E-06 0. 0.149E-06 0.298E-07 -0.298E-07 -0.149E-06 -0.894E-07 0. -0.298E-07 0.298E-07 0.298E-07 0.209E-06 0.209E-06 -0.149E-06 -0.298E-07 0.298E-07 0.209E-06 -0.298E-07 0.209E-06 -0.298E-07 -0.268E-06 0.298E-07 -0.268E-06 0.298E-07 0.300E-01 0.969E-07 0.500E-01 0.300E-01 0.300E-01
0.300E-01 0.300E-01 0.300E-01 0.300E-01 0.300E-01 -0.507E-06 -0.298E-07 0.300E-01 0.300E-01 0.300E-01 0.300E-01 0.298E-07 -0.894E-07 -0.894E-07 0.894E-07 0.209E-06 0.209E-06 0.209E-06 -0.298E-07 -0.298E-07 -0.894E-07 0.300E-01 0.298E-07 0.507E-06 -0.298E-07 -0.447E-06 0.300E-01 0.300E-01 0.300E-01 0.500E-01 0.500E-01 -0.298E-07 -0.298E-07 -0.298E-07 0.298E-07 0.894E-07 -0.298E-07 -0.298E-07 0.238E-06 -0.149E-06 -0.298E-07 -0.298E-07 0.209E-06 -0.298E-07 0.894E-07 0.209E-06 -0.298E-07 -0.298E-07 0.209E-06 0.209E-06 0.209E-06 0.209E-06 0.298E-07 0.268E-06 0.209E-06 0.149E-06 -0.209E-06 0.300E-01 0.298E-07 0.298E-07 0.300E-01 -0.298E-07
0.300E-01 0.300E-01 0.300E-01 0.300E-01 0.300E-01 0.300E-01 -0.298E-07 0.209E-06 0.300E-01 0.300E-01 0.300E-01 0.300E-01 0.298E-07 0.300E-01 0.300E-01 0.894E-07 0.507E-06 0.500E-01 -0.387E-06 0.209E-06 0.500E-01 0.500E-01 0.500E-01 -0.387E-06 0.300E-01 0.300E-01 0.300E-01 0.300E-01 0.300E-01 0.300E-01 0.300E-01 -0.298E-07 -0.507E-06 -0.298E-07 0.894E-07 0.298E-07 0.149E-06 -0.298E-07 0.894E-07 -0.298E-07 0.894E-07 -0.298E-07 -0.298E-07 -0.298E-07 -0.298E-07 -0.298E-07 0.500E-01 -0.298E-07 0.209E-06 0.149E-06 -0.149E-06 0.149E-06 -0.268E-06 -0.298E-07 -0.298E-07 -0.149E-06 0.298E-07 0.298E-07 -0.298E-07 0.894E-07 0.300E-01 0.298E-07
0.300E-01 0.300E-01 0.300E-01 0.300E-01 0.300E-01 0.300E-01 0.300E-01 0.300E-01 0.300E-01 0.300E-01 0.298E-07 0.298E-07 0.298E-07 0.298E-07 0.300E-01 0.209E-06 0.209E-06 0.500E-01 0.328E-06 0.500E-01 0.500E-01 0.100 0.209E-06 -0.268E-06 -0.298E-07 0.300E-01 0.387E-06 0.300E-01 -0.298E-07 0.268E-06 -0.298E-07 -0.298E-07 0.268E-06 0.500E-01 0.500E-01 0.298E-07 -0.119E-06 -0.298E-07 -0.298E-07 0.298E-07 0.209E-06 -0.298E-07 -0.298E-07 0.894E-07 -0.268E-06 0.500E-01 0.209E-06 0.298E-07 0.500E-01 0.209E-06 0.209E-06 -0.268E-06 0.500E-01 0.500E-01 0.500E-01 0.100 0.100 0.149E-06 -0.149E-06 0.209E-06 0.300E-01 0.300E-01
-0.298E-07 0.300E-01 0.300E-01 0.300E-01 0.300E-01 0.300E-01 0.300E-01 0.300E-01 -0.298E-07 0.300E-01 0.300E-01 0.298E-07 0.298E-07 0.298E-07 0.300E-01 -0.209E-06 0.500E-01 0.894E-07 0.500E-01 0.500E-01 0.500E-01 0.500E-01 0.500E-01 0.387E-06 0.387E-06 0.300E-01 0.300E-01 0.300E-01 -0.268E-06 0.209E-06 -0.298E-07 -0.298E-07 -0.894E-07 0.298E-07 0.300E-01 0.268E-06 -0.149E-06 0.894E-07 -0.298E-07 -0.298E-07 0.209E-06 0. -0.298E-07 0.209E-06 0.298E-07 0.500E-01 0.209E-06 0.298E-07 0.209E-06 0.298E-07 0.268E-06 -0.894E-07 0.100 0.100 0.100 0.100 0.500E-01 0.209E-06 0.298E-07 0.149E-06 0.300E-01 0.298E-07
0.300E-01 0.300E-01 -0.298E-07 0.300E-01 0.298E-07 0.298E-07 0.209E-06 -0.298E-07 0.149E-06 0.268E-06 -0.209E-06 -0.298E-07 0.300E-01 0.300E-01 0.300E-01 0.500E-01 0.500E-01 -0.387E-06 0.500E-01 0.387E-06 0.500E-01 0.500E-01 0.500E-01 0.209E-06 -0.447E-06 0.300E-01 0.300E-01 0.300E-01 0.387E-06 -0.447E-06 -0.447E-06 -0.298E-07 0.894E-07 -0.298E-07 0.300E-01 0.894E-07 0.298E-07 -0.268E-06 -0.238E-06 -0.298E-07 0.500E-01 0.500E-01 0.500E-01 0.298E-07 0.298E-07 0.298E-07 -0.149E-06 -0.298E-07 0.209E-06 0.209E-06 0.149E-06 0.500E-01 0.500E-01 0.500E-01 0.100 0.500E-01 0.209E-06 -0.298E-07 0.298E-07 0.209E-06 0.298E-07 0.300E-01
-0.298E-07 -0.894E-07 0.298E-07 0.300E-01 0.300E-01 0.894E-07 -0.894E-07 -0.268E-06 -0.894E-07 -0.894E-07 0.300E-01 0.894E-07 0.298E-07 0.300E-01 0.500E-01 0.894E-07 0.300E-01 0.300E-01 0.894E-07 -0.894E-07 0.209E-06 -0.149E-06 -0.268E-06 0.209E-06 0.500E-01 0.300E-01 0.300E-01 0.300E-01 -0.447E-06 -0.298E-07 -0.298E-07 -0.298E-07 0.894E-07 0.500E-01 0.500E-01 -0.894E-07 -0.298E-07 -0.298E-07 -0.894E-07 0.894E-07 0. 0.500E-01 0.500E-01 0.209E-06 -0.298E-07 0.894E-07 0.894E-07 0.209E-06 0.500E-01 0.500E-01 0.209E-06 0.500E-01 0.209E-06 0.149E-06 0.209E-06 0.298E-07 0.298E-07 0.209E-06 -0.298E-07 -0.298E-07 0.300E-01 0.300E-01
-0.149E-06 -0.268E-06 0.298E-07 0.268E-06 0.894E-07 -0.149E-06 -0.298E-07 0.149E-06 0.894E-07 -0.894E-07 0.894E-07 0.300E-01 0.300E-01 0.209E-06 0.500E-01 -0.298E-07 0.300E-01 0.300E-01 0.300E-01 0.300E-01 0.209E-06 0.500E-01 0.500E-01 -0.328E-06 0.500E-01 0.300E-01 0.300E-01 0.300E-01 0.300E-01 0.300E-01 0.300E-01 0.300E-01 0.500E-01 -0.447E-06 -0.447E-06 -0.894E-07 -0.149E-06 -0.149E-06 -0.298E-07 0. 0. 0. 0.298E-07 0.298E-07 -0.298E-07 -0.894E-07 0.298E-07 0.209E-06 0.209E-06 0.298E-07 0.500E-01 0.100 -0.149E-06 0.894E-07 0.209E-06 0.298E-07 -0.298E-07 -0.298E-07 -0.298E-07 0.894E-07 0.300E-01 0.300E-01
0.300E-01 0.894E-07 -0.298E-07 0.298E-07 0.209E-06 0.894E-07 -0.149E-06 0.209E-06 0.894E-07 -0.268E-06 0.268E-06 0.328E-06 -0.149E-06 0.500E-01 0.500E-01 0.300E-01 0.268E-06 0.300E-01 0.300E-01 0.300E-01 -0.447E-06 0.300E-01 0.300E-01 0.300E-01 0.500E-01 0.300E-01 0.300E-01 0.300E-01 0.300E-01 0.300E-01 0.300E-01 -0.209E-06 0.500E-01 -0.447E-06 -0.298E-07 -0.298E-07 0.298E-07 -0.149E-06 0.119E-06 0. -0.149E-06 0.298E-07 0. 0. 0. 0.298E-07 0.209E-06 -0.387E-06 0.500E-01 -0.298E-07 0.800E-01 0.100 0.500E-01 0.149E-06 -0.149E-06 0.298E-07 -0.298E-07 -0.298E-07 0.209E-06 0.209E-06 0.300E-01 0.300E-01
0.209E-06 0.298E-07 0.300E-01 -0.268E-06 0.507E-06 -0.149E-06 0.209E-06 0.300E-01 0.300E-01 0.300E-01 0.300E-01 0.300E-01 -0.894E-07 0.500E-01 0.447E-06 -0.447E-06 0.300E-01 0.300E-01 0.300E-01 0.300E-01 0.300E-01 0.300E-01 0.300E-01 0.300E-01 0.300E-01 0.300E-01 0.300E-01 0.300E-01 0.300E-01 0.300E-01 0.300E-01 0.300E-01 0.500E-01 0.300E-01 0.500E-01 0.300E-01 0.300E-01 0.300E-01 0. 0.894E-07 0.894E-07 0.500E-01 0.119E-06 0. 0.119E-06 -0.447E-06 0.894E-07 0.209E-06 0.298E-07 0.500E-01 -0.268E-06 0.100 0.209E-06 0.209E-06 0.209E-06 -0.149E-06 0.149E-06 -0.298E-07 0.209E-06 -0.268E-06 0.300E-01 0.300E-01
0.894E-07 0.300E-01 0.300E-01 -0.268E-06 0.298E-07 0.894E-07 0.300E-01 0.300E-01 -0.894E-07 0.894E-07 0.300E-01 -0.894E-07 -0.894E-07 0.500E-01 -0.447E-06 0.149E-06 0.209E-06 0.300E-01 0.300E-01 0.300E-01 0.300E-01 0.300E-01 0.300E-01 0.300E-01 0.300E-01 0.300E-01 0.300E-01 0.300E-01 0.300E-01 0.300E-01 0.300E-01 0.500E-01 0.100 0.100 0.100 0.100 0.300E-01 0.300E-01 0.300E-01 0.300E-01 0.298E-07 0.894E-07 0.894E-07 -0.298E-07 0.477E-06 0.298E-07 0.298E-07 0.298E-07 0.298E-07 0. 0.298E-07 -0.149E-06 0.209E-06 0.209E-06 0.894E-07 0.149E-06 -0.298E-07 0.298E-07 0.298E-07 0.298E-07 0.298E-07 0.298E-07
0.300E-01 0.300E-01 0.300E-01 0.300E-01 0.300E-01 0.500E-01 0.209E-06 0.300E-01 0.268E-06 0.268E-06 0.300E-01 -0.298E-07 0.149E-06 0.300E-01 0.500E-01 0.500E-01 -0.387E-06 -0.447E-06 0.300E-01 0.300E-01 0.300E-01 0.300E-01 0.300E-01 0.300E-01 0.300E-01 0.300E-01 0.300E-01 0.300E-01 0.300E-01 0.300E-01 0.300E-01 0.298E-07 0.100 0.100 0.100 0.300E-01 0.300E-01 0.300E-01 0.300E-01 0.300E-01 -0.298E-07 -0.894E-07 0.500E-01 0.300E-01 0.300E-01 0.298E-07 0.298E-07 0.500E-01 0. 0.500E-01 0.300E-01 0.300E-01 0.209E-06 0.209E-06 -0.268E-06 0.209E-06 0.298E-07 0.500E-01 0.298E-07 0.298E-07 0.298E-07 0.298E-07
0.300E-01 0.300E-01 0.300E-01 0.500E-01 0.500E-01 0.500E-01 0.268E-06 0.500E-01 0.268E-06 0.268E-06 0.300E-01 0.300E-01 0.300E-01 0.300E-01 0.300E-01 0.209E-06 0.300E-01 0.209E-06 0.268E-06 0.268E-06 0.300E-01 0.300E-01 0.300E-01 0.300E-01 0.300E-01 0.300E-01 0.300E-01 0.300E-01 0.300E-01 0.500E-01 0.500E-01 0.500E-01 0.500E-01 0.500E-01 0.500E-01 0.300E-01 0.300E-01 0.300E-01 0.300E-01 0.894E-07 -0.894E-07 -0.298E-07 -0.298E-07 0.300E-01 0.300E-01 0.300E-01 0.500E-01 0.500E-01 0.500E-01 0. 0. 0.209E-06 0.149E-06 0.209E-06 0.298E-07 0.298E-07 0.298E-07 0.298E-07 0.298E-07 0.298E-07 0.298E-07 0.298E-07
0.300E-01 0.500E-01 0.500E-01 0.500E-01 0.209E-06 0.500E-01 -0.894E-07 -0.894E-07 -0.894E-07 0.300E-01 0.300E-01 0.300E-01 0.300E-01 0.300E-01 0.300E-01 0.894E-07 0.298E-07 -0.298E-07 0.149E-06 0.209E-06 0.300E-01 0.300E-01 0.300E-01 0.300E-01 0.300E-01 0.300E-01 0.300E-01 0.300E-01 0.300E-01 0.300E-01 0.300E-01 0.300E-01 0.300E-01 0.300E-01 0.298E-07 0.300E-01 0.300E-01 0.300E-01 0.300E-01 0.298E-07 0.209E-06 -0.507E-06 0.500E-01 0.300E-01 0.300E-01 0.300E-01 0.298E-07 0.500E-01 -0.268E-06 0.298E-07 0.300E-01 0.298E-07 -0.149E-06 0.298E-07 0.500E-01 0.298E-07 0.298E-07 0.298E-07 0.298E-07 0.298E-07 0.298E-07 0.298E-07
0.500E-01 0.300E-01 0.300E-01 0.500E-01 0.209E-06 -0.894E-07 -0.894E-07 0.298E-07 0.300E-01 0.300E-01 0.300E-01 0.300E-01 0.300E-01 0.300E-01 0.298E-07 0.298E-07 0.300E-01 0.300E-01 0.500E-01 0.500E-01 0.500E-01 0.300E-01 0.300E-01 0.300E-01 0.300E-01 0.300E-01 0.300E-01 0.300E-01 0.300E-01 0.300E-01 0.300E-01 0.300E-01 0.300E-01 0.300E-01 -0.298E-07 0.300E-01 0.300E-01 0.300E-01 0.300E-01 0.300E-01 -0.268E-06 0.300E-01 0.300E-01 0.300E-01 0.300E-01 0.300E-01 0.298E-07 0.500E-01 -0.387E-06 0.298E-07 0.300E-01 0.298E-07 0.298E-07 0.500E-01 0.500E-01 0.500E-01 0.298E-07 -0.298E-07 0.149E-06 0.300E-01 0.300E-01 0.300E-01
0.894E-07 0.300E-01 0.300E-01 0.500E-01 0.300E-01 0.298E-07 0.300E-01 0.300E-01 0.300E-01 0.300E-01 0.300E-01 0.300E-01 0.300E-01 0.300E-01 -0.894E-07 0.209E-06 0.300E-01 0.500E-01 0.209E-06 -0.149E-06 0.500E-01 0.300E-01 0.300E-01 0.300E-01 0.300E-01 0.300E-01 0.300E-01 0.300E-01 0.300E-01 0.300E-01 0.300E-01 0.300E-01 0.300E-01 0.300E-01 0.300E-01 0.300E-01 0.300E-01 0.300E-01 0.300E-01 0.387E-06 0.300E-01 0.300E-01 0.500E-01 0.300E-01 0.300E-01 0.300E-01 0.268E-06 0.268E-06 0.268E-06 0.298E-07 0.300E-01 0.268E-06 0.298E-07 0.298E-07 0.298E-07 -0.298E-07 0.894E-07 0.298E-07 0.298E-07 0.268E-06 0.300E-01 0.300E-01
0.500E-01 -0.298E-07 0.300E-01 0.300E-01 0.500E-01 0.298E-07 0.500E-01 0.300E-01 0.300E-01 -0.894E-07 -0.894E-07 0.300E-01 0.300E-01 -0.894E-07 -0.894E-07 0.209E-06 0.209E-06 0.300E-01 0.298E-07 0.298E-07 0.300E-01 0.300E-01 0.300E-01 0.300E-01 0.300E-01 0.300E-01 0.300E-01 0.300E-01 0.300E-01 0.500E-01 0.300E-01 0.300E-01 0.300E-01 0.300E-01 0.300E-01 0.300E-01 0.300E-01 0.300E-01 0.300E-01 -0.149E-06 0.298E-07 0.298E-07 0.500E-01 0.300E-01 0.300E-01 0.300E-01 0.500E-01 0.268E-06 0.298E-07 0.298E-07 0.300E-01 0.894E-07 -0.268E-06 0.894E-07 0.300E-01 0.298E-07 0.298E-07 0.298E-07 0.298E-07 0.300E-01 0.300E-01 0.300E-01
0.209E-06 -0.149E-06 0.300E-01 -0.894E-07 0.500E-01 0.100 0.100 0.300E-01 0.300E-01 0.300E-01 0.300E-01 0.300E-01 0.300E-01 0.300E-01 -0.298E-07 0.894E-07 0.298E-07 -0.298E-07 0.300E-01 0.300E-01 -0.298E-07 0.300E-01 0.300E-01 0.300E-01 0.300E-01 0.300E-01 0.300E-01 0.300E-01 0.268E-06 -0.298E-07 -0.328E-06 -0.149E-06 0.300E-01 0.300E-01 0.500E-01 0.298E-07 0.298E-07 0.300E-01 0.300E-01 0.300E-01 -0.268E-06 -0.447E-06 0.500E-01 0.300E-01 0.300E-01 0.500E-01 0.500E-01 0.500E-01 0.209E-06 -0.149E-06 0.300E-01 -0.298E-07 -0.149E-06 0.300E-01 0.300E-01 -0.298E-07 0.298E-07 0.298E-07 -0.298E-07 0.300E-01 0.300E-01 0.300E-01
0.100 0.100 0.500E-01 0.500E-01 0.100 0.100 0.100 0.209E-06 0.298E-07 0.300E-01 0.300E-01 0.300E-01 0.300E-01 0.209E-06 -0.894E-07 0.209E-06 -0.149E-06 0.300E-01 -0.328E-06 -0.447E-06 0.300E-01 0.300E-01 0.300E-01 0.300E-01 0.300E-01 0.300E-01 0.300E-01 0.300E-01 0.300E-01 -0.298E-07 0.149E-06 0.268E-06 0.300E-01 0.300E-01 -0.149E-06 0.298E-07 0.298E-07 0.300E-01 0.300E-01 0.300E-01 0.500E-01 -0.298E-07 -0.507E-06 0.500E-01 -0.298E-07 0.328E-06 0.300E-01 -0.298E-07 0.209E-06 -0.209E-06 0.209E-06 -0.447E-06 -0.298E-07 0.300E-01 0.894E-07 -0.298E-07 0.298E-07 0.500E-01 0.300E-01 0.298E-07 0.298E-07 0.298E-07
0.100 0.500E-01 0.300E-01 0.500E-01 0.100 0.100 0.100 0.500E-01 -0.268E-06 0.300E-01 0.300E-01 -0.894E-07 -0.894E-07 0.209E-06 -0.894E-07 0.298E-07 0.298E-07 0.300E-01 0.328E-06 0.300E-01 0.300E-01 0.300E-01 0.300E-01 0.300E-01 0.300E-01 0.300E-01 0.300E-01 0.300E-01 0.300E-01 -0.298E-07 -0.298E-07 0.894E-07 0.300E-01 -0.894E-07 0.298E-07 0.298E-07 0.298E-07 0.300E-01 0.300E-01 -0.149E-06 -0.298E-07 -0.298E-07 -0.298E-07 0.268E-06 -0.298E-07 0.387E-06 0.500E-01 -0.298E-07 -0.298E-07 0.209E-06 0.209E-06 -0.298E-07 0.300E-01 0.500E-01 0.298E-07 0.298E-07 0.298E-07 0.209E-06 0.500E-01 0.500E-01 0.298E-07 0.500E-01
0.100 0.100 0.300E-01 0.500E-01 0.500E-01 0.100 0.100 0.209E-06 0.300E-01 0.300E-01 -0.894E-07 -0.894E-07 0.149E-06 -0.894E-07 0.298E-07 -0.894E-07 0.298E-07 0.300E-01 -0.387E-06 0.300E-01 0.300E-01 0.300E-01 0.300E-01 0.300E-01 0.300E-01 0.300E-01 0.300E-01 0.300E-01 0.300E-01 -0.268E-06 -0.298E-07 0.500E-01 -0.894E-07 0.298E-07 0.298E-07 -0.298E-07 0.894E-07 0.300E-01 -0.149E-06 0.298E-07 0.209E-06 0.298E-07 0.268E-06 -0.298E-07 -0.298E-07 0.209E-06 0.500E-01 0.500E-01 -0.298E-07 -0.298E-07 -0.298E-07 0.209E-06 0.300E-01 0.300E-01 -0.894E-07 0.298E-07 0.500E-01 -0.894E-07 0.100 0.100 0.500E-01 0.500E-01
0.100 0.100 0.500E-01 0.500E-01 0.500E-01 0.100 0.100 0.500E-01 0.300E-01 0.300E-01 -0.149E-06 0.149E-06 -0.149E-06 -0.149E-06 -0.149E-06 -0.209E-06 0.298E-07 0.268E-06 -0.328E-06 -0.209E-06 0.300E-01 0.300E-01 0.300E-01 0.300E-01 0.300E-01 0.300E-01 0.300E-01 0.300E-01 0.300E-01 0.298E-07 0.300E-01 0.300E-01 0.298E-07 0.300E-01 -0.298E-07 0.300E-01 -0.209E-06 -0.149E-06 -0.149E-06 0.500E-01 0.894E-07 -0.298E-07 0.268E-06 -0.149E-06 0.300E-01 0.300E-01 0.500E-01 0.500E-01 -0.298E-07 0.500E-01 0.149E-06 0.300E-01 0.300E-01 0.300E-01 -0.447E-06 -0.894E-07 0.500E-01 0.500E-01 0.500E-01 0.500E-01 0.100 0.300E-01
0.100 0.100 0.100 0.100 0.100 0.100 0.100 0.300E-01 0.300E-01 0.149E-06 0.300E-01 0.209E-06 0.500E-01 0.500E-01 0.300E-01 0.268E-06 0.298E-07 -0.447E-06 -0.224E-07 0.894E-07 0.300E-01 0.300E-01 0.300E-01 0.300E-01 0.300E-01 0.300E-01 0.300E-01 0.300E-01 0.300E-01 0.300E-01 0.300E-01 0.298E-07 0.298E-07 0.300E-01 -0.298E-07 -0.894E-07 0.298E-07 0.298E-07 -0.149E-06 0.500E-01 0.298E-07 -0.298E-07 -0.209E-06 -0.328E-06 0.300E-01 0.300E-01 0.298E-07 0.500E-01 -0.298E-07 0.500E-01 0.300E-01 0.300E-01 -0.209E-06 0.209E-06 0.387E-06 -0.447E-06 -0.298E-07 0.300E-01 0.300E-01 0.500E-01 0.100 0.100
0.100 0.100 0.100 0.100 0.100 0.100 0.100 -0.149E-06 0.500E-01 0.894E-07 -0.894E-07 0.894E-07 0.894E-07 0.894E-07 0.300E-01 0.300E-01 0.300E-01 0.300E-01 0.300E-01 0.500E-01 -0.209E-06 0.328E-06 0.300E-01 0.300E-01 0.300E-01 0.300E-01 0.300E-01 0.300E-01 0.300E-01 0.300E-01 0.300E-01 0.300E-01 0.149E-06 0.300E-01 -0.298E-07 0.300E-01 0.298E-07 0.298E-07 -0.447E-06 0.298E-07 0.298E-07 0.298E-07 -0.298E-07 0.500E-01 0.300E-01 -0.149E-06 -0.268E-06 0.500E-01 0.500E-01 -0.298E-07 0.298E-07 0.300E-01 -0.209E-06 -0.209E-06 -0.298E-07 0.507E-06 0.298E-07 0.268E-06 0.300E-01 0.500E-01 0.100 0.100
0.100 0.500E-01 0.500E-01 0.500E-01 0.500E-01 0.500E-01 0.500E-01 0.500E-01 0.500E-01 0.894E-07 -0.149E-06 0.500E-01 0.500E-01 0.298E-07 0.300E-01 -0.298E-07 0.298E-07 0.300E-01 0.300E-01 0.500E-01 0.500E-01 0.209E-06 0.507E-06 0.300E-01 0.300E-01 0.300E-01 0.300E-01 0.300E-01 0.300E-01 0.300E-01 0.300E-01 0.300E-01 -0.298E-07 0.300E-01 -0.894E-07 0.300E-01 0.298E-07 -0.447E-06 0.298E-07 0.298E-07 0.298E-07 0.298E-07 0.894E-07 0.500E-01 0.500E-01 0.298E-07 -0.894E-07 0.500E-01 0.298E-07 0.894E-07 0.298E-07 0.300E-01 0.300E-01 0.298E-07 0.298E-07 0.894E-07 -0.298E-07 0.268E-06 -0.268E-06 0.500E-01 0.100 0.100
