share/VS_Project/swb/x64/Debug/MASS_BALANCE_05_15_1990.asc
NCOLS        340
NROWS        316
XLLCORNER     528502.530
YLLCORNER     274871.653
CELLSIZE        100.000
NODATA_VALUE    -9999.000
[rows 116 to 144 of 316, columns 65 to 129 of 340]
0. 0.298E-06 0.417E-06 0.300E-01 0.300E-01 0.300E-01 0.119E-06 0.298E-06 0.500E-01 0.100 0.100 0.100 0.100 0.500E-01 0. 0. 0.100 0.100 0.500E-01 0.500E-01 0.500E-01 0.500E-01 -0.224E-06 0.500E-01 0. -0.179E-06 0.300E-01 0.500E-01 -0.224E-06 0. 0.300E-01 0.300E-01 0.300E-01 0.500E-01 0.100 0.500E-01 -0.112E-06 0.745E-08 -0.112E-06 -0.112E-06 0.100 0.100 0.100 0.179E-06 0.500E-01 0.500E-01 0.100 0.100 0.100 0.100 -0.522E-07 0.300E-01 0.300E-01 0.300E-01 0.300E-01 0.300E-01 -0.596E-07 0.596E-07 -0.179E-06 0.500E-01 -0.291E-06 0.179E-06 0.300E-01 0.300E-01 0.300E-01
-0.291E-06 0.186E-06 0.300E-01 0.300E-01 0.500E-01 0.500E-01 -0.596E-07 0. 0.500E-01 0.500E-01 0.500E-01 0.100 0.500E-01 0. 0. 0. -0.112E-06 0.500E-01 0.100 0.500E-01 0.500E-01 0.432E-06 -0.224E-06 0.500E-01 -0.298E-06 0.500E-01 0.500E-01 0.500E-01 0.300E-01 0.500E-01 0.500E-01 0.300E-01 0.500E-01 0.100 0.100 0.500E-01 0.500E-01 -0.112E-06 0.596E-07 0.500E-01 0.100 0.100 0.179E-06 0.671E-07 0.100 0.500E-01 0.500E-01 0.100 0.500E-01 0.300E-01 -0.522E-07 -0.261E-06 -0.291E-06 0.300E-01 0.300E-01 -0.179E-06 -0.596E-07 0.119E-06 -0.112E-06 0.500E-01 -0.291E-06 0.500E-01 0. 0. 0.300E-01
0.300E-01 0.300E-01 0.300E-01 0.500E-01 0.500E-01 -0.112E-06 0.500E-01 0.186E-06 0.500E-01 0.500E-01 0.500E-01 0.100 0.100 0.500E-01 -0.112E-06 0. 0. 0.500E-01 -0.224E-06 0.500E-01 -0.164E-06 0.432E-06 0.596E-07 0.179E-06 -0.283E-06 0.500E-01 0.500E-01 0.500E-01 0.300E-01 0.300E-01 0.300E-01 0.300E-01 0.100 0.100 0.100 0.500E-01 -0.291E-06 -0.112E-06 0.500E-01 0.100 0.500E-01 0.500E-01 0.745E-08 0.500E-01 0.500E-01 -0.291E-06 0.100 0.100 0.500E-01 0.300E-01 -0.529E-06 0.544E-06 0.127E-06 -0.261E-06 0.596E-07 0.300E-01 0.300E-01 0.300E-01 0.300E-01 0.500E-01 -0.291E-06 -0.291E-06 0.500E-01 -0.596E-07 0.300E-01
0.300E-01 -0.112E-06 0.100 0.100 0.100 0.100 0. 0.500E-01 0.100 0.100 0.100 0.425E-06 -0.112E-06 -0.410E-06 -0.410E-06 -0.112E-06 0.500E-01 0.500E-01 -0.179E-06 0.500E-01 -0.298E-06 0.179E-06 0.551E-06 0.500E-01 0.432E-06 -0.224E-06 0.432E-06 -0.224E-06 0.500E-01 0.500E-01 0.300E-01 0.300E-01 0.500E-01 0.100 0.100 -0.291E-06 -0.112E-06 -0.112E-06 0.100 0.100 0.500E-01 0.500E-01 0.100 0.500E-01 0.500E-01 0.500E-01 0.500E-01 0.500E-01 0.500E-01 -0.529E-06 0.902E-06 -0.261E-06 -0.261E-06 0. 0. 0.300E-01 0.300E-01 0.300E-01 0.300E-01 0.500E-01 -0.112E-06 -0.112E-06 0.596E-07 0.298E-06 -0.291E-06
0. 0.238E-06 0.500E-01 0.100 0.100 0.500E-01 -0.112E-06 0.500E-01 0.100 0.100 -0.112E-06 0. 0. 0. 0. 0. -0.291E-06 0.500E-01 0.745E-07 0.500E-01 -0.224E-06 0. -0.283E-06 0.500E-01 0.432E-06 0.432E-06 0. 0.194E-06 0.500E-01 0.500E-01 0.300E-01 0.300E-01 0.500E-01 0.100 0.100 -0.112E-06 -0.112E-06 0.179E-06 0.500E-01 0.100 0.500E-01 0.500E-01 -0.291E-06 -0.410E-06 0.300E-01 0.500E-01 0.500E-01 0.300E-01 0.300E-01 -0.101E-05 0.300E-01 0.300E-01 0.300E-01 0.500E-01 0.500E-01 0.300E-01 0.300E-01 0.300E-01 0.300E-01 0.300E-01 -0.112E-06 -0.112E-06 0.596E-07 0.298E-06 0.671E-07
0. 0. 0.500E-01 0.100 0.100 0.500E-01 0.500E-01 0.500E-01 0.500E-01 0. 0. 0.500E-01 0.500E-01 -0.112E-06 -0.112E-06 -0.291E-06 0. -0.224E-06 -0.112E-06 0.500E-01 0.432E-06 0.179E-06 -0.224E-06 0.500E-01 0.432E-06 0.432E-06 -0.164E-06 0.500E-01 0.417E-06 -0.298E-06 0.500E-01 0.500E-01 0.500E-01 0.100 0.100 0. 0.500E-01 0.500E-01 0.500E-01 0.100 -0.410E-06 0. -0.291E-06 0.500E-01 0.500E-01 0.100 0.100 0.100 0.300E-01 0.300E-01 0.300E-01 0.300E-01 0.300E-01 0.500E-01 0.500E-01 0.100 0.500E-01 0.300E-01 0.300E-01 0.300E-01 -0.112E-06 -0.112E-06 -0.291E-06 0.179E-06 -0.171E-06
0.100 0.500E-01 0.100 0.100 0.500E-01 0. -0.291E-06 -0.112E-06 0. 0. -0.112E-06 0.500E-01 0.100 0.500E-01 -0.112E-06 0.500E-01 -0.112E-06 -0.112E-06 -0.224E-06 -0.447E-07 -0.298E-06 -0.224E-06 -0.462E-06 0.432E-06 0.432E-06 -0.283E-06 0.432E-06 0.432E-06 -0.298E-06 0.500E-01 0.500E-01 0.500E-01 -0.112E-06 0.500E-01 0.100 0.100 0.100 0.500E-01 0. 0.500E-01 -0.291E-06 0.500E-01 -0.291E-06 0.500E-01 0.100 0.500E-01 0.500E-01 0.300E-01 0.300E-01 0.300E-01 0.300E-01 0.300E-01 0.300E-01 0.500E-01 0.100 0.100 0.100 0.500E-01 0.500E-01 0.500E-01 0.500E-01 0.596E-07 0.300E-01 -0.477E-06 -0.119E-06
0.100 0.100 0.100 0.500E-01 0. 0.500E-01 -0.291E-06 0. -0.112E-06 0.500E-01 0.500E-01 0.100 0.100 0.100 0.500E-01 0.500E-01 0.596E-07 -0.402E-06 -0.224E-06 -0.447E-07 0. 0. -0.224E-06 0.500E-01 0.432E-06 0.432E-06 -0.596E-07 -0.298E-06 0. -0.224E-06 0.300E-01 0.300E-01 -0.224E-06 -0.112E-06 0.500E-01 0.100 0.100 0.100 0.100 0.100 0.500E-01 0.500E-01 0.500E-01 0.500E-01 0.100 0.100 0.100 0.500E-01 0.300E-01 0.300E-01 0.300E-01 0.300E-01 0.300E-01 0. 0.500E-01 0.100 0.100 0.100 0.100 0.100 0.500E-01 -0.596E-07 -0.119E-06 0.500E-01 0.500E-01
0.100 0.100 0.100 -0.291E-06 0.500E-01 0.100 0. -0.291E-06 0.500E-01 0.500E-01 0.100 0.100 0.100 0.100 0.100 0.500E-01 -0.224E-06 -0.224E-06 -0.224E-06 -0.224E-06 0.432E-06 0.432E-06 0.432E-06 -0.224E-06 0.432E-06 0.298E-06 0.500E-01 0.500E-01 -0.224E-06 0.800E-01 0.500E-01 0.300E-01 -0.402E-06 0. 0. 0.100 0.100 0.100 0.100 0.100 0.100 0.100 0.100 0.100 0.500E-01 -0.112E-06 0.500E-01 -0.112E-06 0.300E-01 0.300E-01 0.300E-01 0.300E-01 0.300E-01 0.500E-01 0.500E-01 0.100 0.500E-01 -0.112E-06 -0.112E-06 -0.112E-06 -0.112E-06 -0.536E-06 0.500E-01 0.500E-01 -0.112E-06
0.100 0.100 0.100 0.100 0.100 0.500E-01 0. -0.112E-06 0.100 0.100 0.100 0.100 0.500E-01 0. -0.112E-06 -0.224E-06 -0.447E-07 0.500E-01 -0.224E-06 -0.224E-06 0.500E-01 0.596E-07 0.194E-06 0.432E-06 -0.224E-06 0.500E-01 0.500E-01 0.100 0.100 0.100 0.100 0.100 -0.164E-06 0.500E-01 0.100 0.500E-01 0.100 0.100 0.500E-01 0.500E-01 0.500E-01 0.100 0.300E-01 0. 0. 0.179E-06 0.300E-01 0.300E-01 0.300E-01 0.300E-01 0.300E-01 0.300E-01 0.300E-01 0.500E-01 0.100 0.100 0.100 -0.112E-06 -0.112E-06 0.500E-01 0.100 0.500E-01 0.500E-01 0.500E-01 0.500E-01
0.100 0.100 0.100 0.100 0.100 0. -0.112E-06 0.500E-01 0.500E-01 0.100 0.100 0.100 0.500E-01 0.119E-06 -0.112E-06 -0.224E-06 -0.447E-07 0.500E-01 0.313E-06 -0.224E-06 0. -0.298E-06 0.500E-01 0.432E-06 -0.224E-06 0.500E-01 0.100 0.100 0.500E-01 0.100 0.100 0.100 -0.596E-07 0.100 0.100 0.300E-01 0.500E-01 0.100 0.500E-01 0.300E-01 0.500E-01 0. 0.300E-01 -0.112E-06 0.300E-01 0.300E-01 0.300E-01 0.300E-01 0.300E-01 0.300E-01 0.300E-01 0.300E-01 0.300E-01 0.500E-01 0.500E-01 0.100 0.100 -0.112E-06 -0.112E-06 0.100 0.100 0.100 0.500E-01 0.500E-01 0.100
0.500E-01 0.100 0.100 0.100 0.100 -0.112E-06 0.100 -0.417E-06 -0.179E-06 0.100 0.100 0.100 0.500E-01 0.500E-01 0. 0. -0.224E-06 0.500E-01 0.500E-01 -0.224E-06 0. 0.417E-06 0.500E-01 0.500E-01 0.500E-01 0.100 0.100 0.100 -0.224E-06 0.500E-01 0.100 0.100 -0.596E-07 0.500E-01 0.100 -0.417E-06 0.300E-01 0.500E-01 -0.291E-06 0.300E-01 0.300E-01 0.300E-01 0.300E-01 0.300E-01 0.300E-01 0.300E-01 0.300E-01 0.300E-01 0.300E-01 0.300E-01 0.300E-01 0.300E-01 0.500E-01 0.500E-01 0.500E-01 0.500E-01 0.100 0.500E-01 -0.112E-06 0.100 0.100 0.500E-01 0.500E-01 0.300E-01 0.100
-0.596E-07 0. 0.500E-01 0.100 0.100 0.186E-06 0. 0.536E-06 0.500E-01 0.100 0.100 -0.112E-06 -0.112E-06 -0.112E-06 0.596E-07 0.100 -0.224E-06 0.500E-01 0.100 0.100 0. -0.536E-06 0.500E-01 0.100 0.500E-01 0.100 0.100 0.100 0.100 0.100 0.100 0.100 0. -0.596E-07 0.500E-01 0.500E-01 0.300E-01 0.300E-01 0.300E-01 0.300E-01 0.300E-01 0.300E-01 0.500E-01 0.500E-01 0.500E-01 0.500E-01 0.500E-01 0.100 0.300E-01 0.300E-01 0.300E-01 0.300E-01 0.500E-01 0.500E-01 -0.112E-06 -0.112E-06 0.100 -0.291E-06 -0.291E-06 0.500E-01 -0.112E-06 -0.291E-06 0.100 0.100 0.100
0.500E-01 0. 0.500E-01 0.100 -0.112E-06 -0.596E-07 -0.596E-07 0.500E-01 0.100 0.100 0.500E-01 -0.112E-06 0. -0.112E-06 0.500E-01 0.100 0.500E-01 0.500E-01 0.100 0.100 0.432E-06 0.500E-01 0.100 0.100 0.100 0.100 0.500E-01 0.300E-01 0.100 0.100 0.100 0.100 0.100 -0.112E-06 0.300E-01 0.500E-01 0.500E-01 0.500E-01 0.500E-01 0.500E-01 0.500E-01 0.100 0.100 0.100 0.500E-01 -0.112E-06 -0.112E-06 0. 0.300E-01 0.300E-01 0.300E-01 -0.171E-06 0.500E-01 0.500E-01 0.100 0.100 0.100 -0.522E-07 -0.112E-06 0.500E-01 -0.112E-06 -0.291E-06 0.100 0.100 0.500E-01
0.186E-06 0.119E-06 -0.112E-06 -0.112E-06 0.536E-06 0. 0.100 0.100 0.500E-01 -0.112E-06 -0.112E-06 0.100 0.500E-01 0.500E-01 0.100 0.100 0.100 0.100 0.100 0.432E-06 0.500E-01 0.417E-06 0.500E-01 0.100 0.100 0.100 0. 0.500E-01 -0.238E-06 0.500E-01 0.500E-01 0.100 0.500E-01 0.300E-01 0.300E-01 0.500E-01 0.100 0.500E-01 0.500E-01 0.500E-01 0.100 0.500E-01 -0.112E-06 -0.112E-06 0. 0.596E-07 0.596E-07 0.432E-06 -0.283E-06 -0.402E-06 -0.522E-07 -0.291E-06 0.500E-01 0.500E-01 0.100 0.100 0.100 0.500E-01 -0.112E-06 -0.291E-06 -0.112E-06 -0.291E-06 0.500E-01 0.500E-01 -0.112E-06
0.114E-05 -0.261E-06 0. -0.298E-06 0. 0.800E-01 0.100 0.500E-01 -0.112E-06 0.500E-01 0.100 0.100 0.100 0.100 0.100 0.500E-01 -0.298E-06 0.500E-01 -0.224E-06 0.500E-01 0.500E-01 0.417E-06 0.100 0.100 0.500E-01 0.432E-06 0.500E-01 0.300E-01 0.100 0.500E-01 0.500E-01 0.100 0.500E-01 -0.119E-06 -0.224E-06 0.100 0.500E-01 0. 0.425E-06 0.500E-01 0.100 -0.112E-06 0.500E-01 0.100 0.100 0.500E-01 0.300E-01 0.300E-01 0.300E-01 0.313E-06 0.300E-01 -0.291E-06 0. -0.119E-06 0. 0.100 0.500E-01 -0.112E-06 0.500E-01 0.425E-06 -0.112E-06 -0.291E-06 -0.112E-06 -0.112E-06 -0.291E-06
-0.101E-05 0.514E-06 0.179E-06 -0.596E-07 0.800E-01 0.100 0.100 0.500E-01 0.500E-01 0.100 0.100 0.100 0.100 0.100 0.500E-01 0. 0.194E-06 0.500E-01 -0.224E-06 0.500E-01 0.417E-06 0.500E-01 0.500E-01 0.100 0.500E-01 0.500E-01 0.432E-06 0.432E-06 0.100 0.100 0.100 0.100 0.500E-01 0.500E-01 0.500E-01 0.500E-01 0.500E-01 -0.112E-06 0.100 0.100 0.100 0. 0. 0. 0. 0.100 0.500E-01 0. 0.300E-01 -0.522E-06 0.300E-01 -0.522E-07 0.300E-01 0.300E-01 0.300E-01 0.500E-01 0.500E-01 0.500E-01 -0.112E-06 -0.291E-06 0.500E-01 0.100 0.500E-01 0.500E-01 0.500E-01
0.500E-01 -0.261E-06 0.119E-06 -0.112E-06 0.100 0.100 0.100 0.100 0.100 -0.298E-06 0.500E-01 0.100 0.100 0.100 0. -0.179E-06 0.500E-01 0.500E-01 0.500E-01 -0.536E-06 0.500E-01 0.500E-01 0.500E-01 0.432E-06 -0.224E-06 0.432E-06 0.500E-01 0.300E-01 0.100 -0.224E-06 -0.224E-06 -0.417E-06 0.313E-06 0.100 0.100 0.100 0.500E-01 0.500E-01 0.100 0.100 0. -0.112E-06 0.500E-01 -0.112E-06 0.500E-01 0.100 0.500E-01 0. 0.300E-01 0.745E-07 0.500E-01 0.484E-06 0.300E-01 0.500E-01 0.500E-01 0.500E-01 0.500E-01 -0.112E-06 -0.112E-06 -0.522E-07 0.100 0.100 0.100 0.100 0.100
-0.522E-07 0.425E-06 0.574E-06 -0.291E-06 0.100 0.500E-01 0.500E-01 0.500E-01 0. -0.179E-06 0.500E-01 0.500E-01 0.500E-01 0. -0.417E-06 0.432E-06 0.432E-06 0.500E-01 -0.596E-07 0.500E-01 0.500E-01 0.500E-01 0.432E-06 0.500E-01 0.500E-01 -0.417E-06 0.500E-01 -0.112E-06 0.432E-06 0. 0.298E-06 -0.238E-06 -0.447E-07 -0.224E-06 0. 0.100 0.100 0.100 -0.112E-06 0.500E-01 -0.291E-06 0. 0.100 0.100 0.100 0.500E-01 0. 0. 0.300E-01 -0.224E-06 0.400E-01 -0.283E-06 0.300E-01 0.100 0.500E-01 0.500E-01 -0.112E-06 0.500E-01 0.100 0.500E-01 0.500E-01 0.500E-01 0.100 0.100 0.100
-0.648E-06 0.127E-06 -0.767E-06 -0.291E-06 0.800E-01 0.800E-01 0.500E-01 0.119E-06 -0.596E-07 0.596E-07 -0.417E-06 -0.417E-06 0.596E-07 0.671E-07 -0.522E-07 0.305E-06 0. -0.179E-06 -0.536E-06 0.500E-01 0.500E-01 0.500E-01 0.500E-01 -0.179E-06 -0.179E-06 0.500E-01 0. -0.224E-06 0.432E-06 0.298E-06 0.432E-06 0.432E-06 -0.224E-06 0.500E-01 -0.112E-06 0.500E-01 0.100 0.500E-01 0. 0. 0. -0.291E-06 0.500E-01 0.500E-01 0.100 0.100 0.500E-01 -0.179E-06 0.300E-01 -0.402E-06 0.400E-01 0.400E-01 0.300E-01 0. -0.596E-07 0.500E-01 0.500E-01 0.500E-01 0.300E-01 0.300E-01 0.100 0.100 0.100 0.100 0.500E-01
0.425E-06 -0.261E-06 -0.261E-06 0.186E-06 0.902E-06 -0.522E-07 0.300E-01 0.300E-01 0. 0.500E-01 0.500E-01 0.500E-01 0.500E-01 0. 0. 0.500E-01 0.500E-01 0.432E-06 -0.291E-06 0.425E-06 0.596E-07 0.500E-01 -0.179E-06 0.500E-01 0.500E-01 -0.224E-06 -0.224E-06 -0.112E-06 0.432E-06 0.432E-06 -0.291E-06 0.119E-06 0.500E-01 0.500E-01 0.100 0. 0. -0.291E-06 -0.291E-06 0. -0.291E-06 -0.291E-06 0. -0.112E-06 0.100 0.100 0.100 0.300E-01 0.300E-01 0.194E-06 0.500E-01 0.492E-06 0.300E-01 0. 0.300E-01 0.300E-01 0.300E-01 0.500E-01 0.500E-01 0.500E-01 0.500E-01 0.500E-01 0.500E-01 0.100 -0.112E-06
-0.767E-06 -0.410E-06 0.663E-06 -0.410E-06 -0.261E-06 -0.261E-06 0.500E-01 0.100 0.100 0.100 0.100 0.100 0.100 0.100 0.500E-01 0.100 0.100 0.100 0.100 0.100 0.500E-01 -0.469E-06 -0.596E-07 0. 0.432E-06 0.500E-01 0.596E-07 0. 0.432E-06 0. 0.500E-01 -0.112E-06 0.500E-01 0.100 0.100 -0.291E-06 -0.291E-06 0. -0.410E-06 -0.291E-06 0.179E-06 -0.112E-06 -0.291E-06 0. 0.100 0.100 0.500E-01 0.500E-01 0.300E-01 -0.164E-06 0.500E-01 0.425E-06 -0.112E-06 0.300E-01 0.300E-01 0.500E-01 0.500E-01 0.500E-01 -0.112E-06 -0.112E-06 -0.112E-06 -0.112E-06 -0.112E-06 -0.112E-06 0.500E-01
0. -0.529E-06 -0.529E-06 0.663E-06 0.500E-01 0.500E-01 0.500E-01 0.100 0.100 0.100 0.100 0.100 0.500E-01 0.500E-01 0.100 0.100 0.100 0.500E-01 0.500E-01 0.100 0.100 0.500E-01 0. 0.500E-01 -0.596E-07 0.500E-01 0.298E-06 0.500E-01 0.500E-01 0.500E-01 -0.112E-06 -0.112E-06 0. 0.500E-01 0.500E-01 -0.112E-06 0.500E-01 -0.112E-06 0. 0.500E-01 -0.596E-07 0.100 -0.112E-06 0.100 0.100 0. -0.596E-07 -0.112E-06 0.300E-01 0.745E-07 0.462E-06 0.500E-01 -0.224E-06 0.500E-01 0.305E-06 0.300E-01 0.500E-01 0.100 -0.112E-06 -0.112E-06 0.500E-01 0.500E-01 -0.112E-06 0.500E-01 0.100
-0.596E-07 0.544E-06 0.500E-01 0.544E-06 0.425E-06 -0.171E-06 -0.112E-06 -0.112E-06 0.100 0.100 0.100 0.500E-01 0.100 0.100 0.100 0.500E-01 -0.224E-06 -0.224E-06 -0.224E-06 0. 0.100 0.100 0.100 0.179E-06 -0.224E-06 0.500E-01 -0.224E-06 -0.224E-06 0. 0.500E-01 0.100 0.500E-01 0.500E-01 -0.112E-06 -0.112E-06 0.500E-01 -0.112E-06 0.500E-01 -0.112E-06 -0.112E-06 -0.112E-06 0.100 0.100 0.100 0.300E-01 0.300E-01 0.300E-01 0.300E-01 0.300E-01 -0.164E-06 -0.164E-06 0.500E-01 0.500E-01 0.500E-01 0.500E-01 -0.171E-06 0. 0.500E-01 0.100 0.500E-01 0.100 -0.112E-06 -0.112E-06 0.100 0.100
0. -0.291E-06 -0.522E-07 0.782E-06 -0.529E-06 0.902E-06 -0.298E-06 0.596E-07 -0.112E-06 -0.112E-06 0. -0.596E-07 0.100 0.500E-01 -0.112E-06 0.500E-01 -0.164E-06 -0.224E-06 -0.522E-07 -0.224E-06 0.100 0.100 0.500E-01 0.500E-01 -0.238E-06 -0.224E-06 -0.224E-06 -0.596E-07 0. 0. -0.112E-06 -0.112E-06 -0.291E-06 0.596E-07 0.100 0.500E-01 0. 0.417E-06 0.656E-06 0. 0. 0. 0.300E-01 0.300E-01 0.300E-01 0.300E-01 0.300E-01 -0.164E-06 0. 0.300E-01 -0.164E-06 0.432E-06 -0.224E-06 0.400E-01 0.500E-01 -0.373E-06 -0.112E-06 0.500E-01 0.500E-01 0.500E-01 0.100 0.500E-01 0.500E-01 0.100 0.500E-01
0. 0. 0.425E-06 0.400E-01 0.400E-01 -0.261E-06 0.186E-06 0.782E-06 -0.596E-07 0.596E-07 -0.358E-06 -0.112E-06 0.100 0.500E-01 0.100 0.500E-01 0.745E-07 -0.112E-06 -0.164E-06 -0.447E-07 0.100 0.500E-01 0. 0.500E-01 0.100 0.100 -0.596E-07 -0.224E-06 -0.119E-06 0.745E-07 -0.112E-06 0. -0.291E-06 -0.291E-06 0.500E-01 0.500E-01 0.500E-01 0.500E-01 -0.298E-06 0.500E-01 0.500E-01 0.500E-01 0.500E-01 0.300E-01 0.300E-01 0.300E-01 0.300E-01 0. 0. -0.224E-06 0.500E-01 0.745E-07 0. 0.500E-01 0.100 0.500E-01 0.432E-06 0.500E-01 0. 0.500E-01 0.500E-01 0.500E-01 0.100 0.500E-01 -0.112E-06
0. 0. 0.671E-07 0.400E-01 -0.261E-06 0.500E-01 0.100 0.500E-01 0.305E-06 0.902E-06 0. -0.291E-06 -0.112E-06 0.500E-01 -0.283E-06 0.500E-01 0.179E-06 0.500E-01 -0.402E-06 0.500E-01 0.100 0.500E-01 0.432E-06 0.100 0.500E-01 0. 0. 0.179E-06 -0.224E-06 -0.224E-06 -0.112E-06 -0.112E-06 -0.291E-06 -0.112E-06 0. 0.500E-01 0.100 0.100 0.500E-01 0.500E-01 0.100 0.500E-01 0.500E-01 0.500E-01 0.300E-01 -0.596E-07 0.149E-07 0. -0.291E-06 0.500E-01 0.500E-01 0.500E-01 0.300E-01 0.300E-01 0.500E-01 0.300E-01 0.149E-07 0.417E-06 -0.112E-06 -0.112E-06 0.298E-06 0.300E-01 0.500E-01 0.500E-01 0.500E-01
0. 0.544E-06 -0.261E-06 0.127E-06 0.500E-01 0.100 0.100 0.100 0.100 -0.522E-07 0.186E-06 0.300E-01 0.596E-07 -0.417E-06 0.536E-06 0.500E-01 0.500E-01 0.800E-01 -0.224E-06 -0.224E-06 0.500E-01 0.432E-06 0.432E-06 0.432E-06 0. 0.745E-07 -0.224E-06 -0.224E-06 -0.224E-06 -0.224E-06 -0.522E-07 0.500E-01 -0.291E-06 0.179E-06 -0.522E-07 0.500E-01 0.100 0.500E-01 -0.112E-06 0. 0.100 0.100 0.100 0.500E-01 0.500E-01 0.500E-01 0.500E-01 -0.596E-07 0.500E-01 0.300E-01 0.500E-01 0.500E-01 0.300E-01 0.300E-01 -0.291E-06 0.300E-01 -0.402E-06 0.432E-06 0.313E-06 0.300E-01 0.300E-01 0.500E-01 0.500E-01 0.100 0.100
0.400E-01 0.603E-06 0.500E-01 0.300E-01 0.500E-01 0.100 0.100 0.500E-01 0.500E-01 0. -0.291E-06 0.186E-06 0.300E-01 -0.224E-06 0.500E-01 0.500E-01 0.500E-01 0.800E-01 -0.224E-06 -0.224E-06 0.432E-06 -0.164E-06 0.432E-06 0.432E-06 0.432E-06 0.134E-06 -0.224E-06 0.432E-06 -0.447E-07 -0.536E-06 0.500E-01 0.500E-01 0. -0.171E-06 -0.112E-06 0.365E-06 0.500E-01 0.800E-01 0. 0.100 0.500E-01 0.500E-01 0.100 0.100 0.500E-01 0. 0.500E-01 0.500E-01 0.500E-01 0.500E-01 0.745E-08 0.500E-01 0.300E-01 0.300E-01 0.500E-01 0.500E-01 0.663E-06 0.432E-06 -0.402E-06 -0.134E-06 0.300E-01 0.500E-01 0.100 0.100 0.100
