share/VS_Project/swb/x64/Debug/MASS_BALANCE_08_31_1989.asc
NCOLS        340
NROWS        316
XLLCORNER     528502.530
YLLCORNER     274871.653
CELLSIZE        100.000
NODATA_VALUE    -9999.000
[rows 54 to 80 of 316, columns 244 to 304 of 340]
-0.536E-06 -0.536E-06 -0.536E-06 -0.536E-06 0.300E-01 -0.536E-06 -0.536E-06 -0.417E-06 -0.536E-06 -0.536E-06 0.500E-01 -0.179E-06 -0.298E-06 -0.417E-06 -0.179E-06 0.500E-01 0.800E-01 0.800E-01 0.500E-01 0.300E-01 0.300E-01 0.300E-01 -0.536E-06 -0.536E-06 -0.536E-06 -0.156E-06 -0.536E-06 -0.536E-06 -0.536E-06 -0.298E-06 0.179E-06 -0.179E-06 -0.179E-06 0.300E-01 -0.775E-06 -0.596E-07 -0.596E-07 0.300E-01 -0.298E-06 0.201E-06 0.201E-06 -0.536E-06 -0.536E-06 -0.536E-06 -0.536E-06 -0.536E-06 0.300E-01 0.300E-01 0.300E-01 0.500E-01 0.417E-06 0.320E-06 0.320E-06 0.201E-06 -0.633E-06 -0.276E-06 0.320E-06 0.320E-06 -0.633E-06 -0.633E-06 -0.633E-06
-0.298E-06 -0.536E-06 -0.536E-06 -0.536E-06 -0.536E-06 -0.596E-07 0.417E-06 -0.596E-07 -0.536E-06 -0.536E-06 -0.298E-06 -0.298E-06 -0.298E-06 0.596E-07 -0.596E-07 0.500E-01 0.500E-01 0.500E-01 0.300E-01 0.300E-01 -0.596E-07 -0.298E-06 -0.536E-06 0.300E-01 0.300E-01 -0.298E-06 -0.596E-07 -0.536E-06 0.500E-01 -0.514E-06 0.300E-01 -0.536E-06 -0.536E-06 0.300E-01 0.500E-01 0.500E-01 -0.596E-07 -0.596E-07 0.656E-06 -0.596E-07 -0.596E-07 -0.536E-06 -0.536E-06 -0.156E-06 0.500E-01 -0.536E-06 0.300E-01 0.300E-01 0.300E-01 0.300E-01 0.500E-01 -0.477E-06 -0.753E-06 0.320E-06 0.678E-06 0.678E-06 0.500E-01 -0.395E-06 -0.298E-06 0.320E-06 0.320E-06
-0.536E-06 0.179E-06 -0.298E-06 -0.298E-06 -0.596E-07 0.300E-01 -0.536E-06 0.179E-06 0.179E-06 -0.596E-07 0.500E-01 -0.298E-06 0.596E-07 0.656E-06 -0.536E-06 -0.596E-07 -0.596E-07 -0.536E-06 -0.536E-06 -0.536E-06 -0.298E-06 -0.298E-06 -0.417E-06 0.300E-01 -0.596E-07 0.298E-06 -0.298E-06 0.500E-01 0.500E-01 0.500E-01 0.300E-01 0.300E-01 0.300E-01 0.300E-01 0.300E-01 0.300E-01 0.300E-01 0.300E-01 -0.536E-06 0.656E-06 0.113E-05 -0.536E-06 -0.536E-06 -0.596E-07 -0.298E-06 -0.536E-06 -0.276E-06 -0.298E-06 -0.298E-06 -0.536E-06 -0.536E-06 -0.753E-06 -0.753E-06 0.320E-06 -0.276E-06 -0.373E-07 -0.276E-06 -0.536E-06 0.300E-01 0.300E-01 0.320E-06
-0.536E-06 0.417E-06 0.179E-06 0.300E-01 0.179E-06 -0.596E-07 -0.179E-06 0.179E-06 -0.596E-07 0.500E-01 0.179E-06 0.596E-07 -0.298E-06 -0.536E-06 -0.298E-06 -0.298E-06 -0.298E-06 -0.536E-06 -0.536E-06 -0.536E-06 -0.536E-06 -0.596E-07 0.179E-06 0.300E-01 -0.156E-06 0.298E-06 0.179E-06 0.500E-01 0.500E-01 0.300E-01 0.300E-01 -0.596E-07 -0.298E-06 0.300E-01 0.300E-01 -0.536E-06 -0.536E-06 -0.536E-06 -0.536E-06 0.300E-01 0.300E-01 -0.536E-06 -0.536E-06 -0.596E-07 -0.298E-06 0.179E-06 0.179E-06 0.300E-01 0.300E-01 0.201E-06 0.179E-06 0.300E-01 -0.596E-07 -0.298E-06 -0.276E-06 -0.536E-06 -0.596E-07 -0.536E-06 0.300E-01 0.300E-01 0.500E-01
-0.596E-07 0.179E-06 -0.536E-06 -0.775E-06 -0.536E-06 0.179E-06 -0.536E-06 -0.179E-06 0.179E-06 0.179E-06 0.300E-01 -0.596E-07 0.656E-06 -0.536E-06 0.500E-01 0.596E-07 -0.276E-06 -0.156E-06 0.300E-01 0.500E-01 0.300E-01 -0.536E-06 -0.298E-06 -0.156E-06 -0.298E-06 0.417E-06 -0.276E-06 0.201E-06 0.300E-01 -0.536E-06 0.300E-01 -0.596E-07 -0.596E-07 0.300E-01 0.300E-01 -0.536E-06 -0.536E-06 -0.596E-07 0.179E-06 0.300E-01 0.300E-01 0.300E-01 0.417E-06 -0.536E-06 -0.596E-07 -0.775E-06 0.113E-05 0.300E-01 0.300E-01 0.300E-01 0.300E-01 0.300E-01 0.300E-01 0.300E-01 0.179E-06 0.300E-01 -0.536E-06 -0.536E-06 -0.536E-06 0.300E-01 0.300E-01
0.179E-06 -0.536E-06 -0.536E-06 -0.298E-06 0.179E-06 -0.536E-06 -0.298E-06 0.417E-06 0.179E-06 -0.298E-06 -0.298E-06 -0.596E-07 -0.536E-06 0.179E-06 -0.298E-06 -0.596E-07 -0.298E-06 0.417E-06 -0.298E-06 0.300E-01 -0.536E-06 0.300E-01 0.300E-01 0.179E-06 0.113E-05 0.179E-06 -0.753E-06 0.201E-06 -0.536E-06 0.179E-06 0.300E-01 0.300E-01 0.300E-01 0.300E-01 0.300E-01 -0.536E-06 -0.536E-06 -0.536E-06 -0.596E-07 -0.775E-06 0.300E-01 0.300E-01 -0.298E-06 -0.536E-06 0.179E-06 -0.775E-06 0.300E-01 0.300E-01 0.300E-01 0.300E-01 0.300E-01 0.300E-01 0.300E-01 0.300E-01 -0.536E-06 -0.536E-06 -0.536E-06 -0.536E-06 -0.596E-07 0.300E-01 0.300E-01
-0.268E-05 -0.596E-07 0.300E-01 0.300E-01 -0.536E-06 -0.536E-06 -0.596E-07 -0.536E-06 0.417E-06 0.179E-06 0.113E-05 0.179E-06 0.300E-01 0.300E-01 0.179E-06 -0.536E-06 0.417E-06 0.179E-06 0.417E-06 0.417E-06 0.300E-01 0.300E-01 0.300E-01 -0.775E-06 0.179E-06 -0.775E-06 0.113E-05 0.596E-07 0.500E-01 -0.596E-07 -0.298E-06 0.179E-06 0.300E-01 0.300E-01 0.300E-01 -0.536E-06 -0.596E-07 0.300E-01 0.300E-01 0.300E-01 0.300E-01 0.300E-01 0.596E-07 -0.536E-06 0.179E-06 0.596E-07 0.300E-01 -0.596E-07 -0.536E-06 -0.596E-07 -0.536E-06 -0.596E-07 -0.536E-06 0.300E-01 -0.536E-06 -0.536E-06 -0.536E-06 -0.596E-07 -0.775E-06 0.300E-01 0.300E-01
-0.596E-07 -0.459E-05 0.300E-01 0.300E-01 0.179E-06 -0.596E-07 -0.179E-06 0.417E-06 -0.596E-07 0.500E-01 -0.954E-06 0.113E-05 -0.596E-07 -0.536E-06 0.179E-06 -0.536E-06 -0.536E-06 -0.298E-06 0.300E-01 -0.753E-06 0.201E-06 0.300E-01 0.300E-01 -0.536E-06 -0.596E-07 -0.596E-07 0.179E-06 0.500E-01 0.500E-01 -0.536E-06 -0.536E-06 -0.536E-06 -0.596E-07 -0.298E-06 0.300E-01 -0.536E-06 0.300E-01 0.300E-01 0.300E-01 0.300E-01 0.300E-01 0.417E-06 -0.596E-07 -0.596E-07 -0.596E-07 0.500E-01 0.300E-01 -0.536E-06 -0.536E-06 -0.536E-06 -0.536E-06 -0.596E-07 -0.596E-07 -0.536E-06 0.300E-01 0.300E-01 0.300E-01 0.113E-05 0.201E-06 -0.596E-07 0.300E-01
0.417E-06 -0.775E-06 -0.298E-06 -0.298E-06 -0.298E-06 -0.596E-07 -0.298E-06 -0.298E-06 -0.596E-07 0.113E-05 0. 0.300E-01 0.300E-01 0.300E-01 -0.179E-06 -0.596E-07 -0.596E-07 -0.298E-06 0.500E-01 0.500E-01 0.500E-01 0.300E-01 0.300E-01 0.300E-01 0.300E-01 0.300E-01 0.300E-01 0.300E-01 -0.536E-06 -0.536E-06 -0.596E-07 -0.536E-06 -0.536E-06 0.500E-01 0.300E-01 0.300E-01 0.300E-01 0.300E-01 0.300E-01 0.300E-01 0.300E-01 -0.536E-06 -0.298E-06 -0.536E-06 -0.536E-06 -0.596E-07 -0.179E-06 -0.417E-06 0.417E-06 -0.298E-06 -0.298E-06 0.300E-01 -0.536E-06 0.179E-06 -0.596E-07 -0.775E-06 0.300E-01 0.300E-01 0.300E-01 -0.179E-06 0.179E-06
-0.536E-06 -0.596E-07 -0.775E-06 -0.298E-06 0.179E-06 -0.536E-06 -0.536E-06 0.417E-06 0.417E-06 0.179E-06 -0.536E-06 -0.536E-06 -0.536E-06 0.300E-01 -0.596E-07 0.300E-01 0.300E-01 -0.596E-07 -0.536E-06 -0.536E-06 -0.596E-07 0.300E-01 0.300E-01 0.300E-01 0.300E-01 0.300E-01 0.300E-01 0.179E-06 -0.596E-07 -0.596E-07 0.596E-07 -0.298E-06 -0.775E-06 0.300E-01 0.300E-01 0.300E-01 0.300E-01 0.300E-01 0.300E-01 0.179E-06 -0.536E-06 -0.536E-06 -0.536E-06 0.417E-06 -0.596E-07 -0.596E-07 0.596E-07 0.300E-01 0.300E-01 0.300E-01 0.300E-01 -0.596E-07 -0.536E-06 0.179E-06 -0.775E-06 -0.536E-06 -0.596E-07 -0.536E-06 -0.536E-06 -0.536E-06 0.179E-06
-0.179E-06 -0.536E-06 0.300E-01 -0.775E-06 0.179E-06 -0.298E-06 -0.536E-06 0.417E-06 -0.298E-06 -0.536E-06 -0.775E-06 -0.298E-06 0.179E-06 0.300E-01 -0.596E-07 0.179E-06 -0.596E-07 0.194E-06 -0.536E-06 -0.536E-06 0.417E-06 0.417E-06 0.300E-01 0.300E-01 0.500E-01 0.500E-01 0.500E-01 -0.179E-06 -0.596E-07 -0.298E-06 -0.775E-06 -0.417E-06 -0.298E-06 -0.417E-06 0.596E-07 -0.596E-07 0.300E-01 -0.536E-06 0.300E-01 0.300E-01 -0.298E-06 -0.536E-06 -0.596E-07 -0.298E-06 -0.775E-06 -0.596E-07 0.179E-06 -0.179E-06 0.300E-01 0.300E-01 0.300E-01 0.113E-05 -0.775E-06 -0.775E-06 0.179E-06 -0.536E-06 -0.536E-06 -0.536E-06 -0.596E-07 -0.775E-06 0.300E-01
0.300E-01 -0.596E-07 -0.298E-06 0.300E-01 0.417E-06 -0.536E-06 -0.536E-06 0.500E-01 -0.298E-06 0.500E-01 -0.775E-06 -0.596E-07 0.300E-01 -0.536E-06 -0.298E-06 0.300E-01 -0.298E-06 0.179E-06 -0.156E-06 -0.536E-06 -0.536E-06 0.179E-06 -0.298E-06 -0.536E-06 -0.298E-06 -0.596E-07 0.300E-01 -0.596E-07 -0.596E-07 -0.179E-06 -0.536E-06 -0.596E-07 0.300E-01 0.417E-06 0.300E-01 -0.179E-06 -0.596E-07 -0.536E-06 -0.536E-06 0.300E-01 0.300E-01 -0.536E-06 -0.298E-06 0.300E-01 -0.536E-06 -0.298E-06 -0.596E-07 -0.596E-07 0.179E-06 -0.596E-07 -0.298E-06 -0.775E-06 0.300E-01 0.300E-01 0.300E-01 0.300E-01 -0.536E-06 0.300E-01 0.300E-01 0.300E-01 0.300E-01
-0.596E-07 -0.298E-06 -0.298E-06 0.500E-01 0.417E-06 -0.536E-06 -0.536E-06 -0.536E-06 -0.596E-07 0.500E-01 -0.596E-07 -0.536E-06 0.300E-01 -0.417E-06 0.179E-06 0.300E-01 0.417E-06 0.300E-01 -0.298E-06 -0.156E-06 -0.536E-06 -0.298E-06 -0.596E-07 -0.536E-06 -0.596E-07 0.179E-06 -0.536E-06 -0.596E-07 -0.179E-06 0.298E-06 -0.536E-06 0.417E-06 -0.536E-06 -0.596E-07 -0.536E-06 -0.596E-07 -0.536E-06 -0.536E-06 -0.536E-06 -0.596E-07 -0.536E-06 -0.298E-06 -0.298E-06 0.596E-07 -0.596E-07 -0.536E-06 -0.775E-06 -0.596E-07 0.179E-06 -0.536E-06 -0.536E-06 -0.775E-06 -0.536E-06 -0.596E-07 -0.536E-06 -0.536E-06 -0.536E-06 -0.298E-06 0.179E-06 0.300E-01 0.300E-01
-0.775E-06 -0.775E-06 -0.298E-06 0.300E-01 0.500E-01 -0.298E-06 -0.536E-06 -0.298E-06 0. 0. 0. -0.536E-06 -0.536E-06 -0.298E-06 -0.298E-06 0.300E-01 -0.298E-06 -0.298E-06 0.300E-01 0.300E-01 -0.536E-06 -0.596E-07 -0.536E-06 -0.536E-06 -0.536E-06 -0.596E-07 -0.536E-06 0.179E-06 -0.536E-06 -0.596E-07 -0.536E-06 -0.298E-06 -0.596E-07 -0.596E-07 -0.536E-06 -0.536E-06 -0.536E-06 -0.536E-06 -0.536E-06 -0.536E-06 0.500E-01 0.500E-01 0.179E-06 -0.417E-06 -0.298E-06 -0.536E-06 0.179E-06 -0.775E-06 -0.775E-06 0.113E-05 -0.775E-06 -0.298E-06 0.179E-06 -0.536E-06 -0.596E-07 -0.596E-07 0.596E-07 -0.298E-06 0.300E-01 0.300E-01 -0.536E-06
-0.596E-07 -0.536E-06 0.300E-01 0.300E-01 0.100 0.100 -0.298E-06 -0.417E-06 0.500E-01 -0.119E-06 0.201E-06 -0.596E-07 0.179E-06 0.179E-06 0.300E-01 0.300E-01 -0.536E-06 0.201E-06 0.300E-01 0.300E-01 -0.156E-06 -0.179E-06 -0.298E-06 -0.298E-06 0.179E-06 -0.596E-07 -0.536E-06 -0.536E-06 -0.536E-06 -0.536E-06 -0.596E-07 0.179E-06 -0.536E-06 -0.536E-06 -0.536E-06 -0.536E-06 -0.536E-06 -0.596E-07 -0.536E-06 -0.596E-07 -0.536E-06 -0.596E-07 -0.536E-06 0.179E-06 -0.298E-06 -0.596E-07 -0.596E-07 -0.775E-06 0.300E-01 -0.536E-06 0.179E-06 0.300E-01 0.300E-01 0.300E-01 -0.417E-06 -0.536E-06 -0.596E-07 -0.298E-06 0.300E-01 0.300E-01 -0.417E-06
-0.596E-07 0.179E-06 0.500E-01 0.500E-01 0.500E-01 0.100 -0.536E-06 -0.596E-07 -0.536E-06 -0.536E-06 0.201E-06 -0.753E-06 -0.179E-06 0.417E-06 0.300E-01 0.300E-01 -0.536E-06 0.179E-06 0.300E-01 0.300E-01 -0.596E-07 -0.596E-07 -0.596E-07 -0.536E-06 -0.536E-06 -0.179E-06 -0.536E-06 -0.536E-06 -0.536E-06 -0.536E-06 -0.298E-06 -0.596E-07 0.300E-01 -0.536E-06 -0.536E-06 -0.536E-06 -0.596E-07 0.179E-06 -0.298E-06 -0.596E-07 -0.596E-07 -0.298E-06 -0.298E-06 -0.775E-06 0.300E-01 -0.775E-06 -0.775E-06 -0.596E-07 0.300E-01 -0.536E-06 -0.179E-06 0.417E-06 0.417E-06 -0.596E-07 0.179E-06 -0.536E-06 -0.298E-06 0.179E-06 0.300E-01 0.300E-01 -0.536E-06
-0.536E-06 0.179E-06 0.500E-01 -0.536E-06 -0.536E-06 0.304E-05 0.304E-05 0.304E-05 -0.536E-06 -0.775E-06 0.300E-01 -0.536E-06 0.179E-06 0.179E-06 0.300E-01 0.179E-06 0.179E-06 0.417E-06 -0.596E-07 0.300E-01 0.179E-06 -0.596E-07 -0.536E-06 -0.536E-06 -0.298E-06 -0.179E-06 0.179E-06 -0.596E-07 -0.596E-07 -0.536E-06 -0.536E-06 -0.536E-06 -0.536E-06 -0.596E-07 -0.536E-06 -0.596E-07 -0.775E-06 0.300E-01 0.300E-01 0.179E-06 -0.536E-06 0.179E-06 -0.775E-06 -0.596E-07 0.179E-06 -0.298E-06 -0.536E-06 -0.536E-06 0.596E-07 0.300E-01 0.300E-01 0.300E-01 0.300E-01 0.300E-01 -0.179E-06 -0.179E-06 -0.596E-07 0.179E-06 0.300E-01 0.300E-01 -0.536E-06
-0.536E-06 -0.536E-06 -0.536E-06 -0.596E-07 -0.298E-06 -0.596E-07 0.596E-07 0.656E-06 0.300E-01 -0.536E-06 0.300E-01 -0.536E-06 0.300E-01 0.300E-01 0.300E-01 0.300E-01 0.300E-01 0.300E-01 0.300E-01 0.300E-01 -0.179E-06 -0.179E-06 -0.536E-06 -0.536E-06 -0.536E-06 0.417E-06 0.300E-01 -0.298E-06 -0.298E-06 -0.596E-07 -0.298E-06 -0.536E-06 -0.536E-06 -0.596E-07 -0.775E-06 0.300E-01 0.417E-06 0.500E-01 0.500E-01 0.500E-01 0.500E-01 -0.775E-06 0.179E-06 -0.596E-07 -0.298E-06 0.596E-07 -0.536E-06 -0.298E-06 0.300E-01 0.179E-06 -0.179E-06 -0.298E-06 -0.395E-06 0.300E-01 -0.596E-07 -0.596E-07 -0.596E-07 -0.298E-06 0.300E-01 0.300E-01 -0.536E-06
-0.536E-06 -0.536E-06 -0.536E-06 -0.536E-06 -0.536E-06 -0.536E-06 -0.596E-07 0.300E-01 -0.298E-06 0.300E-01 0.300E-01 0.300E-01 -0.536E-06 -0.298E-06 0.300E-01 0.300E-01 0.300E-01 0.300E-01 -0.596E-07 0.300E-01 -0.179E-06 -0.298E-06 -0.536E-06 -0.536E-06 -0.596E-07 0.596E-07 0.300E-01 -0.596E-07 0.179E-06 0.300E-01 0.300E-01 0.179E-06 0.113E-05 -0.775E-06 0.300E-01 0.300E-01 -0.298E-06 0.300E-01 0.300E-01 0.179E-06 0.300E-01 0.300E-01 -0.179E-06 0.298E-06 -0.596E-07 0.300E-01 -0.536E-06 -0.298E-06 0.300E-01 -0.298E-06 -0.536E-06 0.201E-06 -0.298E-06 -0.298E-06 -0.596E-07 -0.536E-06 -0.596E-07 -0.536E-06 0.300E-01 0.300E-01 -0.536E-06
-0.596E-07 -0.536E-06 -0.536E-06 -0.596E-07 -0.536E-06 0.500E-01 -0.536E-06 -0.298E-06 0.179E-06 -0.459E-05 0.179E-06 0.300E-01 -0.536E-06 -0.536E-06 -0.298E-06 0.300E-01 0.300E-01 0.300E-01 -0.536E-06 -0.596E-07 0.298E-06 0.300E-01 -0.596E-07 -0.536E-06 -0.536E-06 -0.536E-06 0.300E-01 0.179E-06 0.300E-01 0.300E-01 0.300E-01 0.179E-06 0.300E-01 -0.179E-06 -0.298E-06 -0.596E-07 -0.298E-06 0.300E-01 -0.298E-06 -0.298E-06 0.300E-01 -0.596E-07 0.179E-06 -0.298E-06 0.596E-07 0.417E-06 0.179E-06 0.596E-07 0.300E-01 0.179E-06 -0.298E-06 -0.298E-06 -0.395E-06 -0.536E-06 -0.536E-06 -0.536E-06 -0.596E-07 -0.596E-07 -0.298E-06 0.300E-01 -0.536E-06
0.300E-01 -0.596E-07 -0.536E-06 -0.536E-06 0.179E-06 -0.536E-06 -0.536E-06 0.500E-01 0.300E-01 0.300E-01 0.300E-01 0.300E-01 0.300E-01 -0.298E-06 0.300E-01 0.179E-06 0.179E-06 0.179E-06 0. 0.596E-06 -0.536E-06 0.179E-06 0.596E-07 -0.596E-07 -0.536E-06 -0.536E-06 -0.596E-07 0.179E-06 0.300E-01 0.300E-01 -0.514E-06 0.201E-06 0.179E-06 -0.298E-06 0.179E-06 0.417E-06 -0.536E-06 -0.536E-06 0.500E-01 0.500E-01 -0.596E-07 0.300E-01 -0.596E-07 -0.596E-07 0.179E-06 0.596E-07 -0.596E-07 -0.298E-06 0.179E-06 0.300E-01 -0.596E-07 0.300E-01 0.300E-01 -0.395E-06 -0.536E-06 -0.536E-06 0.300E-01 0.300E-01 -0.536E-06 -0.596E-07 -0.536E-06
0.954E-06 0.179E-06 0.119E-06 -0.536E-06 -0.536E-06 0.179E-06 -0.536E-06 -0.536E-06 0.300E-01 -0.536E-06 0.300E-01 -0.596E-07 0.300E-01 -0.536E-06 -0.298E-06 -0.536E-06 -0.536E-06 -0.536E-06 -0.596E-07 -0.417E-06 -0.536E-06 -0.536E-06 -0.775E-06 -0.596E-07 -0.536E-06 -0.536E-06 0.417E-06 0.179E-06 0.300E-01 0.500E-01 0.500E-01 0.300E-01 0.300E-01 -0.536E-06 -0.536E-06 -0.596E-07 0.300E-01 0.300E-01 0.500E-01 0.100 -0.536E-06 -0.536E-06 -0.298E-06 0.300E-01 0.179E-06 -0.536E-06 -0.298E-06 -0.596E-07 -0.536E-06 0.300E-01 0.113E-05 0.300E-01 0.300E-01 0.417E-06 -0.156E-06 -0.536E-06 0.300E-01 -0.536E-06 -0.536E-06 -0.596E-07 0.417E-06
-0.536E-06 -0.596E-07 0.477E-06 0.477E-06 0.179E-06 -0.775E-06 -0.775E-06 -0.459E-05 0.300E-01 0.417E-06 0.300E-01 0.179E-06 0.300E-01 -0.298E-06 0.179E-06 -0.536E-06 -0.536E-06 -0.536E-06 -0.536E-06 -0.536E-06 -0.596E-07 -0.536E-06 0.179E-06 -0.596E-07 -0.536E-06 -0.536E-06 -0.298E-06 0.417E-06 0.300E-01 0.201E-06 0.500E-01 0.300E-01 0.300E-01 -0.298E-06 -0.298E-06 0.300E-01 0.300E-01 0.300E-01 0.500E-01 0.500E-01 0.179E-06 -0.298E-06 -0.298E-06 -0.417E-06 -0.596E-07 0.417E-06 -0.536E-06 -0.298E-06 -0.417E-06 0.300E-01 -0.298E-06 -0.125E-05 0.300E-01 -0.395E-06 -0.596E-07 -0.536E-06 -0.536E-06 -0.596E-07 -0.596E-07 -0.596E-07 -0.298E-06
-0.536E-06 -0.536E-06 -0.596E-07 -0.596E-07 0. -0.298E-06 -0.775E-06 0.300E-01 0.300E-01 0.179E-06 0.179E-06 0.300E-01 -0.596E-07 0.300E-01 0.300E-01 -0.298E-06 -0.298E-06 -0.596E-07 -0.536E-06 -0.536E-06 -0.596E-07 0.300E-01 0.300E-01 0.300E-01 -0.596E-07 -0.536E-06 -0.298E-06 -0.298E-06 0.300E-01 0. 0.500E-01 -0.596E-07 0.300E-01 0.300E-01 0.300E-01 -0.298E-06 -0.536E-06 -0.536E-06 0.500E-01 0.500E-01 0.300E-01 0.500E-01 0.596E-07 -0.298E-06 -0.298E-06 -0.298E-06 -0.417E-06 -0.596E-07 0.417E-06 0.300E-01 -0.596E-07 -0.298E-06 0.300E-01 0.300E-01 -0.276E-06 -0.536E-06 -0.536E-06 -0.596E-07 -0.596E-07 -0.298E-06 -0.179E-06
-0.536E-06 -0.536E-06 -0.536E-06 -0.536E-06 -0.596E-07 0.119E-06 0. 0. 0.300E-01 -0.298E-06 0.417E-06 0.300E-01 0.300E-01 -0.536E-06 0.300E-01 0.300E-01 0.300E-01 0.300E-01 0.300E-01 -0.536E-06 -0.596E-07 0.300E-01 0.300E-01 0.300E-01 0.300E-01 0.298E-06 0.596E-07 0.300E-01 0.500E-01 0.300E-01 0.500E-01 0.500E-01 0.300E-01 0.300E-01 -0.536E-06 -0.298E-06 -0.596E-07 -0.536E-06 0.500E-01 0.500E-01 0.500E-01 -0.596E-07 -0.298E-06 -0.298E-06 0.500E-01 -0.298E-06 -0.596E-07 -0.536E-06 -0.596E-07 0.300E-01 0.300E-01 0.179E-06 -0.775E-06 0.300E-01 0.500E-01 -0.536E-06 -0.395E-06 -0.596E-07 -0.775E-06 0.179E-06 0.300E-01
-0.775E-06 -0.596E-07 -0.536E-06 -0.536E-06 -0.536E-06 0.358E-06 0. 0. -0.417E-06 0.179E-06 0.179E-06 -0.298E-06 -0.596E-07 -0.596E-07 0.300E-01 0.300E-01 0.300E-01 0.300E-01 0.300E-01 -0.536E-06 -0.536E-06 -0.536E-06 -0.596E-07 0.113E-05 0.300E-01 -0.596E-07 -0.536E-06 -0.596E-07 0.300E-01 0.300E-01 0.500E-01 -0.536E-06 -0.596E-07 -0.536E-06 -0.596E-07 0.179E-06 -0.536E-06 -0.536E-06 0.417E-06 0.417E-06 -0.298E-06 -0.298E-06 -0.775E-06 -0.596E-07 0.100 0.500E-01 -0.179E-06 0.300E-01 -0.536E-06 -0.596E-07 0.300E-01 0.300E-01 0.300E-01 0.300E-01 -0.395E-06 -0.373E-07 -0.156E-06 -0.596E-07 -0.775E-06 -0.596E-07 -0.536E-06
0.300E-01 0.179E-06 0.300E-01 -0.298E-06 -0.596E-07 0.358E-06 0. 0. 0.300E-01 -0.298E-06 -0.298E-06 0.179E-06 -0.536E-06 -0.536E-06 -0.536E-06 -0.536E-06 -0.536E-06 -0.536E-06 -0.596E-07 -0.536E-06 0.500E-01 -0.536E-06 -0.536E-06 0.300E-01 -0.775E-06 -0.596E-07 -0.536E-06 0.417E-06 0.500E-01 0.300E-01 0.500E-01 -0.536E-06 -0.596E-07 -0.536E-06 0.179E-06 -0.596E-07 -0.536E-06 -0.536E-06 -0.596E-07 -0.536E-06 -0.596E-07 -0.536E-06 0.300E-01 -0.536E-06 0.500E-01 -0.596E-07 -0.596E-07 -0.298E-06 -0.417E-06 -0.179E-06 0.300E-01 0.300E-01 0.300E-01 0.300E-01 -0.536E-06 -0.298E-06 -0.536E-06 -0.775E-06 -0.536E-06 -0.536E-06 -0.536E-06
