share/VS_Project/swb/x64/Debug/MASS_BALANCE_07_19_1990.asc
NCOLS        340
NROWS        316
XLLCORNER     528502.530
YLLCORNER     274871.653
CELLSIZE        100.000
NODATA_VALUE    -9999.000
[rows 108 to 134 of 316, columns 0 to 61 of 340]
0.500E-01 0.100 0.500E-01 0.894E-07 0.894E-07 0.894E-07 0.156E-06 0.156E-06 0.894E-07 0.500E-01 0.500E-01 0.216E-06 0.100 0.216E-06 -0.894E-07 -0.149E-06 0.894E-07 0.149E-06 0.894E-07 -0.298E-07 0.300E-01 0.500E-01 0.500E-01 0.500E-01 0.300E-01 0.500E-01 0.100 0.894E-07 -0.894E-07 0.500E-01 0.100 0.100 0.100 0.100 0.100 0.100 0.100 0.300E-01 0.300E-01 0.300E-01 0.300E-01 0.894E-07 0.156E-06 0.156E-06 0.268E-06 0.500E-01 -0.149E-06 0.894E-07 0.100 0.216E-06 0.894E-07 -0.894E-07 0.500E-01 0.894E-07 -0.149E-06 0.894E-07 0.894E-07 0.300E-01 0.500E-01 0.500E-01 0.500E-01 0.100
0.500E-01 0.100 0.500E-01 0.894E-07 0.300E-01 0.894E-07 0.500E-01 -0.209E-06 0.894E-07 -0.149E-06 0.100 0.100 0.894E-07 -0.149E-06 -0.268E-06 0.216E-06 -0.149E-06 0.894E-07 -0.298E-07 0.300E-01 0.100 0.100 0.500E-01 0.894E-07 0.500E-01 0.500E-01 0.100 0.894E-07 0.894E-07 0.500E-01 0.100 0.500E-01 0.500E-01 0.100 0.100 0.100 0.100 0.300E-01 0.300E-01 0.300E-01 0.894E-07 0.268E-06 0.894E-07 0.894E-07 0.216E-06 0.894E-07 0.894E-07 -0.298E-07 0.500E-01 0.894E-07 -0.149E-06 0.894E-07 -0.149E-06 0.894E-07 -0.149E-06 0.894E-07 0.298E-07 0.300E-01 0.500E-01 0.500E-01 0.100 0.500E-01
0.500E-01 0.100 0.100 0.500E-01 0.894E-07 0.894E-07 0.894E-07 0.894E-07 0.894E-07 0.894E-07 0.894E-07 0.894E-07 -0.268E-06 0.500E-01 0.500E-01 0.100 0.100 0.894E-07 0.300E-01 0.500E-01 0.100 0.100 0.500E-01 -0.894E-07 0.500E-01 0.100 0.500E-01 -0.894E-07 0.100 0.100 0.500E-01 0.500E-01 0.500E-01 0.100 0.100 0.156E-06 0.156E-06 0.300E-01 0.300E-01 0.268E-06 0.149E-06 0.894E-07 0.149E-06 0.500E-01 0.209E-06 0.894E-07 -0.387E-06 -0.387E-06 0.500E-01 0.894E-07 0.894E-07 0.894E-07 -0.149E-06 0.894E-07 0.209E-06 0.300E-01 0.300E-01 0.500E-01 0.500E-01 0.100 0.500E-01 0.500E-01
0.500E-01 0.100 0.100 0.500E-01 0.500E-01 0.500E-01 0.894E-07 0.894E-07 0.500E-01 0.100 0.300E-01 0.149E-06 -0.298E-07 0.100 0.100 0.100 0.100 0.894E-07 -0.820E-07 0.100 0.100 0.100 0.500E-01 -0.298E-07 0.500E-01 0.100 0.500E-01 0.500E-01 0.100 0.100 0.100 0.500E-01 -0.894E-07 0.894E-07 0.216E-06 0.894E-07 -0.894E-07 0.300E-01 0.894E-07 0.268E-06 -0.149E-06 0.300E-01 0.300E-01 0.300E-01 0.894E-07 0.156E-06 0.328E-06 -0.447E-06 -0.149E-06 0.500E-01 0.268E-06 0.300E-01 0.300E-01 0.300E-01 0.300E-01 0.300E-01 0.300E-01 0.500E-01 0.500E-01 0.500E-01 0.894E-07 0.100
0.894E-07 0.156E-06 0.500E-01 0.300E-01 0.500E-01 0.300E-01 0.500E-01 0.500E-01 0.500E-01 0.500E-01 0.300E-01 0.300E-01 0.500E-01 0.100 0.100 0.100 0.500E-01 0.894E-07 0.373E-07 0.100 0.100 0.100 0.500E-01 0.300E-01 0.100 0.500E-01 0.500E-01 0.500E-01 0.100 0.100 0.100 0.500E-01 0.894E-07 0.894E-07 0.894E-07 -0.149E-06 0.894E-07 -0.298E-07 0.894E-07 0.149E-06 0.894E-07 0.300E-01 0.300E-01 0.300E-01 0.268E-06 0.268E-06 -0.328E-06 -0.149E-06 0.894E-07 0.894E-07 0.894E-07 0.300E-01 0.300E-01 0.300E-01 0.300E-01 0.500E-01 0.500E-01 0.100 0.500E-01 0.894E-07 0.500E-01 0.100
0.894E-07 0.894E-07 0.300E-01 0.300E-01 0.894E-07 0.156E-06 0.100 0.100 0.500E-01 0.894E-07 0.500E-01 0.500E-01 0.100 0.100 0.100 0.500E-01 -0.298E-07 -0.894E-07 0.216E-06 0.100 0.100 0.100 0.100 0.500E-01 0.100 0.100 0.100 0.100 0.100 0.100 0.100 0.100 0.100 0.100 0.300E-01 0.373E-07 -0.142E-06 0.500E-01 0.500E-01 -0.894E-07 0.300E-01 0.894E-07 -0.298E-07 0.300E-01 0.300E-01 0.300E-01 -0.328E-06 0.298E-07 -0.507E-06 -0.894E-07 -0.894E-07 0.894E-07 0.149E-06 0.300E-01 0.216E-06 0.216E-06 0.216E-06 0.100 0.100 0.894E-07 0.216E-06 0.100
0.500E-01 0.894E-07 0.894E-07 0.894E-07 0.894E-07 0.500E-01 0.100 0.100 0.500E-01 0.500E-01 0.500E-01 0.500E-01 0.100 0.100 0.500E-01 -0.142E-06 0.500E-01 0.500E-01 0.216E-06 0.100 0.100 0.500E-01 0.100 0.100 0.100 0.100 0.100 0.100 0.100 0.100 0.100 0.100 0.100 0.500E-01 0.300E-01 -0.149E-06 0.268E-06 0.300E-01 0.300E-01 0.300E-01 0.300E-01 0.300E-01 0.300E-01 0.300E-01 0.300E-01 0.300E-01 -0.268E-06 0.447E-06 0.507E-06 0.149E-06 0.156E-06 0.328E-06 0.894E-07 0.894E-07 -0.149E-06 -0.149E-06 0.500E-01 0.100 0.894E-07 0.894E-07 0.216E-06 -0.149E-06
0.500E-01 0.500E-01 0.894E-07 0.894E-07 0.894E-07 0.156E-06 0.100 0.100 0.100 0.100 0.500E-01 0.500E-01 0.500E-01 0.100 -0.894E-07 0.500E-01 0.100 0.500E-01 -0.894E-07 0.500E-01 0.100 0.500E-01 0.300E-01 0.100 0.100 0.100 0.100 0.500E-01 0.500E-01 0.500E-01 0.100 0.100 0.500E-01 -0.142E-06 -0.224E-07 0.894E-07 0.894E-07 0.300E-01 0.300E-01 0.300E-01 0.300E-01 0.300E-01 0.300E-01 0.300E-01 0.300E-01 0.300E-01 0.300E-01 0.328E-06 0.894E-07 0.894E-07 0.894E-07 0.149E-06 0.387E-06 0.149E-06 -0.894E-07 0.216E-06 0.100 0.100 0.500E-01 0.500E-01 0.100 0.894E-07
0.894E-07 0.500E-01 0.894E-07 0.894E-07 0.894E-07 0.894E-07 0.100 0.100 0.500E-01 0.894E-07 0.894E-07 0.894E-07 0.216E-06 0.500E-01 0.500E-01 0.100 0.100 0.500E-01 0.500E-01 0.894E-07 0.100 0.500E-01 0.500E-01 0.100 0.500E-01 0.300E-01 0.300E-01 0.300E-01 0.300E-01 0.300E-01 0.300E-01 0.894E-07 0.894E-07 0.894E-07 0.156E-06 0.500E-01 0.894E-07 0.300E-01 0.300E-01 0.300E-01 0.500E-01 0.100 0.500E-01 0.300E-01 0.300E-01 0.500E-01 0.500E-01 0.894E-07 0.894E-07 0.500E-01 0.500E-01 0.500E-01 -0.142E-06 -0.209E-06 -0.507E-06 0.298E-07 0.300E-01 0.100 0.100 0.100 0.500E-01 -0.894E-07
0.894E-07 0.894E-07 0.894E-07 0.894E-07 0.894E-07 0.894E-07 0.100 0.100 0.500E-01 0.894E-07 0.894E-07 0.894E-07 0.216E-06 0.100 0.100 0.500E-01 0.500E-01 0.100 0.100 0.100 0.500E-01 0.500E-01 0.500E-01 0.500E-01 -0.894E-07 -0.894E-07 0.894E-07 0.300E-01 0.300E-01 0.300E-01 0.300E-01 0.300E-01 0.300E-01 0.300E-01 0.300E-01 0.300E-01 0.300E-01 0.300E-01 0.300E-01 0.500E-01 0.500E-01 0.100 0.500E-01 0.300E-01 0.300E-01 0.100 0.500E-01 0.500E-01 0.894E-07 0.894E-07 0.300E-01 0.300E-01 0.300E-01 0.300E-01 0.328E-06 0.300E-01 0.216E-06 0.500E-01 0.500E-01 0.500E-01 0.894E-07 0.894E-07
0.894E-07 0.894E-07 0.894E-07 0.894E-07 0.894E-07 0.500E-01 0.500E-01 0.500E-01 0.100 0.100 0.894E-07 0.894E-07 0.500E-01 0.100 0.500E-01 0.894E-07 0.894E-07 0.500E-01 0.500E-01 0.100 0.500E-01 0.894E-07 0.216E-06 0.298E-07 0.500E-01 0.500E-01 0.100 0.500E-01 0.300E-01 0.300E-01 0.300E-01 0.300E-01 0.300E-01 0.300E-01 0.300E-01 0.300E-01 0.500E-01 0.300E-01 0.500E-01 0.300E-01 0.500E-01 0.100 0.100 0.894E-07 0.500E-01 0.500E-01 0.216E-06 -0.149E-06 -0.298E-07 0.298E-07 0.300E-01 0.300E-01 0.300E-01 0.300E-01 0.300E-01 0.500E-01 0.156E-06 -0.894E-07 0.894E-07 -0.894E-07 0.894E-07 0.300E-01
0.894E-07 0.894E-07 0.894E-07 0.894E-07 0.894E-07 0.500E-01 0.894E-07 0.894E-07 0.500E-01 0.894E-07 0.894E-07 0.894E-07 0.500E-01 0.894E-07 0.894E-07 -0.149E-06 -0.149E-06 0.894E-07 0.500E-01 0.500E-01 0.500E-01 0.894E-07 0.100 0.100 0.100 0.100 0.100 0.100 0.894E-07 0.500E-01 0.300E-01 0.300E-01 0.300E-01 0.300E-01 0.300E-01 0.300E-01 0.300E-01 0.500E-01 0.500E-01 0.500E-01 0.500E-01 0.100 0.100 0.100 0.100 0.500E-01 0.156E-06 0.300E-01 0.300E-01 0.298E-07 0.300E-01 0.300E-01 0.300E-01 0.300E-01 0.500E-01 0.300E-01 0.300E-01 0.300E-01 0.300E-01 0.300E-01 0.500E-01 0.300E-01
0.894E-07 0.894E-07 0.894E-07 0.894E-07 0.500E-01 0.500E-01 0.894E-07 0.894E-07 0.500E-01 0.100 0.894E-07 0.894E-07 0.894E-07 0.894E-07 0.894E-07 0.894E-07 0.500E-01 0.894E-07 0.894E-07 0.894E-07 0.500E-01 0.894E-07 0.894E-07 0.894E-07 0.500E-01 0.100 0.100 0.500E-01 0.894E-07 0.894E-07 0.300E-01 0.300E-01 0.300E-01 0.300E-01 0.300E-01 0.300E-01 0.300E-01 0.500E-01 0.500E-01 0.100 0.100 0.100 0.100 0.100 0.100 0.300E-01 0.300E-01 0.300E-01 0.300E-01 0.300E-01 0.300E-01 0.300E-01 0.300E-01 0.300E-01 0.149E-06 0.298E-07 0.300E-01 0.300E-01 0.300E-01 0.300E-01 0.500E-01 0.500E-01
0.894E-07 0.500E-01 0.500E-01 0.500E-01 0.500E-01 0.500E-01 0.500E-01 0.500E-01 0.500E-01 0.894E-07 0.894E-07 0.894E-07 0.894E-07 0.100 0.100 0.500E-01 0.894E-07 0.500E-01 0.100 0.500E-01 0.100 0.500E-01 0.500E-01 0.500E-01 0.100 0.100 0.100 0.500E-01 0.300E-01 0.300E-01 0.300E-01 0.300E-01 0.300E-01 0.300E-01 0.300E-01 0.156E-06 0.300E-01 0.500E-01 0.100 0.100 0.100 0.100 0.100 0.100 0.100 0.300E-01 0.300E-01 0.300E-01 0.300E-01 0.300E-01 0.300E-01 0.300E-01 0.300E-01 0.400E-01 0.216E-06 0.300E-01 0.300E-01 0.300E-01 0.300E-01 0.500E-01 0.100 0.500E-01
0.894E-07 0.500E-01 0.500E-01 0.894E-07 0.500E-01 0.894E-07 0.500E-01 0.100 0.894E-07 0.894E-07 0.894E-07 0.894E-07 0.500E-01 0.100 0.100 0.100 0.500E-01 0.894E-07 0.100 0.500E-01 0.894E-07 0.894E-07 -0.149E-06 0.100 0.894E-07 0.500E-01 0.100 0.100 0.500E-01 0.500E-01 0.500E-01 0.300E-01 0.300E-01 0.300E-01 0.500E-01 -0.894E-07 0.300E-01 -0.261E-06 0.216E-06 0.100 0.100 0.100 0.100 0.100 0.100 0.500E-01 0.300E-01 0.300E-01 0.894E-07 0.500E-01 0.500E-01 0.500E-01 0.300E-01 0.300E-01 0.894E-07 0.894E-07 -0.142E-06 0.300E-01 0.300E-01 0.300E-01 0.216E-06 0.100
0.894E-07 0.100 0.100 0.894E-07 0.500E-01 0.894E-07 0.500E-01 0.100 0.894E-07 0.894E-07 0.500E-01 0.894E-07 0.100 0.100 0.100 0.100 0.100 0.100 0.100 0.500E-01 0.500E-01 0.500E-01 -0.894E-07 0.894E-07 0.894E-07 0.500E-01 0.100 0.100 0.100 0.500E-01 0.500E-01 0.300E-01 0.300E-01 0.149E-06 -0.224E-07 0.268E-06 0.300E-01 0.894E-07 0.894E-07 0.500E-01 0.500E-01 0.894E-07 0.894E-07 0.100 0.100 0.894E-07 0.500E-01 0.894E-07 0.894E-07 0.100 0.500E-01 0.300E-01 0.298E-07 0.300E-01 -0.328E-06 0.894E-07 0.500E-01 0.400E-01 0.400E-01 0.300E-01 0.300E-01 0.500E-01
0.500E-01 0.500E-01 0.894E-07 0.894E-07 0.500E-01 0.500E-01 0.100 0.500E-01 0.894E-07 0.500E-01 0.100 0.100 0.100 0.100 0.100 0.100 0.500E-01 0.100 0.500E-01 0.500E-01 0.500E-01 0.216E-06 0.500E-01 -0.149E-06 0.894E-07 0.500E-01 0.100 0.100 0.800E-01 0.800E-01 0.500E-01 0.300E-01 0.300E-01 0.969E-07 0.300E-01 0.300E-01 0.300E-01 0.894E-07 0.894E-07 0.894E-07 0.894E-07 0.894E-07 0.500E-01 0.100 0.100 0.100 0.100 -0.894E-07 0.894E-07 0.100 0.500E-01 0.300E-01 0.500E-01 0.500E-01 -0.224E-07 0.387E-06 0.400E-01 0.500E-01 0.400E-01 0.400E-01 0.300E-01 0.500E-01
0.500E-01 0.500E-01 0.894E-07 0.894E-07 0.500E-01 0.894E-07 0.894E-07 0.894E-07 0.500E-01 0.894E-07 0.500E-01 0.500E-01 0.100 0.500E-01 0.500E-01 0.500E-01 0.100 0.100 0.100 0.894E-07 0.894E-07 0.216E-06 -0.149E-06 0.894E-07 -0.894E-07 0.894E-07 0.500E-01 0.100 0.800E-01 0.894E-07 0.894E-07 0.894E-07 0.894E-07 0.300E-01 0.500E-01 0.500E-01 0.500E-01 0.894E-07 0.894E-07 0.894E-07 0.894E-07 0.500E-01 0.500E-01 0.100 0.100 0.100 0.100 0.500E-01 0.500E-01 0.100 0.894E-07 0.500E-01 0.500E-01 0.500E-01 0.500E-01 0.373E-07 0.216E-06 0.216E-06 0.894E-07 0.500E-01 0.400E-01 0.894E-07
0.500E-01 0.500E-01 0.894E-07 0.894E-07 0.100 0.500E-01 0.500E-01 0.500E-01 0.894E-07 0.894E-07 0.894E-07 0.500E-01 0.500E-01 0.894E-07 0.500E-01 0.894E-07 0.500E-01 0.500E-01 0.100 0.100 0.100 0.500E-01 0.894E-07 0.216E-06 0.894E-07 0.894E-07 0.894E-07 0.894E-07 0.894E-07 0.894E-07 0.894E-07 0.894E-07 0.894E-07 0.894E-07 0.894E-07 0.268E-06 0.300E-01 0.894E-07 0.894E-07 0.894E-07 0.894E-07 -0.894E-07 0.500E-01 0.500E-01 0.100 0.100 0.100 0.100 0.100 0.100 0.300E-01 0.500E-01 0.100 0.100 0.100 0.894E-07 0.894E-07 0.268E-06 0.300E-01 0.500E-01 0.400E-01 0.400E-01
0.894E-07 0.894E-07 0.894E-07 0.500E-01 0.100 0.100 0.100 0.100 0.894E-07 0.500E-01 0.894E-07 0.894E-07 0.500E-01 0.500E-01 0.894E-07 0.894E-07 0.894E-07 0.894E-07 0.100 0.100 0.100 0.894E-07 0.894E-07 0.894E-07 0.894E-07 0.894E-07 0.894E-07 0.894E-07 0.894E-07 0.894E-07 0.894E-07 0.894E-07 0.894E-07 0.894E-07 0.894E-07 0.300E-01 0.500E-01 0.894E-07 0.500E-01 0.500E-01 0.894E-07 0.894E-07 0.298E-07 -0.820E-07 0.156E-06 0.100 0.100 0.100 0.100 0.100 0.894E-07 0.500E-01 0.100 0.100 0.100 0.894E-07 0.894E-07 0.300E-01 0.300E-01 0.300E-01 0.500E-01 0.500E-01
0.894E-07 0.894E-07 0.500E-01 0.894E-07 0.500E-01 0.100 0.100 0.100 0.500E-01 0.500E-01 0.894E-07 0.894E-07 0.894E-07 0.500E-01 0.500E-01 0.500E-01 0.894E-07 0.894E-07 0.500E-01 0.100 0.100 0.100 0.894E-07 0.894E-07 0.894E-07 0.894E-07 0.894E-07 0.894E-07 0.894E-07 0.300E-01 0.300E-01 0.300E-01 -0.820E-07 -0.209E-06 0.500E-01 0.500E-01 0.300E-01 0.387E-06 0.500E-01 0.100 0.100 0.894E-07 0.894E-07 0.500E-01 0.500E-01 0.100 0.100 0.100 0.100 0.500E-01 0.500E-01 0.500E-01 0.100 0.100 0.100 0.894E-07 0.894E-07 0.894E-07 0.300E-01 0.300E-01 0.500E-01 0.500E-01
0.894E-07 0.894E-07 0.500E-01 0.894E-07 0.894E-07 0.100 0.100 0.100 0.100 0.894E-07 0.500E-01 0.894E-07 0.894E-07 0.894E-07 0.894E-07 0.500E-01 0.500E-01 0.894E-07 0.500E-01 0.100 0.100 0.500E-01 0.894E-07 0.894E-07 0.300E-01 0.300E-01 0.268E-06 0.209E-06 0.500E-01 0.300E-01 0.300E-01 0.268E-06 -0.201E-06 0.894E-07 0.268E-06 0.894E-07 0.894E-07 -0.149E-06 0.500E-01 0.500E-01 0.100 0.100 -0.268E-06 0.500E-01 0.100 0.100 0.100 0.100 0.100 0.500E-01 0.100 0.100 0.100 0.100 0.500E-01 -0.894E-07 0.894E-07 0.500E-01 0.500E-01 0.894E-07 0.500E-01 0.216E-06
0.500E-01 0.894E-07 0.100 0.894E-07 0.894E-07 0.100 0.100 0.100 0.500E-01 0.156E-06 0.894E-07 0.500E-01 0.500E-01 0.500E-01 0.500E-01 0.894E-07 0.500E-01 0.894E-07 0.894E-07 0.894E-07 0.894E-07 0.894E-07 0.894E-07 0.894E-07 0.894E-07 0.894E-07 0.500E-01 -0.268E-06 0.500E-01 0.894E-07 0.894E-07 0.216E-06 0.149E-06 0.894E-07 0.894E-07 0.300E-01 0.500E-01 0.500E-01 0.300E-01 0.500E-01 0.100 0.100 0.500E-01 0.500E-01 0.100 0.100 0.100 0.100 0.100 0.100 -0.298E-07 -0.298E-07 0.100 0.100 0.500E-01 0.894E-07 -0.894E-07 0.500E-01 0.100 0.500E-01 0.894E-07 0.894E-07
0.894E-07 0.500E-01 0.500E-01 0.894E-07 0.894E-07 0.100 0.100 0.100 0.500E-01 0.500E-01 0.500E-01 0.894E-07 0.500E-01 0.500E-01 0.894E-07 0.894E-07 0.894E-07 0.894E-07 0.894E-07 0.894E-07 0.894E-07 0.894E-07 0.894E-07 0.894E-07 0.500E-01 0.500E-01 0.500E-01 0.500E-01 0.894E-07 0.894E-07 0.894E-07 -0.298E-07 0.894E-07 0.894E-07 0.894E-07 0.894E-07 0.100 0.100 0.100 0.100 0.100 0.100 0.100 0.500E-01 0.100 0.100 0.100 0.100 0.100 0.894E-07 0.500E-01 0.500E-01 0.100 0.100 0.894E-07 0.894E-07 0.500E-01 0.100 0.100 0.500E-01 0.300E-01 0.298E-07
0.500E-01 0.500E-01 0.500E-01 0.894E-07 0.894E-07 0.100 0.100 0.100 0.500E-01 0.894E-07 0.894E-07 0.500E-01 0.500E-01 0.500E-01 0.894E-07 0.894E-07 0.894E-07 0.894E-07 0.894E-07 0.894E-07 0.894E-07 0.894E-07 0.500E-01 0.500E-01 0.500E-01 0.100 0.500E-01 0.500E-01 0.894E-07 0.894E-07 0.156E-06 0.387E-06 0.894E-07 0.894E-07 0.894E-07 0.500E-01 0.100 0.100 0.100 0.100 0.100 0.100 0.100 0.156E-06 0.500E-01 0.500E-01 0.500E-01 0.100 0.100 0.500E-01 0.100 0.100 0.500E-01 0.156E-06 -0.894E-07 0.500E-01 0.100 0.100 0.100 0.894E-07 0.300E-01 0.500E-01
0.500E-01 0.500E-01 0.894E-07 0.894E-07 0.894E-07 0.500E-01 0.100 0.100 0.500E-01 0.500E-01 0.500E-01 0.500E-01 0.500E-01 0.894E-07 0.500E-01 0.500E-01 0.500E-01 0.894E-07 0.500E-01 0.500E-01 0.894E-07 0.500E-01 0.500E-01 0.894E-07 0.500E-01 0.500E-01 0.500E-01 0.300E-01 0.300E-01 0.268E-06 0.276E-06 0.149E-06 0.894E-07 0.894E-07 0.894E-07 -0.298E-07 0.156E-06 0.156E-06 0.156E-06 0.216E-06 0.100 0.100 0.500E-01 0.500E-01 0.500E-01 0.500E-01 0.100 0.100 0.100 -0.142E-06 0.500E-01 0.894E-07 -0.142E-06 0.298E-07 0.894E-07 0.100 0.100 0.100 0.100 0.500E-01 0.300E-01 0.500E-01
0.894E-07 0.500E-01 0.894E-07 0.894E-07 0.894E-07 0.894E-07 0.500E-01 0.500E-01 0.500E-01 0.100 0.500E-01 0.500E-01 0.500E-01 0.500E-01 0.500E-01 0.500E-01 0.500E-01 0.100 0.100 0.100 0.100 0.500E-01 0.894E-07 0.894E-07 0.500E-01 0.500E-01 0.300E-01 0.300E-01 0.300E-01 0.300E-01 0.507E-06 0.894E-07 0.894E-07 0.894E-07 -0.268E-06 -0.894E-07 0.894E-07 -0.894E-07 -0.894E-07 -0.149E-06 0.894E-07 0.216E-06 0.216E-06 0.100 0.100 0.894E-07 0.156E-06 0.100 0.500E-01 0.500E-01 -0.894E-07 0.894E-07 0.894E-07 -0.894E-07 0.500E-01 0.100 0.100 0.100 0.100 0.500E-01 0.156E-06 0.500E-01
