share/VS_Project/swb/x64/Debug/MASS_BALANCE_06_22_1990.asc
NCOLS        340
NROWS        316
XLLCORNER     528502.530
YLLCORNER     274871.653
CELLSIZE        100.000
NODATA_VALUE    -9999.000
[rows 108 to 134 of 316, columns 183 to 243 of 340]
0.500E-01 0.300E-01 0.500E-01 0.100 0.100 0.100 0.100 -0.142E-06 0.100 0.500E-01 -0.134E-06 0.300E-01 0.300E-01 0.500E-01 0.100 0.100 0.100 0.100 0.500E-01 0.969E-07 0.969E-07 0.969E-07 0.100 0.100 0.100 0.500E-01 -0.142E-06 -0.142E-06 -0.142E-06 0.500E-01 -0.142E-06 -0.142E-06 -0.142E-06 -0.142E-06 -0.142E-06 0.100 0.300E-01 0.300E-01 0.300E-01 0.500E-01 0.100 0.100 0.100 0.500E-01 0.500E-01 0.500E-01 -0.261E-06 -0.142E-06 -0.142E-06 0.969E-07 -0.142E-06 0.969E-07 0.300E-01 0.500E-01 0.500E-01 0.100 0.100 0.500E-01 -0.142E-06 -0.142E-06 -0.142E-06
0.500E-01 0.300E-01 0.500E-01 0.100 0.100 0.100 0.100 0.300E-01 -0.142E-06 0.343E-06 0.462E-06 0.300E-01 0.300E-01 0.500E-01 0.969E-07 0.100 0.100 0.500E-01 0.500E-01 -0.261E-06 -0.142E-06 0.969E-07 0.500E-01 0.500E-01 0.100 0.500E-01 -0.142E-06 -0.142E-06 -0.142E-06 0.500E-01 -0.142E-06 -0.142E-06 0.300E-01 0.300E-01 0.500E-01 0.500E-01 0.300E-01 0.300E-01 0.300E-01 0.100 0.100 0.100 0.100 0.500E-01 -0.142E-06 0.969E-07 -0.142E-06 0.969E-07 0.969E-07 0.969E-07 0.969E-07 0.300E-01 0.500E-01 0.100 0.100 0.500E-01 -0.142E-06 -0.142E-06 -0.142E-06 -0.142E-06 -0.142E-06
0.500E-01 0.300E-01 0.500E-01 0.100 0.100 0.100 0.100 0.500E-01 0.300E-01 0.300E-01 0.300E-01 0.300E-01 0.300E-01 0.500E-01 0.100 0.100 0.100 0.500E-01 0.500E-01 0.500E-01 0.500E-01 0.216E-06 0.500E-01 -0.142E-06 -0.142E-06 0.500E-01 -0.142E-06 -0.142E-06 -0.142E-06 0.500E-01 -0.142E-06 -0.142E-06 0.300E-01 0.300E-01 -0.142E-06 0.500E-01 0.300E-01 0.300E-01 0.500E-01 0.100 0.100 0.100 0.500E-01 0.300E-01 0.969E-07 0.300E-01 0.969E-07 0.300E-01 -0.142E-06 -0.224E-07 0.500E-01 0.500E-01 0.100 0.100 0.100 -0.142E-06 -0.142E-06 -0.142E-06 -0.142E-06 -0.142E-06 -0.142E-06
0.500E-01 0.300E-01 -0.142E-06 0.100 0.100 0.100 0.100 0.500E-01 0.500E-01 0.104E-06 0.300E-01 -0.224E-07 0.500E-01 0.100 0.100 0.500E-01 0.500E-01 0.216E-06 -0.261E-06 -0.261E-06 -0.261E-06 -0.261E-06 -0.261E-06 0.969E-07 -0.142E-06 -0.142E-06 -0.142E-06 -0.142E-06 -0.142E-06 -0.142E-06 -0.142E-06 -0.261E-06 0.500E-01 -0.142E-06 0.969E-07 0.300E-01 0.300E-01 0.300E-01 0.500E-01 0.100 0.100 0.100 0.500E-01 -0.224E-07 0.216E-06 -0.224E-07 0.300E-01 0.969E-07 0.300E-01 0.500E-01 0.500E-01 0.500E-01 0.500E-01 0.500E-01 0.500E-01 -0.142E-06 -0.142E-06 -0.142E-06 -0.142E-06 -0.142E-06 -0.142E-06
-0.142E-06 0.300E-01 0.300E-01 0.500E-01 0.100 0.100 0.500E-01 -0.142E-06 -0.149E-07 -0.253E-06 0.300E-01 0.300E-01 0.500E-01 0.100 0.100 0.500E-01 -0.261E-06 -0.261E-06 0.500E-01 0.500E-01 0.969E-07 -0.142E-06 -0.224E-07 -0.224E-07 0.216E-06 -0.142E-06 0.500E-01 0.500E-01 -0.142E-06 -0.142E-06 -0.142E-06 -0.142E-06 -0.142E-06 -0.142E-06 -0.142E-06 0.300E-01 0.300E-01 0.969E-07 0.500E-01 0.100 0.500E-01 0.500E-01 0.300E-01 0.969E-07 -0.224E-07 -0.142E-06 -0.142E-06 -0.224E-07 0.500E-01 0.500E-01 0.500E-01 -0.142E-06 -0.142E-06 -0.142E-06 -0.142E-06 -0.142E-06 -0.142E-06 -0.142E-06 -0.142E-06 -0.142E-06 -0.142E-06
0.100 0.300E-01 0.300E-01 0.300E-01 0.100 0.500E-01 0.500E-01 -0.492E-06 0.104E-06 0.300E-01 0.969E-07 0.300E-01 0.500E-01 0.500E-01 0.500E-01 0.100 0.100 0.100 0.100 0.100 0.100 0.100 0.500E-01 0.500E-01 0.500E-01 -0.142E-06 0.500E-01 0.300E-01 0.300E-01 -0.142E-06 -0.142E-06 -0.142E-06 -0.142E-06 0.969E-07 -0.142E-06 0.300E-01 0.300E-01 -0.142E-06 0.500E-01 0.100 0.500E-01 0.300E-01 0.300E-01 -0.224E-07 0.969E-07 -0.142E-06 -0.142E-06 0.300E-01 -0.142E-06 -0.142E-06 -0.142E-06 -0.142E-06 0.500E-01 -0.142E-06 0.500E-01 -0.142E-06 0.500E-01 0.100 0.500E-01 0.500E-01 0.500E-01
0.100 0.300E-01 0.969E-07 0.300E-01 0.100 0.500E-01 0.343E-06 0.343E-06 0.300E-01 0.300E-01 0.300E-01 -0.142E-06 -0.224E-07 0.500E-01 -0.224E-07 -0.142E-06 0.500E-01 0.100 0.100 0.100 0.100 0.100 0.500E-01 0.500E-01 0.500E-01 0.300E-01 0.300E-01 0.300E-01 0.300E-01 -0.224E-07 -0.142E-06 -0.142E-06 0.500E-01 0.500E-01 0.300E-01 0.300E-01 0.300E-01 0.500E-01 0.500E-01 -0.224E-07 -0.224E-07 0.300E-01 0.300E-01 0.300E-01 0.300E-01 -0.142E-06 0.300E-01 -0.224E-07 -0.142E-06 -0.142E-06 0.969E-07 0.969E-07 -0.142E-06 0.969E-07 -0.142E-06 0.100 0.500E-01 0.500E-01 0.800E-01 -0.142E-06 -0.142E-06
0.100 0.969E-07 0.300E-01 -0.142E-06 0.100 0.500E-01 0.104E-06 0.300E-01 0.300E-01 0.300E-01 0.500E-01 0.100 0.500E-01 0.500E-01 0.100 0.500E-01 0.500E-01 0.100 0.100 0.100 0.100 0.100 0.500E-01 0.500E-01 0.500E-01 0.969E-07 -0.142E-06 0.500E-01 -0.261E-06 -0.142E-06 -0.142E-06 -0.142E-06 0.500E-01 0.500E-01 -0.142E-06 -0.142E-06 -0.142E-06 0.500E-01 0.500E-01 0.969E-07 0.216E-06 0.300E-01 -0.253E-06 0.300E-01 -0.224E-07 0.500E-01 0.500E-01 0.500E-01 0.500E-01 0.500E-01 -0.142E-06 0.969E-07 0.500E-01 0.500E-01 0.800E-01 0.100 0.100 0.100 0.500E-01 0.969E-07 0.216E-06
0.100 0.500E-01 0.300E-01 0.300E-01 0.100 0.500E-01 0.224E-06 0.300E-01 0.300E-01 -0.261E-06 0.500E-01 0.100 0.100 0.100 0.100 0.500E-01 -0.142E-06 -0.261E-06 -0.261E-06 0.500E-01 0.500E-01 0.969E-07 -0.142E-06 -0.142E-06 -0.142E-06 0.300E-01 -0.142E-06 0.500E-01 -0.142E-06 0.500E-01 0.500E-01 -0.142E-06 0.969E-07 0.300E-01 -0.142E-06 -0.224E-07 0.216E-06 -0.142E-06 -0.261E-06 0.300E-01 0.300E-01 0.300E-01 0.300E-01 0.300E-01 0.500E-01 0.500E-01 -0.142E-06 -0.142E-06 -0.142E-06 -0.142E-06 0.100 0.100 0.300E-01 0.100 0.100 0.500E-01 0.500E-01 -0.142E-06 -0.142E-06 -0.224E-07 -0.142E-06
0.100 0.500E-01 -0.261E-06 0.335E-06 0.100 0.500E-01 0.400E-01 0.335E-06 0.969E-07 0.300E-01 -0.142E-06 -0.224E-07 0.500E-01 0.100 0.100 0.100 0.500E-01 -0.261E-06 -0.261E-06 -0.142E-06 -0.224E-07 -0.142E-06 -0.142E-06 -0.142E-06 -0.142E-06 0.300E-01 -0.142E-06 0.100 -0.142E-06 0.500E-01 0.969E-07 0.300E-01 0.300E-01 0.300E-01 -0.142E-06 -0.224E-07 0.969E-07 0.300E-01 0.300E-01 0.300E-01 0.300E-01 -0.142E-06 0.500E-01 0.969E-07 0.300E-01 0.500E-01 0.500E-01 -0.142E-06 -0.142E-06 -0.142E-06 -0.142E-06 0.500E-01 -0.142E-06 0.500E-01 0.100 -0.142E-06 -0.142E-06 -0.142E-06 -0.142E-06 0.216E-06 0.216E-06
0.100 0.100 0.969E-07 -0.224E-07 0.500E-01 0.500E-01 -0.261E-06 -0.224E-07 0.969E-07 0.300E-01 0.500E-01 0.500E-01 0.100 0.100 0.100 0.100 0.100 0.500E-01 0.500E-01 0.969E-07 0.969E-07 0.969E-07 -0.142E-06 -0.142E-06 -0.142E-06 -0.142E-06 0.500E-01 0.500E-01 0.500E-01 -0.224E-07 -0.224E-07 0.300E-01 0.300E-01 0.300E-01 0.300E-01 0.300E-01 0.300E-01 0.300E-01 0.300E-01 0.300E-01 -0.142E-06 -0.142E-06 -0.142E-06 0.969E-07 0.300E-01 -0.142E-06 -0.142E-06 0.500E-01 -0.142E-06 -0.142E-06 -0.142E-06 -0.142E-06 -0.142E-06 0.500E-01 0.100 -0.142E-06 -0.142E-06 -0.142E-06 -0.142E-06 0.216E-06 0.216E-06
0.500E-01 0.100 0.969E-07 0.969E-07 0.500E-01 0.216E-06 0.400E-01 -0.142E-06 0.500E-01 0.500E-01 0.100 0.100 0.100 0.100 0.100 0.100 0.100 0.100 0.100 0.969E-07 0.969E-07 -0.142E-06 -0.142E-06 -0.142E-06 -0.142E-06 -0.142E-06 -0.142E-06 -0.142E-06 -0.142E-06 0.300E-01 0.300E-01 0.300E-01 -0.142E-06 -0.142E-06 0.300E-01 0.300E-01 0.300E-01 0.300E-01 0.300E-01 0.300E-01 -0.224E-07 -0.142E-06 0.500E-01 -0.142E-06 -0.142E-06 -0.142E-06 -0.142E-06 -0.142E-06 0.216E-06 -0.142E-06 -0.142E-06 0.500E-01 -0.142E-06 -0.142E-06 -0.142E-06 -0.142E-06 -0.142E-06 -0.142E-06 -0.142E-06 0.500E-01 -0.224E-07
0.500E-01 0.100 0.216E-06 0.969E-07 0.500E-01 0.454E-06 -0.142E-06 0.300E-01 0.500E-01 0.500E-01 0.100 0.100 0.500E-01 0.500E-01 0.500E-01 0.500E-01 0.100 0.100 0.100 -0.261E-06 0.969E-07 -0.142E-06 0.216E-06 -0.142E-06 -0.142E-06 -0.142E-06 -0.142E-06 -0.142E-06 0.300E-01 0.300E-01 0.300E-01 0.300E-01 0.216E-06 -0.142E-06 -0.142E-06 -0.142E-06 -0.142E-06 -0.142E-06 -0.224E-07 0.300E-01 -0.142E-06 0.500E-01 0.100 -0.142E-06 -0.142E-06 -0.142E-06 0.500E-01 0.500E-01 -0.142E-06 -0.142E-06 -0.142E-06 0.500E-01 -0.142E-06 -0.142E-06 -0.142E-06 -0.142E-06 -0.142E-06 -0.142E-06 -0.142E-06 0.500E-01 -0.142E-06
0.969E-07 -0.142E-06 -0.224E-07 -0.380E-06 0.454E-06 0.969E-07 0.216E-06 0.300E-01 0.500E-01 0.100 0.100 0.100 0.500E-01 0.300E-01 0.300E-01 0.500E-01 0.100 0.100 0.500E-01 0.969E-07 0.969E-07 0.969E-07 -0.224E-07 -0.142E-06 -0.142E-06 -0.142E-06 0.969E-07 0.300E-01 0.300E-01 0.300E-01 0.300E-01 0.300E-01 -0.142E-06 -0.142E-06 0.969E-07 -0.142E-06 0.969E-07 0.216E-06 0.969E-07 0.300E-01 -0.142E-06 0.500E-01 0.100 -0.142E-06 -0.142E-06 -0.142E-06 0.500E-01 -0.142E-06 -0.142E-06 -0.142E-06 -0.142E-06 0.500E-01 -0.142E-06 -0.142E-06 -0.142E-06 -0.142E-06 -0.142E-06 -0.142E-06 -0.142E-06 -0.142E-06 -0.142E-06
0.969E-07 0.969E-07 0.454E-06 0.454E-06 -0.380E-06 0.400E-01 -0.224E-07 -0.224E-07 0.300E-01 0.300E-01 0.100 0.100 0.100 0.100 0.100 0.500E-01 0.500E-01 0.500E-01 0.500E-01 0.100 0.100 -0.261E-06 0.500E-01 0.500E-01 0.500E-01 0.500E-01 -0.142E-06 0.300E-01 0.300E-01 0.300E-01 0.300E-01 0.300E-01 -0.142E-06 0.300E-01 0.969E-07 0.216E-06 0.300E-01 0.300E-01 0.300E-01 0.300E-01 0.500E-01 0.100 0.100 -0.142E-06 -0.142E-06 -0.142E-06 -0.142E-06 -0.142E-06 0.500E-01 -0.142E-06 -0.142E-06 -0.142E-06 -0.142E-06 0.500E-01 -0.142E-06 -0.142E-06 -0.142E-06 -0.142E-06 -0.142E-06 0.500E-01 0.300E-01
-0.380E-06 0.335E-06 0.216E-06 -0.142E-06 0.454E-06 -0.261E-06 0.300E-01 0.500E-01 0.500E-01 0.500E-01 0.500E-01 0.100 0.100 0.100 0.100 0.500E-01 0.969E-07 0.500E-01 0.100 0.100 0.100 0.100 0.500E-01 0.100 0.500E-01 -0.142E-06 -0.142E-06 -0.134E-06 0.300E-01 0.300E-01 0.300E-01 -0.142E-06 0.300E-01 0.300E-01 0.300E-01 0.156E-06 0.156E-06 0.969E-07 0.969E-07 0.500E-01 0.100 0.100 0.100 -0.142E-06 -0.142E-06 -0.142E-06 -0.142E-06 -0.142E-06 -0.142E-06 -0.142E-06 -0.142E-06 -0.142E-06 -0.142E-06 0.500E-01 -0.142E-06 -0.142E-06 -0.142E-06 -0.142E-06 -0.142E-06 -0.142E-06 -0.142E-06
0.335E-06 -0.224E-07 -0.224E-07 0.969E-07 -0.224E-07 -0.142E-06 0.500E-01 0.500E-01 0.100 0.100 0.100 0.100 0.100 0.100 0.100 0.500E-01 0.100 0.100 0.100 0.100 0.100 0.100 0.100 0.100 0.100 0.343E-06 0.343E-06 0.500E-01 0.300E-01 0.300E-01 0.300E-01 -0.142E-06 0.216E-06 -0.142E-06 -0.142E-06 0.156E-06 0.216E-06 0.969E-07 0.969E-07 0.100 -0.142E-06 0.500E-01 0.500E-01 -0.142E-06 -0.142E-06 -0.142E-06 -0.142E-06 -0.142E-06 -0.142E-06 -0.142E-06 -0.142E-06 0.500E-01 0.500E-01 0.500E-01 -0.142E-06 0.969E-07 -0.142E-06 0.300E-01 -0.142E-06 -0.142E-06 -0.142E-06
-0.380E-06 0.216E-06 0.454E-06 0.500E-01 -0.142E-06 0.500E-01 0.500E-01 0.100 0.100 0.100 0.100 0.100 0.100 0.100 0.100 0.100 0.100 0.100 0.100 0.100 -0.224E-07 0.500E-01 0.100 0.100 0.100 -0.142E-06 -0.820E-07 0.500E-01 0.156E-06 0.969E-07 -0.261E-06 -0.142E-06 -0.224E-07 0.969E-07 -0.142E-06 -0.142E-06 0.969E-07 0.969E-07 0.969E-07 0.100 0.100 0.500E-01 -0.142E-06 -0.142E-06 -0.142E-06 0.500E-01 -0.142E-06 0.500E-01 -0.142E-06 0.500E-01 -0.142E-06 0.500E-01 0.500E-01 -0.142E-06 -0.142E-06 -0.224E-07 -0.380E-06 -0.142E-06 -0.224E-07 -0.142E-06 -0.142E-06
0.969E-07 0.216E-06 0.500E-01 0.500E-01 0.500E-01 0.500E-01 0.500E-01 0.500E-01 0.100 0.100 0.100 0.100 -0.142E-06 0.500E-01 0.100 0.100 0.500E-01 0.100 0.100 0.500E-01 0.300E-01 0.500E-01 0.100 0.100 0.100 -0.142E-06 -0.224E-07 -0.142E-06 0.969E-07 0.969E-07 0.156E-06 -0.224E-07 0.969E-07 -0.142E-06 -0.224E-07 -0.142E-06 -0.142E-06 0.969E-07 -0.142E-06 0.216E-06 0.500E-01 0.500E-01 0.500E-01 0.500E-01 0.500E-01 0.100 0.100 0.100 0.100 0.500E-01 -0.142E-06 0.100 -0.142E-06 -0.142E-06 -0.261E-06 -0.142E-06 0.969E-07 -0.142E-06 -0.224E-07 0.216E-06 -0.142E-06
0.500E-01 0.500E-01 0.500E-01 0.500E-01 0.500E-01 0.500E-01 0.800E-01 0.500E-01 0.500E-01 0.500E-01 0.100 -0.142E-06 0.969E-07 0.500E-01 0.100 0.100 0.500E-01 0.500E-01 0.100 0.969E-07 0.300E-01 0.100 0.100 0.500E-01 0.500E-01 -0.142E-06 0.216E-06 -0.142E-06 0.969E-07 0.969E-07 0.969E-07 0.500E-01 -0.142E-06 -0.142E-06 0.216E-06 -0.142E-06 -0.142E-06 0.969E-07 0.969E-07 0.969E-07 -0.261E-06 0.969E-07 -0.261E-06 0.500E-01 -0.224E-07 0.300E-01 -0.142E-06 0.500E-01 0.500E-01 0.500E-01 0.500E-01 -0.142E-06 -0.142E-06 0.969E-07 0.300E-01 -0.142E-06 0.969E-07 0.300E-01 0.300E-01 0.216E-06 0.216E-06
-0.142E-06 -0.142E-06 0.500E-01 0.500E-01 0.500E-01 0.300E-01 0.300E-01 0.500E-01 -0.142E-06 0.156E-06 -0.142E-06 -0.142E-06 -0.142E-06 0.100 -0.142E-06 -0.142E-06 0.156E-06 -0.261E-06 0.300E-01 0.300E-01 0.300E-01 0.500E-01 -0.142E-06 0.156E-06 0.156E-06 0.343E-06 -0.149E-06 0.156E-06 -0.142E-06 0.969E-07 0.969E-07 -0.142E-06 -0.142E-06 -0.142E-06 0.969E-07 -0.142E-06 -0.142E-06 0.216E-06 0.969E-07 -0.142E-06 -0.224E-07 -0.142E-06 -0.261E-06 0.500E-01 0.300E-01 0.300E-01 0.300E-01 0.300E-01 0.300E-01 0.300E-01 0.300E-01 -0.142E-06 -0.142E-06 -0.142E-06 0.300E-01 -0.142E-06 0.300E-01 0.300E-01 0.300E-01 -0.224E-07 -0.142E-06
0.300E-01 -0.380E-06 0.969E-07 0.500E-01 0.500E-01 0.300E-01 0.300E-01 0.500E-01 -0.224E-07 0.156E-06 0.969E-07 0.156E-06 0.156E-06 -0.142E-06 0.969E-07 0.969E-07 -0.224E-07 -0.142E-06 -0.142E-06 0.300E-01 0.300E-01 0.300E-01 0.500E-01 -0.224E-07 -0.224E-07 0.395E-06 -0.149E-06 -0.224E-07 -0.142E-06 -0.142E-06 -0.142E-06 -0.142E-06 -0.142E-06 -0.142E-06 -0.142E-06 -0.142E-06 -0.142E-06 -0.142E-06 0.969E-07 -0.261E-06 0.300E-01 0.300E-01 0.300E-01 0.300E-01 0.300E-01 0.300E-01 0.300E-01 -0.142E-06 -0.142E-06 0.969E-07 -0.142E-06 -0.142E-06 0.969E-07 -0.142E-06 0.300E-01 -0.142E-06 -0.142E-06 0.300E-01 0.969E-07 -0.142E-06 -0.142E-06
-0.142E-06 0.969E-07 0.969E-07 0.300E-01 0.300E-01 0.969E-07 0.300E-01 -0.142E-06 0.156E-06 0.156E-06 -0.142E-06 -0.142E-06 -0.142E-06 0.969E-07 -0.142E-06 0.969E-07 -0.261E-06 0.216E-06 -0.142E-06 0.300E-01 0.300E-01 0.300E-01 0.969E-07 -0.261E-06 0.969E-07 -0.261E-06 -0.142E-06 -0.142E-06 0.156E-06 -0.142E-06 0.156E-06 -0.142E-06 -0.142E-06 -0.142E-06 -0.142E-06 -0.142E-06 -0.142E-06 -0.224E-07 0.216E-06 0.300E-01 0.300E-01 0.300E-01 0.500E-01 -0.142E-06 -0.142E-06 -0.142E-06 -0.142E-06 0.500E-01 0.500E-01 0.500E-01 0.300E-01 0.969E-07 -0.224E-07 -0.261E-06 -0.142E-06 -0.142E-06 -0.224E-07 0.216E-06 -0.142E-06 0.500E-01 0.500E-01
0.300E-01 0.300E-01 0.300E-01 0.300E-01 0.300E-01 0.300E-01 0.300E-01 0.300E-01 -0.261E-06 0.969E-07 -0.224E-07 -0.201E-06 -0.142E-06 -0.142E-06 -0.224E-07 0.156E-06 -0.142E-06 0.216E-06 0.216E-06 0.216E-06 0.969E-07 0.969E-07 -0.142E-06 -0.142E-06 0. 0.969E-07 0.156E-06 0.156E-06 -0.142E-06 -0.142E-06 -0.142E-06 -0.224E-07 0.300E-01 0.300E-01 0.300E-01 0.969E-07 0.300E-01 -0.142E-06 0.500E-01 0.100 0.100 0.100 0.100 0.100 0.100 0.100 0.100 0.100 0.100 0.500E-01 0.500E-01 0.300E-01 0.300E-01 0.300E-01 0.300E-01 -0.142E-06 -0.142E-06 -0.142E-06 -0.142E-06 0.300E-01 0.300E-01
0.300E-01 0.300E-01 0.300E-01 -0.142E-06 -0.142E-06 -0.142E-06 -0.142E-06 -0.142E-06 0.894E-07 -0.611E-06 -0.224E-07 -0.224E-07 -0.201E-06 0.969E-07 -0.261E-06 0.500E-01 0.500E-01 0.969E-07 -0.142E-06 -0.261E-06 0.156E-06 0.969E-07 -0.261E-06 -0.142E-06 0.969E-07 -0.142E-06 0.969E-07 0.156E-06 -0.224E-07 0.343E-06 0.500E-01 0.216E-06 0.300E-01 0.300E-01 0.300E-01 0.969E-07 -0.224E-07 -0.142E-06 0.216E-06 0.500E-01 0.100 0.100 0.100 0.500E-01 0.500E-01 0.100 0.500E-01 0.100 0.500E-01 0.500E-01 0.500E-01 0.500E-01 -0.142E-06 -0.142E-06 -0.142E-06 0.500E-01 0.969E-07 -0.142E-06 -0.261E-06 0.300E-01 0.300E-01
0.300E-01 0.300E-01 0.300E-01 -0.261E-06 -0.142E-06 -0.142E-06 -0.142E-06 -0.224E-07 -0.142E-06 -0.142E-06 0.156E-06 0.156E-06 -0.142E-06 -0.224E-07 -0.142E-06 0.216E-06 -0.224E-07 -0.142E-06 -0.142E-06 -0.201E-06 -0.142E-06 -0.224E-07 -0.142E-06 0.156E-06 0.969E-07 0.156E-06 0.969E-07 -0.224E-07 -0.373E-06 0.500E-01 0.500E-01 0.500E-01 0.462E-06 -0.142E-06 0.300E-01 0.300E-01 0.300E-01 0.300E-01 0.300E-01 0.100 0.100 0.100 0.500E-01 0.216E-06 -0.142E-06 -0.142E-06 -0.142E-06 0.100 0.500E-01 0.500E-01 0.500E-01 -0.142E-06 -0.142E-06 -0.142E-06 -0.142E-06 0.216E-06 0.800E-01 -0.142E-06 -0.142E-06 0.300E-01 -0.142E-06
0.300E-01 0.216E-06 -0.142E-06 0.969E-07 0.500E-01 0.500E-01 0.969E-07 0.216E-06 0.500E-01 0.500E-01 0.500E-01 0.500E-01 0.156E-06 0.156E-06 0.969E-07 0.373E-07 0.216E-06 0.500E-01 0.500E-01 0.500E-01 0.500E-01 0.500E-01 0.216E-06 0.395E-06 -0.499E-06 -0.224E-07 0.969E-07 0.500E-01 0.500E-01 0.500E-01 0.500E-01 0.100 0.500E-01 0.500E-01 0.500E-01 -0.142E-06 -0.142E-06 -0.142E-06 0.100 0.100 0.100 0.100 0.100 0.500E-01 0.500E-01 0.500E-01 0.500E-01 0.500E-01 0.500E-01 0.500E-01 0.100 0.500E-01 0.500E-01 0.500E-01 0.500E-01 0.969E-07 -0.142E-06 -0.142E-06 0.500E-01 0.216E-06 -0.142E-06
