share/VS_Project/swb/x64/Debug/MASS_BALANCE_09_21_1990.asc
NCOLS        340
NROWS        316
XLLCORNER     528502.530
YLLCORNER     274871.653
CELLSIZE        100.000
NODATA_VALUE    -9999.000
[rows 135 to 161 of 316, columns 183 to 243 of 340]
0.300E-01 -0.134E-06 -0.134E-06 -0.134E-06 -0.149E-07 0.500E-01 -0.134E-06 -0.134E-06 0.800E-01 0.500E-01 0.500E-01 -0.134E-06 0.164E-06 -0.164E-06 0.800E-01 0.500E-01 -0.745E-07 0.500E-01 0.500E-01 0.500E-01 0.500E-01 0.500E-01 -0.343E-06 -0.164E-06 -0.164E-06 0.253E-06 0.194E-06 0.500E-01 -0.134E-06 -0.134E-06 -0.134E-06 0.100 0.100 0.100 0.500E-01 -0.134E-06 -0.134E-06 0.500E-01 0.100 0.100 0.100 0.100 0.100 0.100 0.100 0.100 0.500E-01 -0.134E-06 -0.134E-06 -0.134E-06 -0.134E-06 0.500E-01 0.100 0.500E-01 0.500E-01 0.500E-01 -0.134E-06 -0.134E-06 -0.134E-06 -0.134E-06 -0.134E-06
0.300E-01 -0.134E-06 0.164E-06 0.500E-01 -0.224E-06 0.500E-01 -0.134E-06 -0.134E-06 0.800E-01 0.500E-01 -0.134E-06 0.500E-01 0.164E-06 0.800E-01 0.800E-01 0.500E-01 0.149E-07 0.447E-07 0.500E-01 -0.134E-06 -0.134E-06 -0.134E-06 0.343E-06 -0.134E-06 -0.283E-06 0.373E-06 0.149E-07 0.134E-06 0.300E-01 0.194E-06 0.500E-01 0.100 0.100 -0.134E-06 -0.134E-06 -0.134E-06 -0.134E-06 0.500E-01 0.100 0.100 0.100 0.100 0.100 0.100 0.100 0.100 0.500E-01 -0.134E-06 0.500E-01 0.500E-01 0.500E-01 0.500E-01 0.500E-01 -0.134E-06 -0.134E-06 0.500E-01 -0.134E-06 -0.134E-06 -0.134E-06 -0.134E-06 -0.134E-06
0.300E-01 -0.134E-06 0.500E-01 0.300E-01 -0.224E-06 0.500E-01 -0.134E-06 0.500E-01 0.100 0.100 -0.134E-06 0.500E-01 0.447E-07 0.800E-01 0.800E-01 -0.134E-06 0.134E-06 0.745E-07 0.447E-07 -0.134E-06 -0.134E-06 -0.134E-06 0.300E-01 -0.134E-06 -0.134E-06 -0.134E-06 -0.134E-06 -0.104E-06 -0.194E-06 0.500E-01 -0.134E-06 0.100 0.100 -0.134E-06 -0.134E-06 -0.134E-06 -0.134E-06 0.500E-01 0.100 0.100 0.500E-01 0.500E-01 0.500E-01 0.500E-01 0.500E-01 0.100 0.500E-01 -0.134E-06 -0.134E-06 -0.134E-06 -0.134E-06 -0.134E-06 -0.134E-06 -0.134E-06 -0.134E-06 -0.134E-06 -0.134E-06 -0.134E-06 -0.134E-06 -0.134E-06 -0.134E-06
0.300E-01 0.500E-01 0.500E-01 0.300E-01 -0.224E-06 -0.447E-07 0.500E-01 0.500E-01 0.100 0.500E-01 -0.134E-06 0.500E-01 0.149E-07 -0.134E-06 0.800E-01 0.447E-07 0.447E-07 0.745E-07 -0.134E-06 -0.134E-06 -0.134E-06 -0.134E-06 -0.134E-06 0.300E-01 0.300E-01 -0.134E-06 -0.134E-06 0.343E-06 0.500E-01 0.500E-01 0.500E-01 0.100 0.500E-01 0.500E-01 0.500E-01 -0.134E-06 -0.134E-06 0.500E-01 0.100 0.100 0.500E-01 0.500E-01 -0.134E-06 -0.134E-06 -0.134E-06 0.500E-01 0.500E-01 -0.134E-06 -0.134E-06 -0.134E-06 -0.134E-06 -0.134E-06 -0.134E-06 -0.134E-06 -0.134E-06 -0.134E-06 -0.134E-06 -0.134E-06 -0.134E-06 -0.134E-06 -0.134E-06
0.300E-01 0.500E-01 0.100 0.500E-01 -0.134E-06 0.500E-01 0.500E-01 0.500E-01 0.100 0.500E-01 -0.134E-06 -0.134E-06 0.500E-01 -0.149E-07 0.800E-01 0.500E-01 0.500E-01 0.447E-07 -0.134E-06 0.500E-01 0.447E-07 0.164E-06 -0.134E-06 0.300E-01 -0.134E-06 0.300E-01 -0.134E-06 0.343E-06 -0.134E-06 -0.134E-06 -0.134E-06 0.500E-01 0.500E-01 -0.134E-06 0.100 0.100 0.100 -0.134E-06 -0.134E-06 0.100 0.100 0.500E-01 -0.134E-06 0.500E-01 0.500E-01 -0.134E-06 0.500E-01 -0.134E-06 -0.134E-06 -0.134E-06 0.500E-01 -0.134E-06 -0.134E-06 -0.134E-06 -0.134E-06 -0.134E-06 -0.134E-06 -0.134E-06 -0.134E-06 -0.134E-06 -0.134E-06
0.500E-01 0.500E-01 0.500E-01 0.100 0.100 0.100 0.500E-01 -0.134E-06 0.800E-01 -0.134E-06 -0.134E-06 -0.134E-06 0.500E-01 0.134E-06 0.100 0.500E-01 0.500E-01 0.500E-01 0.500E-01 0.447E-07 0.447E-07 0.164E-06 -0.134E-06 0.300E-01 0.300E-01 -0.134E-06 0.300E-01 0.500E-01 -0.134E-06 -0.134E-06 -0.134E-06 -0.134E-06 0.164E-06 0.500E-01 0.100 0.100 0.100 0.100 0.100 0.100 0.100 0.100 0.100 0.500E-01 -0.134E-06 -0.134E-06 0.500E-01 -0.134E-06 -0.134E-06 0.500E-01 0.500E-01 0.500E-01 -0.134E-06 -0.134E-06 -0.134E-06 -0.134E-06 -0.134E-06 -0.134E-06 -0.134E-06 -0.134E-06 -0.134E-06
0.500E-01 0.100 0.100 0.100 0.100 0.100 0.500E-01 -0.134E-06 0.500E-01 -0.134E-06 -0.134E-06 -0.134E-06 0.500E-01 0.100 0.100 0.100 -0.134E-06 0.500E-01 0.500E-01 0.447E-07 -0.149E-07 -0.134E-06 0.300E-01 0.300E-01 0.300E-01 0.300E-01 0.300E-01 -0.134E-06 0.500E-01 -0.134E-06 -0.134E-06 0.447E-07 0.500E-01 0.500E-01 -0.134E-06 0.100 0.100 0.500E-01 0.100 0.100 0.100 0.500E-01 0.100 0.100 0.100 -0.134E-06 0.100 -0.134E-06 -0.134E-06 0.500E-01 0.100 -0.134E-06 -0.134E-06 -0.134E-06 -0.134E-06 -0.134E-06 -0.134E-06 -0.134E-06 -0.134E-06 -0.134E-06 -0.134E-06
-0.134E-06 0.100 0.100 0.100 0.100 0.100 0.500E-01 -0.134E-06 0.100 0.500E-01 -0.134E-06 0.500E-01 0.100 0.100 0.500E-01 -0.134E-06 0.500E-01 0.500E-01 0.500E-01 -0.134E-06 -0.134E-06 -0.134E-06 -0.134E-06 -0.134E-06 -0.134E-06 0.300E-01 0.300E-01 -0.134E-06 0.400E-01 -0.134E-06 0.500E-01 0.500E-01 0.500E-01 0.500E-01 -0.134E-06 0.100 0.100 -0.134E-06 0.100 0.100 0.500E-01 -0.134E-06 -0.134E-06 0.100 0.100 0.100 0.100 0.500E-01 0.500E-01 0.100 0.100 0.500E-01 0.100 -0.134E-06 -0.134E-06 -0.134E-06 -0.134E-06 -0.134E-06 -0.134E-06 -0.134E-06 -0.134E-06
0.300E-01 -0.134E-06 0.100 0.100 0.100 0.100 0.100 0.500E-01 0.100 0.500E-01 0.500E-01 -0.134E-06 -0.134E-06 0.100 0.500E-01 -0.134E-06 -0.134E-06 -0.134E-06 -0.134E-06 -0.134E-06 0.300E-01 0.300E-01 -0.134E-06 -0.134E-06 -0.134E-06 0.300E-01 -0.134E-06 -0.134E-06 0.400E-01 -0.134E-06 -0.134E-06 -0.134E-06 0.500E-01 -0.134E-06 -0.134E-06 -0.134E-06 -0.134E-06 -0.134E-06 0.100 0.100 0.100 0.100 0.100 0.100 0.100 0.100 0.500E-01 0.500E-01 0.500E-01 0.500E-01 0.100 0.100 0.100 -0.134E-06 -0.134E-06 0.500E-01 0.500E-01 -0.134E-06 0.500E-01 0.500E-01 -0.134E-06
0.300E-01 0.500E-01 0.100 0.100 0.100 0.100 0.500E-01 0.500E-01 0.500E-01 0.100 0.500E-01 -0.134E-06 -0.134E-06 0.500E-01 0.500E-01 -0.134E-06 -0.134E-06 -0.134E-06 -0.134E-06 -0.134E-06 0.300E-01 0.500E-01 0.500E-01 -0.134E-06 -0.134E-06 0.300E-01 -0.134E-06 -0.134E-06 0.400E-01 -0.134E-06 -0.134E-06 -0.134E-06 -0.134E-06 -0.134E-06 -0.134E-06 -0.134E-06 -0.134E-06 -0.134E-06 -0.134E-06 0.500E-01 0.500E-01 -0.134E-06 -0.134E-06 0.100 0.500E-01 0.500E-01 0.500E-01 -0.134E-06 0.500E-01 0.500E-01 0.100 0.100 -0.134E-06 -0.134E-06 -0.134E-06 0.500E-01 -0.134E-06 -0.134E-06 -0.134E-06 0.500E-01 0.500E-01
0.500E-01 0.300E-01 0.100 0.100 0.100 0.100 -0.134E-06 0.500E-01 0.100 0.500E-01 0.500E-01 0.500E-01 -0.134E-06 0.500E-01 -0.134E-06 -0.134E-06 -0.134E-06 0.500E-01 0.500E-01 0.300E-01 0.300E-01 0.500E-01 -0.134E-06 -0.134E-06 0.300E-01 0.300E-01 -0.134E-06 -0.134E-06 0.343E-06 0.343E-06 -0.134E-06 0.300E-01 -0.134E-06 -0.134E-06 -0.134E-06 0.300E-01 0.500E-01 0.500E-01 0.500E-01 0.500E-01 0.500E-01 0.500E-01 -0.134E-06 0.500E-01 0.500E-01 0.500E-01 0.500E-01 -0.134E-06 0.300E-01 0.100 0.100 0.100 -0.134E-06 -0.134E-06 -0.134E-06 -0.134E-06 -0.134E-06 -0.134E-06 -0.134E-06 0.100 0.100
0.100 0.100 0.100 0.100 0.100 0.500E-01 0.500E-01 0.100 0.100 -0.134E-06 -0.134E-06 -0.134E-06 -0.134E-06 -0.134E-06 -0.134E-06 -0.134E-06 -0.134E-06 0.100 0.300E-01 0.300E-01 0.500E-01 0.100 -0.134E-06 -0.134E-06 0.300E-01 0.300E-01 -0.134E-06 -0.134E-06 0.343E-06 -0.134E-06 0.300E-01 0.300E-01 0.300E-01 0.300E-01 0.500E-01 0.500E-01 0.100 0.100 0.100 0.500E-01 0.500E-01 0.500E-01 0.100 -0.134E-06 0.500E-01 0.500E-01 -0.134E-06 -0.134E-06 0.500E-01 0.100 -0.134E-06 -0.134E-06 -0.134E-06 -0.134E-06 0.500E-01 0.500E-01 -0.134E-06 -0.134E-06 0.500E-01 0.100 0.500E-01
0.100 0.100 0.100 0.100 0.100 0.100 -0.134E-06 -0.134E-06 0.500E-01 0.500E-01 0.500E-01 -0.134E-06 -0.134E-06 -0.134E-06 -0.134E-06 -0.134E-06 -0.134E-06 0.100 -0.134E-06 0.300E-01 0.500E-01 0.500E-01 -0.134E-06 0.300E-01 0.300E-01 -0.134E-06 -0.134E-06 -0.134E-06 -0.134E-06 0.343E-06 0.300E-01 0.300E-01 0.300E-01 0.300E-01 -0.134E-06 -0.134E-06 0.500E-01 0.500E-01 0.500E-01 0.500E-01 0.100 0.100 -0.134E-06 -0.134E-06 -0.134E-06 -0.134E-06 -0.134E-06 -0.134E-06 0.500E-01 0.100 0.164E-06 -0.134E-06 -0.134E-06 -0.134E-06 0.500E-01 0.100 0.500E-01 0.500E-01 0.100 0.500E-01 -0.134E-06
0.100 0.100 0.100 0.100 0.100 0.100 0.500E-01 0.500E-01 -0.134E-06 -0.134E-06 0.500E-01 0.500E-01 0.500E-01 -0.134E-06 -0.134E-06 -0.134E-06 0.500E-01 0.500E-01 -0.134E-06 0.300E-01 0.500E-01 0.500E-01 -0.134E-06 0.300E-01 0.300E-01 -0.134E-06 -0.134E-06 -0.134E-06 -0.134E-06 -0.432E-06 0.300E-01 0.300E-01 0.300E-01 0.300E-01 0.300E-01 -0.134E-06 0.500E-01 -0.134E-06 -0.134E-06 0.500E-01 0.500E-01 -0.134E-06 -0.134E-06 -0.134E-06 -0.134E-06 -0.134E-06 0.500E-01 -0.134E-06 0.500E-01 0.100 -0.134E-06 -0.134E-06 0.500E-01 -0.134E-06 0.500E-01 0.100 0.500E-01 0.100 -0.134E-06 -0.134E-06 -0.134E-06
-0.134E-06 -0.134E-06 0.100 0.100 0.100 0.100 0.100 0.100 0.100 0.100 0.100 0.100 0.100 0.500E-01 0.500E-01 0.500E-01 0.500E-01 0.500E-01 -0.134E-06 0.343E-06 -0.134E-06 0.500E-01 -0.134E-06 -0.134E-06 -0.134E-06 -0.134E-06 -0.134E-06 -0.134E-06 0.164E-06 -0.134E-06 -0.224E-06 0.300E-01 0.300E-01 0.300E-01 0.300E-01 -0.134E-06 0.300E-01 0.500E-01 0.500E-01 -0.134E-06 -0.134E-06 -0.134E-06 -0.238E-06 0. -0.134E-06 -0.134E-06 -0.134E-06 -0.134E-06 -0.134E-06 0.100 0.500E-01 -0.134E-06 -0.134E-06 -0.134E-06 0.500E-01 0.100 -0.134E-06 -0.134E-06 0.500E-01 0.500E-01 0.500E-01
0.343E-06 -0.134E-06 0.500E-01 0.100 -0.134E-06 0.500E-01 -0.134E-06 0.100 0.100 0.100 0.100 0.100 0.100 0.500E-01 0.500E-01 0.100 0.500E-01 -0.134E-06 0.300E-01 0.300E-01 0.500E-01 0.300E-01 0.300E-01 0.300E-01 0.300E-01 -0.134E-06 -0.134E-06 -0.134E-06 -0.134E-06 0.300E-01 -0.134E-06 0.300E-01 0.447E-07 0.447E-07 0.300E-01 -0.134E-06 0.300E-01 0.300E-01 0.300E-01 0.300E-01 0.300E-01 -0.134E-06 -0.134E-06 -0.134E-06 0.800E-01 -0.134E-06 -0.224E-06 0. -0.134E-06 -0.134E-06 0.500E-01 -0.134E-06 -0.134E-06 -0.134E-06 0.500E-01 0.100 0.500E-01 -0.134E-06 0.500E-01 -0.134E-06 0.500E-01
0.500E-01 0.343E-06 0.343E-06 0.343E-06 -0.134E-06 0.300E-01 0.500E-01 0.300E-01 0.300E-01 -0.134E-06 0.500E-01 0.500E-01 0.500E-01 0.100 0.100 0.100 0.300E-01 0.300E-01 0.300E-01 0.300E-01 0.500E-01 0.300E-01 0.300E-01 0.300E-01 -0.134E-06 0.300E-01 -0.134E-06 0.300E-01 0.300E-01 0.300E-01 -0.134E-06 -0.134E-06 0.149E-07 -0.149E-07 -0.149E-07 0. 0.500E-01 -0.149E-07 0.300E-01 0.300E-01 0.300E-01 0.300E-01 0.500E-01 0.343E-06 -0.134E-06 -0.134E-06 -0.134E-06 0.300E-01 0.300E-01 0.300E-01 0.500E-01 -0.134E-06 -0.134E-06 -0.134E-06 -0.134E-06 0.500E-01 -0.134E-06 0.300E-01 0.500E-01 -0.134E-06 0.500E-01
0.500E-01 0.400E-01 0.500E-01 0.343E-06 0.343E-06 0.300E-01 0.500E-01 0.500E-01 0.500E-01 0.500E-01 0.500E-01 0.500E-01 0.100 0.500E-01 0.500E-01 0.100 -0.134E-06 0.300E-01 0.500E-01 0.100 0.500E-01 0.500E-01 0.300E-01 0.300E-01 0.500E-01 -0.134E-06 0.447E-07 0.300E-01 0.300E-01 0.300E-01 -0.134E-06 0.500E-01 -0.149E-07 -0.596E-07 0. 0. 0. -0.149E-07 0.447E-07 0.300E-01 0.300E-01 0.300E-01 0.447E-07 -0.134E-06 -0.134E-06 -0.134E-06 0.300E-01 0.300E-01 0.300E-01 -0.134E-06 -0.134E-06 -0.134E-06 -0.134E-06 -0.134E-06 -0.134E-06 0.300E-01 0.300E-01 0.300E-01 0.500E-01 -0.134E-06 -0.134E-06
0.500E-01 0.100 -0.134E-06 0.500E-01 0.500E-01 -0.134E-06 0.500E-01 0.100 0.100 0.500E-01 0.500E-01 0.100 0.100 -0.134E-06 0.500E-01 0.100 0.500E-01 0.343E-06 -0.134E-06 0.500E-01 0.500E-01 -0.134E-06 0.300E-01 0.164E-06 -0.134E-06 -0.134E-06 -0.134E-06 -0.253E-06 0.300E-01 0.300E-01 0.500E-01 -0.134E-06 0.745E-07 -0.149E-07 0. 0. 0. -0.149E-07 0.447E-07 0.300E-01 0.343E-06 0.500E-01 -0.134E-06 -0.134E-06 -0.134E-06 -0.134E-06 0.300E-01 0.300E-01 0.300E-01 -0.134E-06 0.500E-01 -0.134E-06 -0.134E-06 -0.134E-06 -0.134E-06 0.300E-01 0.300E-01 0.300E-01 -0.134E-06 -0.134E-06 -0.134E-06
0.500E-01 0.100 0.500E-01 0.500E-01 0.100 0.300E-01 0.500E-01 0.100 0.100 0.100 0.100 0.100 0.100 -0.134E-06 0.500E-01 0.100 0.500E-01 0.343E-06 0.300E-01 0.300E-01 0.300E-01 0.300E-01 0.134E-06 0.300E-01 -0.134E-06 0.343E-06 -0.432E-06 0.164E-06 0.300E-01 0.300E-01 -0.134E-06 -0.224E-06 0.500E-01 -0.134E-06 0. 0. 0. 0.447E-07 0.134E-06 0.447E-07 0.300E-01 -0.313E-06 -0.134E-06 -0.134E-06 -0.134E-06 -0.134E-06 0.300E-01 -0.134E-06 -0.134E-06 -0.134E-06 -0.134E-06 -0.134E-06 -0.134E-06 -0.134E-06 -0.134E-06 0.300E-01 0.500E-01 0.500E-01 -0.134E-06 -0.134E-06 -0.134E-06
0.500E-01 0.100 0.100 0.100 0.100 0.100 0.300E-01 0.100 0.100 0.100 0.500E-01 0.500E-01 0.164E-06 0.500E-01 0.500E-01 -0.134E-06 -0.134E-06 0.500E-01 -0.134E-06 0.300E-01 0.300E-01 0.300E-01 0.300E-01 0.300E-01 0.300E-01 -0.134E-06 -0.313E-06 -0.134E-06 0.500E-01 0.500E-01 0.500E-01 -0.134E-06 -0.134E-06 0.500E-01 -0.134E-06 0.447E-07 0.500E-01 0.447E-07 0.447E-07 -0.134E-06 0.300E-01 0.447E-07 0.164E-06 0.300E-01 -0.134E-06 -0.134E-06 -0.134E-06 0.300E-01 0.300E-01 0.300E-01 -0.134E-06 -0.134E-06 -0.134E-06 -0.134E-06 0.500E-01 0.500E-01 0.500E-01 0.500E-01 0.500E-01 -0.134E-06 -0.134E-06
0.100 0.100 0.100 0.100 0.100 0.100 0.500E-01 0.500E-01 0.100 0.100 -0.134E-06 -0.134E-06 0.500E-01 -0.134E-06 -0.134E-06 -0.134E-06 -0.134E-06 0.343E-06 0.500E-01 -0.134E-06 0.300E-01 0.300E-01 0.300E-01 0.300E-01 0.300E-01 -0.134E-06 0.300E-01 -0.134E-06 0.500E-01 0.100 0.100 -0.134E-06 0.500E-01 -0.134E-06 0.447E-07 0.300E-01 0.500E-01 0.500E-01 -0.134E-06 0.447E-07 0.447E-07 0.447E-07 0.164E-06 -0.134E-06 0.300E-01 0.300E-01 0.300E-01 0.300E-01 0.300E-01 0.300E-01 -0.134E-06 -0.134E-06 0.800E-01 0.500E-01 0.500E-01 0.100 0.500E-01 0.100 0.500E-01 0.500E-01 0.500E-01
0.100 0.100 0.100 0.100 0.100 0.100 0.100 0.500E-01 0.100 0.100 0.100 0.100 0.500E-01 -0.134E-06 -0.134E-06 0.500E-01 0.500E-01 0.500E-01 -0.134E-06 0.500E-01 0.500E-01 0.500E-01 0.300E-01 0.300E-01 0.500E-01 0.500E-01 0.300E-01 -0.134E-06 -0.134E-06 0.100 0.100 -0.134E-06 -0.134E-06 -0.134E-06 0.164E-06 -0.134E-06 0.500E-01 0.500E-01 0.100 0.500E-01 -0.134E-06 0.447E-07 -0.134E-06 -0.134E-06 0.300E-01 0.300E-01 0.300E-01 -0.134E-06 -0.134E-06 -0.134E-06 -0.134E-06 -0.134E-06 0.500E-01 0.500E-01 0.500E-01 0.500E-01 0.100 0.100 0.500E-01 0.500E-01 0.100
0.100 0.100 0.100 0.100 0.100 0.100 0.100 0.100 0.100 0.100 0.100 0.100 0.500E-01 -0.134E-06 -0.134E-06 0.500E-01 0.500E-01 0.500E-01 0.300E-01 0.500E-01 0.500E-01 -0.134E-06 0.300E-01 0.300E-01 -0.134E-06 0.100 0.300E-01 0.300E-01 0.164E-06 0.100 0.500E-01 -0.134E-06 -0.134E-06 -0.134E-06 0.447E-07 -0.134E-06 0.500E-01 -0.134E-06 0.500E-01 0.100 0.500E-01 0.164E-06 -0.134E-06 -0.134E-06 -0.134E-06 -0.134E-06 -0.134E-06 -0.134E-06 -0.134E-06 -0.134E-06 -0.134E-06 -0.134E-06 -0.134E-06 0.100 0.100 0.500E-01 0.100 0.500E-01 0.500E-01 0.500E-01 0.500E-01
0.500E-01 0.100 0.500E-01 -0.134E-06 -0.134E-06 0.100 0.100 0.100 0.100 0.100 0.100 0.100 0.500E-01 -0.134E-06 -0.134E-06 0.343E-06 -0.134E-06 0.500E-01 0.300E-01 0.300E-01 0.300E-01 0.300E-01 0.300E-01 0.300E-01 -0.134E-06 0.500E-01 0.300E-01 0.343E-06 -0.134E-06 0.500E-01 -0.134E-06 -0.134E-06 -0.134E-06 0.300E-01 -0.134E-06 -0.134E-06 0.500E-01 0.500E-01 -0.134E-06 0.500E-01 -0.134E-06 0.447E-07 -0.134E-06 0.300E-01 0.300E-01 -0.134E-06 -0.134E-06 -0.134E-06 -0.134E-06 0.500E-01 0.500E-01 -0.134E-06 -0.134E-06 -0.134E-06 0.500E-01 0.500E-01 -0.134E-06 -0.134E-06 -0.134E-06 -0.134E-06 -0.134E-06
0.500E-01 0.100 0.500E-01 0.500E-01 -0.134E-06 -0.134E-06 0.100 0.100 0.100 0.100 0.100 0.100 0.500E-01 -0.134E-06 -0.134E-06 -0.134E-06 -0.134E-06 0.300E-01 0.300E-01 0.500E-01 0.500E-01 0.300E-01 0.300E-01 0.500E-01 0.500E-01 0.100 0.500E-01 0.343E-06 0.343E-06 -0.134E-06 0.500E-01 -0.134E-06 0.500E-01 0.300E-01 0.343E-06 -0.134E-06 0.500E-01 0.500E-01 -0.134E-06 -0.134E-06 -0.134E-06 -0.134E-06 -0.134E-06 0.300E-01 0.300E-01 -0.134E-06 -0.134E-06 -0.134E-06 0.500E-01 0.500E-01 0.500E-01 -0.134E-06 -0.134E-06 -0.134E-06 0.500E-01 0.500E-01 -0.134E-06 0.500E-01 -0.134E-06 -0.134E-06 -0.134E-06
0.100 0.100 0.100 0.100 0.500E-01 -0.134E-06 0.500E-01 0.500E-01 0.100 0.100 0.100 0.100 0.500E-01 -0.134E-06 -0.134E-06 0.500E-01 -0.134E-06 0.500E-01 0.500E-01 0.500E-01 0.300E-01 0.300E-01 0.300E-01 0.500E-01 0.100 0.500E-01 0.500E-01 0.500E-01 -0.313E-06 0.447E-07 0.164E-06 0.500E-01 -0.134E-06 0.300E-01 0.343E-06 0.500E-01 0.500E-01 0.500E-01 -0.134E-06 0.500E-01 -0.134E-06 -0.134E-06 -0.134E-06 0.300E-01 0.300E-01 -0.134E-06 -0.134E-06 0.500E-01 0.100 -0.134E-06 0.500E-01 0.500E-01 0.500E-01 -0.134E-06 -0.134E-06 0.500E-01 0.500E-01 0.500E-01 -0.134E-06 0.100 0.100
