share/VS_Project/swb/x64/Debug/MASS_BALANCE_07_29_1989.asc
NCOLS        340
NROWS        316
XLLCORNER     528502.530
YLLCORNER     274871.653
CELLSIZE        100.000
NODATA_VALUE    -9999.000
[rows 27 to 53 of 316, columns 0 to 61 of 340]
0.300E-01 0.500E-01 0.500E-01 0.500E-01 0.100 0.300E-01 0.300E-01 0.209E-06 0.209E-06 -0.142E-06 0.500E-01 0.300E-01 0.300E-01 0.300E-01 0.298E-07 0.300E-01 0.300E-01 0.300E-01 0.300E-01 0.300E-01 -0.894E-07 0.894E-07 -0.894E-07 0.894E-07 0.800E-01 -0.298E-07 -0.149E-06 0.894E-07 -0.149E-06 0.500E-01 0.500E-01 -0.328E-06 0.268E-06 0.209E-06 0.500E-01 0.500E-01 0.500E-01 0.500E-01 0.500E-01 0.500E-01 0.500E-01 0.500E-01 0.400E-01 0.500E-01 0.500E-01 0.500E-01 0.500E-01 0.500E-01 0. 0. 0. 0. 0. 0.100 0.500E-01 0.500E-01 0.500E-01 0.500E-01 0.500E-01 0.500E-01 0.209E-06 0.400E-01
0.500E-01 0.500E-01 0.100 0.100 0.100 0.500E-01 0.300E-01 0.149E-06 0.894E-07 -0.142E-06 0.500E-01 0.500E-01 0.500E-01 0.300E-01 0.300E-01 0.300E-01 0.300E-01 0.300E-01 0.300E-01 -0.149E-06 -0.894E-07 -0.298E-07 -0.894E-07 0.894E-07 0.800E-01 -0.149E-06 0.894E-07 0.693E-06 -0.894E-07 0.298E-07 0.298E-07 -0.298E-07 -0.268E-06 0.500E-01 0.500E-01 0.500E-01 0.500E-01 0.500E-01 0.500E-01 0.500E-01 0.500E-01 0.500E-01 0.500E-01 0.500E-01 0.500E-01 0.500E-01 0.500E-01 0.500E-01 0. 0. 0. 0. 0.500E-01 0.100 0.500E-01 0.500E-01 0.500E-01 0.500E-01 0.500E-01 0.209E-06 -0.894E-07 0.500E-01
0.500E-01 0.100 0.100 0.100 0.100 0.300E-01 0.300E-01 -0.149E-06 0.298E-07 0.209E-06 0.300E-01 0.300E-01 0.300E-01 -0.209E-06 0.300E-01 0.300E-01 0.300E-01 0.500E-01 -0.149E-06 0.209E-06 -0.894E-07 0.149E-06 0.500E-01 -0.894E-07 -0.149E-06 0.500E-01 0.500E-01 -0.894E-07 0.209E-06 0.268E-06 0.328E-06 0.500E-01 0.500E-01 0.500E-01 0.500E-01 0.500E-01 0.500E-01 0.500E-01 0.500E-01 0.500E-01 0.500E-01 0.500E-01 0.500E-01 0.500E-01 0.500E-01 0.500E-01 0.500E-01 0. 0. 0. 0. 0.500E-01 0.500E-01 0.500E-01 0.500E-01 0.500E-01 0.500E-01 0.500E-01 0.500E-01 0.500E-01 0.500E-01 0.500E-01
0.500E-01 0.100 0.100 0.100 0.100 0.500E-01 0.300E-01 0.300E-01 0.298E-07 0.894E-07 0.300E-01 0.300E-01 0.300E-01 0.300E-01 0.373E-07 0.209E-06 0.149E-06 0.800E-01 -0.298E-07 0.298E-07 -0.298E-07 -0.149E-06 0.500E-01 -0.298E-07 0.500E-01 0.500E-01 0.500E-01 0.500E-01 0.500E-01 0.500E-01 0. 0.500E-01 0. 0. 0.500E-01 0.500E-01 0.500E-01 0.500E-01 0.500E-01 0.500E-01 0.500E-01 0.500E-01 0.500E-01 0.500E-01 0.500E-01 0.500E-01 0. 0. 0. 0. 0. 0.500E-01 0.500E-01 0.500E-01 0.500E-01 0.500E-01 0.500E-01 0.500E-01 0.500E-01 0.500E-01 0.500E-01 -0.894E-07
0.300E-01 0.100 0.100 0.100 0.209E-06 0.300E-01 0.300E-01 -0.894E-07 0.969E-07 -0.268E-06 0.300E-01 -0.894E-07 0.209E-06 -0.499E-06 -0.298E-07 -0.298E-07 -0.894E-07 -0.894E-07 -0.149E-06 -0.894E-07 -0.894E-07 0.298E-07 0.500E-01 0.500E-01 0.500E-01 0.500E-01 0.500E-01 0.500E-01 0.500E-01 0.500E-01 0.500E-01 0.500E-01 0.500E-01 0.500E-01 0.500E-01 0. 0.500E-01 0.500E-01 0.500E-01 0.500E-01 0.500E-01 0.500E-01 0.500E-01 0.500E-01 0.500E-01 0. 0. 0. 0. 0. 0.500E-01 0.500E-01 0.500E-01 0.500E-01 0.500E-01 0.500E-01 0.500E-01 0.500E-01 0.500E-01 0.500E-01 0.500E-01 0.298E-07
0.209E-06 0.100 0.500E-01 0.209E-06 0.209E-06 0.300E-01 0.500E-01 -0.894E-07 -0.894E-07 -0.298E-07 0.500E-01 0.500E-01 -0.499E-06 -0.894E-07 0.894E-07 0.894E-07 0.500E-01 0.500E-01 0.894E-07 0.156E-06 -0.298E-07 0.500E-01 0.500E-01 0.500E-01 0.500E-01 0.500E-01 0.500E-01 0.500E-01 0.500E-01 0.500E-01 0.500E-01 0.500E-01 0.500E-01 0.500E-01 0.500E-01 0.500E-01 0.500E-01 0.500E-01 0.500E-01 0.500E-01 0.500E-01 0.500E-01 0.500E-01 0. 0. 0. 0. 0. 0. 0.500E-01 0.500E-01 0.500E-01 0.500E-01 0.500E-01 0.500E-01 0.500E-01 0.500E-01 0.500E-01 0.500E-01 0.500E-01 0.500E-01 -0.149E-06
0.149E-06 0.500E-01 -0.328E-06 -0.328E-06 0.209E-06 0.298E-07 0.268E-06 0.500E-01 -0.894E-07 -0.894E-07 0.500E-01 0.500E-01 0.500E-01 0.100 0.500E-01 0.500E-01 0.500E-01 0.500E-01 0.100 0.500E-01 0.500E-01 0.500E-01 0.500E-01 0.500E-01 0. 0.500E-01 0.500E-01 0.500E-01 0.500E-01 0.500E-01 0.500E-01 0.500E-01 0.500E-01 0.500E-01 0.500E-01 0.500E-01 0.500E-01 0.500E-01 0.500E-01 0.100 0.100 0.500E-01 0.500E-01 0. 0. 0. 0. 0. 0. 0.500E-01 0.500E-01 0.500E-01 0.500E-01 0.500E-01 0.500E-01 0.500E-01 0.500E-01 0.500E-01 0.298E-07 0.500E-01 0.300E-01 0.500E-01
0.328E-06 -0.328E-06 -0.298E-07 0.328E-06 -0.328E-06 0.387E-06 0.268E-06 -0.894E-07 0.500E-01 -0.894E-07 0.500E-01 0.500E-01 0.500E-01 0.100 0.500E-01 0.500E-01 0.500E-01 0.500E-01 0.500E-01 0.500E-01 0.500E-01 0.500E-01 0.500E-01 0.500E-01 0.500E-01 0.500E-01 0.500E-01 0.500E-01 0.500E-01 0.500E-01 0.500E-01 0.500E-01 0.500E-01 0.500E-01 0.500E-01 0.500E-01 0.500E-01 0.500E-01 0.500E-01 0.500E-01 0.500E-01 0. 0. 0. 0. 0. 0. -0.894E-07 -0.268E-06 0.500E-01 0.500E-01 0.500E-01 0.500E-01 0.500E-01 0.500E-01 0.500E-01 0.500E-01 0.500E-01 0.400E-01 0.500E-01 0.300E-01 0.209E-06
-0.298E-07 -0.298E-07 0.209E-06 0.209E-06 0.298E-07 0.149E-06 -0.507E-06 0.500E-01 0.100 0.500E-01 0. 0. 0. 0. 0. 0.500E-01 0.500E-01 0.500E-01 0.500E-01 0.500E-01 0.500E-01 0.500E-01 0.500E-01 0.400E-01 0.500E-01 0.500E-01 0.500E-01 0.500E-01 0.328E-06 0.500E-01 0.500E-01 0.500E-01 0.500E-01 0.500E-01 0.500E-01 0.500E-01 0.500E-01 0.500E-01 0.500E-01 0. 0. 0. 0. 0.500E-01 -0.142E-06 -0.894E-07 0.500E-01 0.100 0.100 0.500E-01 0.500E-01 0.500E-01 0.400E-01 0.500E-01 0.500E-01 0.500E-01 0.500E-01 0.500E-01 0.500E-01 0.500E-01 0.500E-01 0.209E-06
0.328E-06 0.500E-01 0.500E-01 0.500E-01 0.500E-01 0.500E-01 0.500E-01 0.100 0. 0. 0. 0.500E-01 0.500E-01 0. 0. 0. 0. 0. 0. 0. -0.894E-07 0.500E-01 0.894E-07 -0.894E-07 -0.894E-07 0.209E-06 0.500E-01 0.500E-01 0.507E-06 0.500E-01 0.500E-01 0.500E-01 -0.268E-06 -0.499E-06 0. 0. 0. 0. 0. 0. 0. 0.209E-06 0.209E-06 -0.224E-07 0.298E-07 0.209E-06 0.100 0.100 0.500E-01 0.500E-01 0.500E-01 0.100 0.500E-01 0.500E-01 0.500E-01 0.500E-01 0.500E-01 0.500E-01 0.500E-01 0.500E-01 0.300E-01 0.500E-01
0.209E-06 0.507E-06 0.500E-01 0.500E-01 0.500E-01 0.100 0.500E-01 0. 0. 0. 0.500E-01 0. 0. 0. 0. 0. 0. 0. 0. 0. 0.894E-07 0. 0.500E-01 0.500E-01 0.500E-01 0.500E-01 0.500E-01 0. 0. -0.894E-07 0.387E-06 0.500E-01 0.500E-01 0. 0. 0. 0. 0. 0. 0. 0. 0.358E-06 -0.261E-06 0. 0.500E-01 0.100 0.500E-01 -0.894E-07 0.500E-01 0.500E-01 0.500E-01 0.149E-06 0.149E-06 0.500E-01 0.500E-01 0.500E-01 0.500E-01 0.500E-01 0.500E-01 0.500E-01 0.500E-01 0.500E-01
-0.328E-06 0.500E-01 0.500E-01 0.500E-01 0.100 0.500E-01 0. 0.500E-01 0.500E-01 0.100 0.400E-01 0.100 0.100 0.500E-01 0.500E-01 0. 0. 0. 0. 0. 0. 0. 0. 0. 0. 0. 0. 0. 0. 0. 0. 0. 0. 0. 0. 0. 0. 0. 0.894E-07 0. 0. 0.894E-07 0.216E-06 0. 0.100 0.500E-01 -0.894E-07 -0.894E-07 0.149E-06 0.500E-01 -0.894E-07 -0.298E-07 -0.298E-07 -0.894E-07 0.500E-01 0.500E-01 0.500E-01 0.500E-01 0.500E-01 0.500E-01 0.500E-01 0.500E-01
0.500E-01 0.500E-01 0.500E-01 0.500E-01 0.500E-01 0. 0.500E-01 0.100 0.100 0.100 0.100 0.500E-01 0.500E-01 0. 0.209E-06 -0.119E-06 0. 0. 0. 0. 0. 0. 0. 0.500E-01 0.500E-01 0.500E-01 0.500E-01 0.500E-01 0. 0. 0.500E-01 0. 0. 0. 0. 0. 0. 0. 0. 0. 0. 0. -0.894E-07 0.298E-07 0.500E-01 0.500E-01 -0.894E-07 0.500E-01 0.500E-01 0.328E-06 0.300E-01 -0.894E-07 -0.894E-07 0.500E-01 0.500E-01 0.500E-01 0.500E-01 0.500E-01 0.298E-07 0.500E-01 0.500E-01 0.500E-01
0.500E-01 0.500E-01 0.500E-01 0.100 0. 0. 0.500E-01 0.209E-06 0.100 0.100 0.500E-01 0.500E-01 0. 0. 0. 0. 0. 0.209E-06 0.209E-06 0.216E-06 0. 0. 0. 0. 0.500E-01 0.500E-01 0.500E-01 0.500E-01 0. 0. 0. 0. 0. 0. 0. 0. 0. 0. 0. 0.500E-01 0.500E-01 0.500E-01 0.209E-06 0.298E-07 0.500E-01 0.500E-01 0.500E-01 0.894E-07 0.268E-06 0.328E-06 0.894E-07 0.298E-07 0.500E-01 0.500E-01 0.500E-01 0.500E-01 0.500E-01 0.500E-01 0.298E-07 0.298E-07 0.298E-07 0.500E-01
0.500E-01 0.100 0.500E-01 0. 0. 0.209E-06 0.500E-01 0.500E-01 0. 0. 0. 0. 0. 0.500E-01 0.500E-01 0.500E-01 0.500E-01 0.500E-01 0.500E-01 0.500E-01 0.500E-01 0.500E-01 0.500E-01 0. 0. 0. 0. 0. 0. 0. 0. 0. 0. 0. 0.500E-01 0.500E-01 -0.328E-06 -0.298E-07 0.500E-01 0.500E-01 0.400E-01 -0.447E-06 -0.268E-06 -0.894E-07 0.500E-01 0.500E-01 0.400E-01 0.400E-01 0.328E-06 -0.507E-06 0.300E-01 0.500E-01 0.500E-01 0.500E-01 0.298E-07 0.500E-01 0.500E-01 0.500E-01 0.298E-07 0.298E-07 0.298E-07 0.500E-01
0.500E-01 0.500E-01 0. 0. 0. 0. 0. 0. 0. 0. 0. 0.100 0.500E-01 0.500E-01 0.500E-01 0.500E-01 0.500E-01 0.500E-01 0.500E-01 0.500E-01 0.500E-01 0.500E-01 0.500E-01 0.400E-01 -0.328E-06 0.500E-01 0. 0. 0. 0.500E-01 0.500E-01 0.500E-01 0.500E-01 0.500E-01 -0.298E-07 -0.328E-06 -0.328E-06 0.209E-06 0.500E-01 0.500E-01 0.400E-01 -0.328E-06 0.209E-06 -0.298E-07 0.500E-01 0.500E-01 0.400E-01 -0.387E-06 -0.328E-06 -0.268E-06 0.300E-01 0.300E-01 0.500E-01 0.500E-01 0.500E-01 0.298E-07 0.500E-01 0.500E-01 0.500E-01 0.500E-01 0.500E-01 0.500E-01
0.500E-01 0. 0. 0. 0. 0.209E-06 0. 0.954E-06 0.298E-07 0.507E-06 0.500E-01 0.500E-01 0.500E-01 0.500E-01 0.500E-01 0.500E-01 0.500E-01 0.500E-01 0.500E-01 0.500E-01 0.500E-01 -0.209E-06 0.894E-07 0.400E-01 0.209E-06 -0.328E-06 -0.328E-06 0.387E-06 0.500E-01 0.500E-01 0.400E-01 0.400E-01 -0.298E-07 0.500E-01 0.328E-06 0.209E-06 0.209E-06 0.400E-01 0.500E-01 0.400E-01 0.500E-01 0.268E-06 -0.447E-06 0.209E-06 0.300E-01 0.500E-01 0.387E-06 0.447E-06 -0.209E-06 -0.149E-06 0.300E-01 0.300E-01 0.298E-07 0.298E-07 0.298E-07 0.300E-01 -0.894E-07 0.500E-01 0.500E-01 0.500E-01 0.500E-01 0.500E-01
0. 0. 0.500E-01 0.209E-06 0.209E-06 -0.477E-06 0. 0.500E-01 0. 0.500E-01 0.100 0.500E-01 0.500E-01 0.500E-01 0.500E-01 0.500E-01 0.500E-01 0.500E-01 0.500E-01 0.500E-01 0.500E-01 0.387E-06 -0.894E-07 0.894E-07 0.400E-01 0.209E-06 0.209E-06 0.894E-07 0.500E-01 0.500E-01 0.328E-06 0.298E-07 0.328E-06 -0.328E-06 -0.328E-06 0.209E-06 0.268E-06 0.500E-01 0.500E-01 0.500E-01 0.400E-01 0.400E-01 0.400E-01 0.209E-06 0.300E-01 0.800E-01 -0.894E-07 0.149E-06 0.447E-06 0.300E-01 0.300E-01 0.500E-01 -0.894E-07 0.298E-07 0.300E-01 0.300E-01 0.500E-01 0.500E-01 -0.209E-06 -0.447E-06 0.500E-01 0.500E-01
0. 0. 0. 0. 0. 0.500E-01 0.500E-01 0.100 0.500E-01 0.500E-01 0.500E-01 0.500E-01 0.500E-01 0.500E-01 0.500E-01 0.500E-01 0.500E-01 0.500E-01 0.500E-01 0.500E-01 0.328E-06 -0.298E-07 0.209E-06 0.500E-01 0.400E-01 -0.328E-06 0.209E-06 0.400E-01 0.209E-06 -0.328E-06 -0.328E-06 0.387E-06 -0.328E-06 0.209E-06 0.209E-06 -0.447E-06 0.298E-07 0.894E-07 0.894E-07 0.400E-01 0.500E-01 0.400E-01 0.268E-06 0.149E-06 0.209E-06 0.209E-06 0.300E-01 0.300E-01 -0.894E-07 -0.298E-07 0.500E-01 -0.894E-07 -0.298E-07 0.300E-01 0.300E-01 0.300E-01 0.300E-01 0.500E-01 0.500E-01 0.500E-01 0.500E-01 0.298E-07
0. -0.268E-06 -0.894E-07 0.500E-01 0.500E-01 0.500E-01 0.500E-01 0.500E-01 0.500E-01 0.500E-01 0.500E-01 0.500E-01 0.500E-01 0.500E-01 0.500E-01 0.500E-01 0.500E-01 0.500E-01 0.500E-01 -0.298E-07 0.209E-06 0.500E-01 0.500E-01 0.500E-01 0.400E-01 0.500E-01 0.328E-06 -0.328E-06 0.209E-06 0.209E-06 0.209E-06 0.894E-07 0.209E-06 0.209E-06 0.400E-01 0.149E-06 0.209E-06 0.894E-07 0.298E-07 0.400E-01 0.500E-01 0.400E-01 -0.149E-06 -0.894E-07 -0.298E-07 -0.894E-07 0.300E-01 0.894E-07 0.300E-01 0.300E-01 0.500E-01 0.298E-07 0.500E-01 0.500E-01 0.500E-01 0.300E-01 0.300E-01 0.300E-01 -0.894E-07 0.500E-01 0.500E-01 0.500E-01
0. 0.500E-01 0.500E-01 0.500E-01 0.500E-01 0.500E-01 0.500E-01 0.500E-01 0.500E-01 0.500E-01 0.500E-01 0.500E-01 0.500E-01 0.500E-01 0.500E-01 0.387E-06 0.500E-01 0.500E-01 0.500E-01 0.328E-06 -0.328E-06 -0.447E-06 0.400E-01 0.209E-06 0.209E-06 0.328E-06 0.268E-06 -0.298E-07 0.328E-06 -0.328E-06 0.209E-06 0.400E-01 0.400E-01 0.400E-01 0.387E-06 0.507E-06 0.400E-01 -0.387E-06 0.298E-07 0.400E-01 0.500E-01 0.387E-06 -0.894E-07 -0.894E-07 0.894E-07 -0.894E-07 0.400E-01 0.300E-01 0.300E-01 0.500E-01 -0.209E-06 0.894E-07 0.894E-07 0.500E-01 0.500E-01 0.500E-01 0.500E-01 0.500E-01 0.500E-01 0.500E-01 0.500E-01 0.500E-01
-0.894E-07 0.400E-01 0.500E-01 0.500E-01 0.500E-01 0.500E-01 0.500E-01 0.500E-01 0.500E-01 0.400E-01 0.500E-01 0.500E-01 0.500E-01 0.500E-01 0.500E-01 -0.328E-06 0.500E-01 0.500E-01 0.500E-01 -0.387E-06 0.209E-06 0.209E-06 -0.149E-06 0.328E-06 -0.328E-06 0.209E-06 -0.298E-07 0.328E-06 0.298E-07 0.209E-06 0.400E-01 0.400E-01 0.328E-06 0.149E-06 0.894E-07 0.400E-01 0.400E-01 0.387E-06 0.209E-06 0.400E-01 0.400E-01 0.400E-01 0.400E-01 0.209E-06 -0.149E-06 0.894E-07 0.209E-06 0.500E-01 -0.894E-07 0.894E-07 0.298E-07 -0.894E-07 0.894E-07 0.500E-01 0.500E-01 0.500E-01 0.500E-01 0.298E-07 0.298E-07 0.298E-07 -0.298E-07 -0.209E-06
0.500E-01 0.500E-01 0.500E-01 0.500E-01 0.500E-01 0.500E-01 0.500E-01 0.500E-01 0.500E-01 0.400E-01 0.328E-06 0.500E-01 0.500E-01 -0.328E-06 0.209E-06 0.328E-06 0.500E-01 0.500E-01 -0.328E-06 0.447E-06 0.209E-06 0.209E-06 0.387E-06 -0.447E-06 0.328E-06 -0.328E-06 0.209E-06 0.328E-06 0.387E-06 0.209E-06 0.400E-01 0.400E-01 -0.328E-06 0.400E-01 0.400E-01 0.400E-01 0.500E-01 0.400E-01 0.400E-01 0.400E-01 0.400E-01 0.500E-01 0.500E-01 0.894E-07 0.149E-06 0.373E-07 0.209E-06 0.500E-01 0.298E-07 0.894E-07 0.300E-01 0.298E-07 0.298E-07 0.500E-01 0.500E-01 0.298E-07 0.298E-07 0.298E-07 0.300E-01 0.300E-01 0.300E-01 0.894E-07
0.500E-01 0.500E-01 0.500E-01 -0.149E-06 0.500E-01 0.500E-01 0.500E-01 0.500E-01 0.500E-01 0.400E-01 -0.328E-06 0.298E-07 0.268E-06 0.209E-06 -0.328E-06 -0.328E-06 0.500E-01 0.500E-01 0.500E-01 0.209E-06 0.400E-01 0.500E-01 -0.894E-07 0.500E-01 0.500E-01 0.328E-06 -0.328E-06 0.209E-06 -0.328E-06 0.500E-01 -0.328E-06 0.209E-06 0.209E-06 0.400E-01 0.400E-01 0.400E-01 0.400E-01 0.400E-01 0.400E-01 0.400E-01 0.500E-01 0.500E-01 0.500E-01 0.500E-01 0.500E-01 -0.149E-06 0.400E-01 0.300E-01 0.209E-06 0.300E-01 0.300E-01 0.500E-01 0.500E-01 0.100 0.298E-07 0.500E-01 0.298E-07 0.300E-01 0.300E-01 0.300E-01 0.300E-01 0.209E-06
0.500E-01 0.500E-01 0.500E-01 0.500E-01 0.500E-01 0.500E-01 0.500E-01 0.400E-01 0.400E-01 0.209E-06 0.209E-06 0.387E-06 -0.328E-06 0.209E-06 0.209E-06 -0.328E-06 0.149E-06 0.328E-06 0.500E-01 0.500E-01 -0.328E-06 0.209E-06 0.500E-01 0.500E-01 0.500E-01 0.894E-07 0.500E-01 -0.328E-06 0.209E-06 0.209E-06 0.894E-07 -0.298E-07 -0.894E-07 -0.328E-06 -0.328E-06 0.400E-01 0.400E-01 0.400E-01 0.400E-01 0.500E-01 0.100 0.100 0.100 0.500E-01 0.400E-01 0.500E-01 0.300E-01 0.300E-01 0.298E-07 0.300E-01 0.500E-01 0.500E-01 0.100 0.100 0.500E-01 0.500E-01 0.500E-01 0.500E-01 0.300E-01 0.300E-01 0.300E-01 -0.894E-07
0.500E-01 0.500E-01 0.500E-01 0.500E-01 0.500E-01 0.500E-01 0.500E-01 0.328E-06 -0.894E-07 -0.328E-06 0.209E-06 0.894E-07 -0.209E-06 -0.328E-06 0.209E-06 0.209E-06 -0.298E-07 0.209E-06 -0.894E-07 0.500E-01 -0.387E-06 -0.894E-07 0.298E-07 -0.447E-06 0.500E-01 -0.328E-06 0.149E-06 -0.209E-06 -0.268E-06 0.298E-07 -0.328E-06 -0.328E-06 0.209E-06 -0.209E-06 0.209E-06 0.209E-06 0.387E-06 0.400E-01 0.400E-01 0.100 0.500E-01 0.500E-01 0.500E-01 0.300E-01 0.300E-01 0.500E-01 0.300E-01 0.300E-01 0.300E-01 0.500E-01 0.100 0.500E-01 0.500E-01 0.500E-01 0.500E-01 0.300E-01 0.500E-01 0.300E-01 0.300E-01 0.300E-01 0.300E-01 -0.298E-07
0.500E-01 -0.328E-06 -0.507E-06 0.209E-06 0.328E-06 -0.387E-06 0.400E-01 -0.298E-07 0.149E-06 0.209E-06 0.209E-06 0.400E-01 -0.328E-06 0.400E-01 0.209E-06 0.328E-06 -0.328E-06 0.328E-06 0.500E-01 0.328E-06 -0.328E-06 0.209E-06 -0.268E-06 -0.447E-06 0.447E-06 0.209E-06 0.447E-06 -0.298E-07 0.298E-07 0.209E-06 0.447E-06 0.209E-06 0.209E-06 0.298E-07 -0.894E-07 0.209E-06 -0.894E-07 0.500E-01 0.500E-01 0.300E-01 0.300E-01 0.300E-01 0.500E-01 0.300E-01 0.300E-01 0.300E-01 0.300E-01 0.300E-01 0.300E-01 0.800E-01 0.100 0.500E-01 0.500E-01 0.300E-01 0.300E-01 0.300E-01 0.300E-01 0.300E-01 0.300E-01 0.300E-01 0.298E-07 0.298E-07
