share/VS_Project/swb/x64/Debug/MASS_BALANCE_08_11_1990.asc
NCOLS        340
NROWS        316
XLLCORNER     528502.530
YLLCORNER     274871.653
CELLSIZE        100.000
NODATA_VALUE    -9999.000
[rows 270 to 296 of 316, columns 244 to 304 of 340]
-0.253E-06 0.104E-06 -0.119E-06 -0.253E-06 -0.134E-06 -0.134E-06 0.300E-01 0.300E-01 0.300E-01 0.500E-01 0.500E-01 0.500E-01 0.500E-01 0.500E-01 0.500E-01 0.300E-01 0.462E-06 0.104E-06 -0.134E-06 0.104E-06 -0.134E-06 0.224E-06 0.104E-06 -0.149E-07 0.300E-01 -0.119E-06 -0.492E-06 0.104E-06 -0.149E-07 -0.134E-06 0.104E-06 -0.134E-06 0.300E-01 0.300E-01 0.300E-01 -0.149E-07 -0.119E-06 -0.358E-06 0.224E-06 -0.134E-06 -0.134E-06 0.119E-06 0.224E-06 -0.149E-07 -0.134E-06 -0.134E-06 -0.134E-06 -0.134E-06 0.119E-06 -0.134E-06 0.119E-06 -0.134E-06 -0.238E-06 0.238E-06 0.238E-06 -0.238E-06 -0.238E-06 -0.253E-06 -0.253E-06 -0.253E-06 0.104E-06
0.300E-01 0.300E-01 0.300E-01 -0.149E-07 0.104E-06 -0.253E-06 0.300E-01 0.500E-01 -0.149E-07 0.500E-01 0.300E-01 0.300E-01 0.500E-01 0.500E-01 0.500E-01 0.500E-01 0.500E-01 -0.373E-06 0.224E-06 -0.373E-06 0.104E-06 -0.492E-06 0.300E-01 0.300E-01 -0.119E-06 0.500E-01 -0.149E-07 -0.492E-06 -0.253E-06 -0.253E-06 0.119E-06 -0.149E-07 0.300E-01 0.300E-01 0.300E-01 -0.492E-06 -0.253E-06 -0.477E-06 0.500E-01 -0.134E-06 -0.134E-06 -0.253E-06 -0.134E-06 -0.149E-07 0.104E-06 -0.134E-06 -0.134E-06 -0.134E-06 0.358E-06 -0.134E-06 0.104E-06 -0.134E-06 -0.134E-06 -0.134E-06 0.224E-06 -0.134E-06 0.224E-06 -0.477E-06 -0.253E-06 -0.253E-06 -0.253E-06
0.224E-06 -0.149E-07 -0.149E-07 0.224E-06 -0.119E-06 -0.119E-06 -0.119E-06 -0.149E-07 -0.134E-06 -0.149E-07 -0.149E-07 0.224E-06 0.104E-06 -0.149E-07 -0.149E-07 -0.253E-06 -0.253E-06 -0.149E-07 0.104E-06 0.104E-06 0.104E-06 0.500E-01 0.104E-06 0.500E-01 0.224E-06 0.500E-01 -0.253E-06 -0.253E-06 -0.134E-06 -0.134E-06 -0.119E-06 0. 0.300E-01 0.300E-01 0. 0. 0.358E-06 -0.238E-06 -0.238E-06 -0.253E-06 -0.134E-06 -0.134E-06 -0.134E-06 0.224E-06 0.238E-06 -0.134E-06 -0.134E-06 -0.134E-06 0.104E-06 0.104E-06 0. -0.134E-06 -0.134E-06 0.104E-06 -0.134E-06 0.104E-06 0.104E-06 -0.477E-06 -0.253E-06 0.104E-06 -0.253E-06
-0.253E-06 -0.253E-06 -0.149E-07 0.300E-01 0.300E-01 0.300E-01 0.300E-01 0.300E-01 0.300E-01 0.462E-06 -0.149E-07 0.300E-01 0.300E-01 0.300E-01 0.300E-01 -0.253E-06 -0.134E-06 0.224E-06 -0.134E-06 0.104E-06 0.104E-06 0.104E-06 0.224E-06 0.104E-06 0.224E-06 0.300E-01 -0.149E-07 -0.373E-06 0.104E-06 -0.119E-06 0.300E-01 0.300E-01 0.300E-01 0.500E-01 0.500E-01 -0.373E-06 -0.149E-07 -0.134E-06 0. 0.358E-06 -0.134E-06 -0.134E-06 -0.238E-06 -0.238E-06 -0.134E-06 -0.134E-06 0.104E-06 -0.134E-06 0.119E-06 0.224E-06 -0.134E-06 -0.134E-06 0.104E-06 0.104E-06 0.104E-06 0.104E-06 0.104E-06 0.238E-06 0.104E-06 -0.253E-06 -0.127E-06
0.300E-01 0.300E-01 0.300E-01 0.300E-01 0.300E-01 0.300E-01 0.300E-01 0.300E-01 0.300E-01 0.300E-01 -0.149E-07 0.104E-06 0.300E-01 0.300E-01 0.300E-01 0.300E-01 -0.253E-06 0.300E-01 0.300E-01 0.596E-06 -0.373E-06 0.500E-01 -0.246E-06 0.104E-06 0.500E-01 0.500E-01 0.500E-01 -0.492E-06 0.300E-01 0.300E-01 0.300E-01 0.300E-01 0.300E-01 0.300E-01 0.300E-01 -0.149E-07 0.462E-06 -0.149E-07 -0.238E-06 -0.134E-06 -0.253E-06 -0.715E-06 0.119E-06 -0.134E-06 0.104E-06 -0.134E-06 -0.134E-06 0.104E-06 -0.134E-06 0.224E-06 0.500E-01 -0.134E-06 0.104E-06 0.224E-06 0.104E-06 0.224E-06 -0.253E-06 0.477E-06 -0.127E-06 -0.745E-08 0.350E-06
-0.149E-07 -0.149E-07 -0.253E-06 0.104E-06 0.300E-01 0.300E-01 0.300E-01 0.300E-01 0.300E-01 0.300E-01 0.300E-01 0.300E-01 0.300E-01 0.300E-01 -0.134E-06 -0.134E-06 -0.253E-06 -0.253E-06 0.300E-01 0.104E-06 0.104E-06 0.500E-01 -0.849E-06 0.500E-01 0.500E-01 0.100 -0.149E-07 -0.492E-06 -0.253E-06 0.300E-01 -0.492E-06 0.300E-01 -0.149E-07 -0.149E-07 -0.149E-07 -0.149E-07 -0.492E-06 0.500E-01 0.500E-01 -0.238E-06 -0.238E-06 -0.134E-06 -0.134E-06 -0.134E-06 0.104E-06 0.447E-07 -0.134E-06 -0.134E-06 0. 0.500E-01 0.104E-06 -0.134E-06 0.500E-01 0.104E-06 0.104E-06 0.358E-06 0.500E-01 0.500E-01 0.500E-01 0.100 0.100
0.300E-01 0.300E-01 0.300E-01 0.300E-01 -0.149E-07 0.300E-01 0.300E-01 0.300E-01 0.300E-01 0.300E-01 0.300E-01 0.300E-01 0.104E-06 0.300E-01 0.300E-01 -0.253E-06 0.104E-06 -0.253E-06 0.300E-01 0.104E-06 0.500E-01 -0.253E-06 0.500E-01 0.500E-01 0.500E-01 0.500E-01 0.500E-01 -0.253E-06 0.343E-06 0.300E-01 0.300E-01 0.300E-01 -0.134E-06 0.104E-06 -0.149E-07 -0.149E-07 0.104E-06 -0.134E-06 0.300E-01 -0.134E-06 -0.477E-06 0.119E-06 -0.134E-06 -0.134E-06 0.104E-06 0. -0.134E-06 0.104E-06 -0.134E-06 0.500E-01 0.104E-06 -0.134E-06 0.104E-06 0.104E-06 0.104E-06 0.104E-06 0.100 0.100 0.100 0.100 0.500E-01
0.300E-01 0.300E-01 0.300E-01 0.300E-01 0.300E-01 0.300E-01 -0.149E-07 0.300E-01 -0.253E-06 -0.253E-06 0.104E-06 0.231E-06 0.224E-06 -0.134E-06 0.104E-06 0.104E-06 0.300E-01 0.300E-01 0.300E-01 0.500E-01 0.500E-01 0.343E-06 0.500E-01 -0.373E-06 0.500E-01 0.500E-01 0.500E-01 0.104E-06 -0.253E-06 0.300E-01 0.300E-01 0.300E-01 -0.149E-07 -0.119E-06 -0.119E-06 -0.149E-07 -0.134E-06 -0.134E-06 0.300E-01 0.224E-06 -0.238E-06 0.104E-06 0.238E-06 -0.134E-06 0.500E-01 0.500E-01 0.500E-01 -0.253E-06 -0.149E-07 -0.149E-07 0.104E-06 -0.134E-06 0.104E-06 0.104E-06 0.224E-06 0.500E-01 0.500E-01 0.500E-01 0.100 0.500E-01 0.104E-06
0.300E-01 0.300E-01 0.300E-01 -0.134E-06 0.104E-06 -0.149E-07 -0.253E-06 0.300E-01 0.300E-01 0.104E-06 -0.134E-06 -0.134E-06 -0.149E-07 0.104E-06 0.300E-01 0.104E-06 -0.149E-07 0.300E-01 0.500E-01 0.104E-06 0.300E-01 0.300E-01 -0.149E-07 -0.149E-07 0.104E-06 -0.373E-06 0.343E-06 0.104E-06 0.500E-01 0.300E-01 0.300E-01 0.300E-01 -0.119E-06 -0.149E-07 -0.149E-07 -0.149E-07 -0.134E-06 0.500E-01 0.500E-01 -0.149E-07 0.477E-06 -0.134E-06 -0.134E-06 0.104E-06 0. 0.500E-01 0.500E-01 0.104E-06 -0.149E-07 0.104E-06 0.104E-06 0.104E-06 0.500E-01 0.500E-01 0.104E-06 0.500E-01 0.104E-06 -0.134E-06 -0.149E-07 0.224E-06 -0.134E-06
0.300E-01 0.104E-06 -0.745E-08 0.104E-06 -0.149E-07 0.104E-06 -0.149E-07 0.104E-06 0.104E-06 0.112E-06 -0.246E-06 0.343E-06 0.104E-06 -0.149E-07 0.231E-06 0.300E-01 0.300E-01 0.104E-06 0.500E-01 0.104E-06 0.300E-01 0.300E-01 0.300E-01 0.300E-01 0.104E-06 0.500E-01 0.500E-01 0.343E-06 0.500E-01 0.300E-01 0.300E-01 0.300E-01 0.300E-01 0.300E-01 0.300E-01 0.300E-01 0.500E-01 -0.119E-06 -0.119E-06 0.447E-07 -0.134E-06 -0.134E-06 0.104E-06 0. 0. 0. -0.149E-07 0.104E-06 0.104E-06 -0.134E-06 -0.149E-07 0.104E-06 0.104E-06 -0.134E-06 0.500E-01 0.100 0.119E-06 0.104E-06 -0.149E-07 -0.134E-06 0.119E-06
-0.253E-06 -0.253E-06 0.104E-06 0.104E-06 0.300E-01 0.104E-06 -0.149E-07 -0.253E-06 -0.253E-06 -0.127E-06 -0.253E-06 -0.134E-06 -0.134E-06 0.224E-06 -0.253E-06 0.343E-06 -0.246E-06 0.500E-01 0.500E-01 0.300E-01 -0.134E-06 0.300E-01 0.300E-01 0.300E-01 -0.253E-06 0.300E-01 0.300E-01 0.300E-01 0.500E-01 0.300E-01 0.300E-01 0.300E-01 0.300E-01 0.300E-01 0.300E-01 -0.149E-07 0.500E-01 -0.119E-06 0.104E-06 -0.134E-06 -0.134E-06 -0.134E-06 0.238E-06 0. -0.149E-07 -0.149E-07 0. 0. 0. -0.134E-06 0.104E-06 -0.238E-06 0.500E-01 -0.134E-06 0.800E-01 0.100 0.500E-01 0.224E-06 0.104E-06 -0.134E-06 -0.134E-06
-0.253E-06 0.104E-06 0.104E-06 0.104E-06 0.104E-06 -0.253E-06 0.300E-01 0.224E-06 -0.238E-06 -0.127E-06 0.104E-06 0.300E-01 0.300E-01 0.300E-01 0.300E-01 0.300E-01 -0.134E-06 0.500E-01 0.224E-06 -0.253E-06 0.300E-01 0.300E-01 0.300E-01 0.300E-01 0.300E-01 0.300E-01 0.300E-01 0.300E-01 0.300E-01 0.300E-01 0.300E-01 0.300E-01 0.300E-01 0.300E-01 0.300E-01 0.300E-01 0.500E-01 0.300E-01 0.500E-01 0.300E-01 0.300E-01 0.300E-01 0. 0.104E-06 0.104E-06 0.500E-01 0.119E-06 0. 0.238E-06 -0.253E-06 0.119E-06 0.104E-06 -0.134E-06 0.500E-01 0.104E-06 0.100 0.104E-06 0.104E-06 0.104E-06 -0.119E-06 -0.253E-06
0.224E-06 0.104E-06 -0.253E-06 -0.253E-06 -0.149E-07 0.300E-01 0.300E-01 0. 0.104E-06 -0.134E-06 0.300E-01 0.300E-01 -0.134E-06 -0.149E-07 0.300E-01 -0.134E-06 -0.134E-06 0.500E-01 -0.149E-07 0.462E-06 0.104E-06 0.300E-01 0.300E-01 0.300E-01 0.300E-01 0.300E-01 0.300E-01 0.300E-01 0.300E-01 0.300E-01 0.300E-01 0.300E-01 0.300E-01 0.300E-01 0.300E-01 0.500E-01 0.100 0.100 0.100 0.100 0.300E-01 0.300E-01 0.300E-01 0.300E-01 -0.149E-07 0.104E-06 0.104E-06 -0.134E-06 -0.477E-06 -0.253E-06 -0.253E-06 0.104E-06 0.104E-06 0.358E-06 0.104E-06 0.104E-06 0.104E-06 0.104E-06 0.224E-06 0.104E-06 -0.134E-06
-0.134E-06 -0.149E-07 -0.253E-06 -0.253E-06 0.300E-01 0.300E-01 0.300E-01 0.300E-01 0.300E-01 0.500E-01 0.104E-06 0.300E-01 -0.492E-06 -0.492E-06 0.300E-01 -0.149E-07 -0.253E-06 0.300E-01 0.500E-01 0.500E-01 0.104E-06 -0.253E-06 0.300E-01 0.300E-01 0.300E-01 0.300E-01 0.300E-01 0.300E-01 0.300E-01 0.300E-01 0.300E-01 0.300E-01 0.300E-01 0.300E-01 0.300E-01 -0.134E-06 0.100 0.100 0.100 0.300E-01 0.300E-01 0.300E-01 0.300E-01 0.300E-01 -0.149E-07 -0.134E-06 0.500E-01 0.300E-01 0.300E-01 -0.253E-06 -0.134E-06 0.500E-01 0. 0.500E-01 0.300E-01 0.300E-01 0.104E-06 0.104E-06 -0.149E-07 0.104E-06 -0.134E-06
0.104E-06 -0.134E-06 0.300E-01 0.300E-01 0.300E-01 0.300E-01 0.300E-01 0.500E-01 0.500E-01 0.500E-01 -0.492E-06 0.500E-01 -0.492E-06 -0.492E-06 0.300E-01 0.300E-01 0.300E-01 0.300E-01 0.300E-01 0.112E-06 0.300E-01 0.104E-06 -0.253E-06 -0.134E-06 0.300E-01 0.300E-01 0.300E-01 0.300E-01 0.300E-01 0.300E-01 0.300E-01 0.300E-01 0.300E-01 0.500E-01 0.500E-01 0.500E-01 0.500E-01 0.500E-01 0.500E-01 0.300E-01 0.300E-01 0.300E-01 0.300E-01 0.104E-06 -0.149E-07 0.343E-06 0.104E-06 0.300E-01 0.300E-01 0.300E-01 0.500E-01 0.500E-01 0.500E-01 0. 0. 0.224E-06 0.224E-06 0.104E-06 -0.149E-07 -0.134E-06 -0.134E-06
-0.149E-07 0.300E-01 0.300E-01 0.300E-01 0.300E-01 0.500E-01 0.500E-01 0.500E-01 0.104E-06 0.500E-01 -0.134E-06 -0.134E-06 -0.134E-06 0.300E-01 0.300E-01 0.300E-01 0.300E-01 0.300E-01 0.300E-01 0.104E-06 -0.253E-06 -0.134E-06 -0.127E-06 0.343E-06 0.300E-01 0.300E-01 0.300E-01 0.300E-01 0.300E-01 0.300E-01 0.300E-01 0.300E-01 0.300E-01 0.300E-01 0.300E-01 0.300E-01 0.300E-01 0.300E-01 -0.253E-06 0.300E-01 0.300E-01 0.300E-01 0.300E-01 -0.127E-06 0.104E-06 0.119E-06 0.500E-01 0.300E-01 0.300E-01 0.300E-01 -0.253E-06 0.500E-01 -0.149E-07 0.104E-06 0.300E-01 -0.134E-06 -0.253E-06 -0.134E-06 0.500E-01 -0.149E-07 -0.134E-06
0.300E-01 0.300E-01 0.300E-01 0.104E-06 0.500E-01 0.300E-01 0.300E-01 0.500E-01 0.104E-06 -0.134E-06 -0.134E-06 -0.134E-06 0.300E-01 0.300E-01 0.300E-01 0.300E-01 0.300E-01 0.300E-01 -0.134E-06 -0.253E-06 0.300E-01 0.300E-01 0.500E-01 0.500E-01 0.500E-01 0.300E-01 0.300E-01 0.300E-01 0.300E-01 0.300E-01 0.300E-01 0.300E-01 0.300E-01 0.300E-01 0.300E-01 0.300E-01 0.300E-01 0.300E-01 0.104E-06 0.300E-01 0.300E-01 0.300E-01 0.300E-01 0.300E-01 -0.119E-06 0.300E-01 0.300E-01 0.300E-01 0.300E-01 0.300E-01 -0.253E-06 0.500E-01 -0.253E-06 -0.134E-06 0.300E-01 -0.253E-06 -0.253E-06 0.500E-01 0.500E-01 0.500E-01 -0.134E-06
0.300E-01 0.300E-01 0.300E-01 -0.253E-06 0.104E-06 0.300E-01 0.300E-01 0.500E-01 0.300E-01 -0.134E-06 0.300E-01 0.300E-01 0.300E-01 0.300E-01 0.300E-01 0.300E-01 0.300E-01 0.300E-01 -0.134E-06 0.104E-06 0.300E-01 0.500E-01 0.104E-06 0.224E-06 0.500E-01 0.300E-01 0.300E-01 0.300E-01 0.300E-01 0.300E-01 0.300E-01 0.300E-01 0.300E-01 0.300E-01 0.300E-01 0.300E-01 0.300E-01 0.300E-01 0.300E-01 0.300E-01 0.300E-01 0.300E-01 0.300E-01 0.104E-06 0.300E-01 0.300E-01 0.500E-01 0.300E-01 0.300E-01 0.300E-01 -0.492E-06 -0.492E-06 -0.492E-06 -0.134E-06 0.300E-01 -0.253E-06 -0.253E-06 -0.253E-06 -0.253E-06 0.104E-06 -0.149E-07
0.300E-01 0.300E-01 0.104E-06 0.104E-06 0.500E-01 -0.134E-06 0.300E-01 0.300E-01 0.500E-01 -0.134E-06 0.500E-01 0.300E-01 0.300E-01 -0.134E-06 -0.134E-06 0.300E-01 0.300E-01 -0.134E-06 -0.134E-06 0.104E-06 0.104E-06 0.300E-01 -0.253E-06 -0.253E-06 0.300E-01 0.300E-01 0.300E-01 0.300E-01 0.300E-01 0.300E-01 0.300E-01 0.300E-01 0.300E-01 0.500E-01 0.300E-01 0.300E-01 0.300E-01 0.300E-01 0.300E-01 0.300E-01 0.300E-01 0.300E-01 0.300E-01 -0.253E-06 0.104E-06 0.104E-06 0.500E-01 0.300E-01 0.300E-01 0.300E-01 0.500E-01 -0.492E-06 -0.134E-06 -0.134E-06 0.300E-01 -0.134E-06 0.104E-06 -0.134E-06 0.300E-01 -0.149E-07 -0.134E-06
0.300E-01 0.300E-01 0.104E-06 0.500E-01 0.104E-06 0.104E-06 0.300E-01 -0.134E-06 0.500E-01 0.100 0.100 0.300E-01 0.300E-01 0.300E-01 0.300E-01 0.300E-01 0.300E-01 0.300E-01 0.104E-06 -0.149E-07 -0.134E-06 0.104E-06 0.300E-01 0.300E-01 0.477E-06 0.300E-01 0.300E-01 0.300E-01 0.300E-01 0.300E-01 0.300E-01 0.300E-01 -0.492E-06 -0.149E-07 0.238E-06 -0.127E-06 0.300E-01 0.300E-01 0.500E-01 -0.253E-06 -0.253E-06 0.300E-01 0.300E-01 0.300E-01 0.104E-06 -0.149E-07 0.500E-01 0.300E-01 0.300E-01 0.500E-01 0.500E-01 0.500E-01 0.104E-06 0.224E-06 0.300E-01 -0.149E-07 -0.149E-07 0.300E-01 0.300E-01 -0.149E-07 -0.134E-06
0.300E-01 0.300E-01 0.300E-01 0.100 0.100 0.100 0.500E-01 0.500E-01 0.100 0.100 0.100 0.104E-06 -0.253E-06 0.300E-01 0.300E-01 0.300E-01 0.300E-01 0.104E-06 -0.134E-06 0.104E-06 -0.134E-06 0.300E-01 -0.253E-06 0.104E-06 0.300E-01 0.300E-01 0.300E-01 0.300E-01 0.300E-01 0.300E-01 0.300E-01 0.300E-01 0.300E-01 -0.149E-07 -0.238E-06 -0.745E-08 0.300E-01 0.300E-01 -0.134E-06 0.104E-06 -0.253E-06 0.300E-01 0.300E-01 0.300E-01 0.500E-01 -0.149E-07 0.462E-06 0.500E-01 -0.149E-07 -0.492E-06 0.300E-01 -0.149E-07 0.104E-06 -0.134E-06 -0.745E-08 -0.119E-06 -0.149E-07 0.300E-01 -0.149E-07 0.104E-06 -0.253E-06
0.300E-01 0.300E-01 0.300E-01 0.100 0.100 0.500E-01 0.300E-01 0.500E-01 0.100 0.100 0.100 0.500E-01 -0.127E-06 0.300E-01 0.300E-01 -0.134E-06 -0.134E-06 0.104E-06 0.104E-06 -0.253E-06 -0.253E-06 0.300E-01 0.343E-06 0.300E-01 0.300E-01 0.300E-01 0.300E-01 0.300E-01 0.300E-01 0.300E-01 0.300E-01 0.300E-01 0.300E-01 -0.149E-07 -0.149E-07 0.119E-06 0.300E-01 -0.134E-06 -0.253E-06 -0.253E-06 -0.253E-06 0.300E-01 0.300E-01 0.343E-06 0.343E-06 -0.149E-07 -0.149E-07 -0.492E-06 -0.149E-07 0.596E-06 0.500E-01 -0.149E-07 -0.149E-07 0.104E-06 0.104E-06 -0.149E-07 0.300E-01 0.500E-01 -0.253E-06 -0.134E-06 -0.149E-07
0.500E-01 -0.253E-06 0.300E-01 0.100 0.100 0.100 0.300E-01 0.500E-01 0.500E-01 0.100 0.100 0.104E-06 0.300E-01 0.300E-01 -0.134E-06 -0.134E-06 -0.134E-06 0.104E-06 -0.134E-06 0.104E-06 -0.149E-07 0.300E-01 0.596E-06 0.300E-01 0.300E-01 0.300E-01 0.300E-01 0.300E-01 0.300E-01 0.300E-01 0.300E-01 0.300E-01 0.300E-01 -0.134E-06 0.104E-06 0.500E-01 0.104E-06 -0.149E-07 -0.253E-06 0.104E-06 -0.149E-07 0.300E-01 -0.134E-06 0.104E-06 -0.149E-07 -0.373E-06 0.343E-06 -0.149E-07 -0.149E-07 0.104E-06 0.500E-01 0.500E-01 -0.149E-07 -0.149E-07 -0.149E-07 0.104E-06 0.300E-01 0.300E-01 0.104E-06 -0.253E-06 0.500E-01
0.500E-01 0.300E-01 0.500E-01 0.100 0.100 0.100 0.500E-01 0.500E-01 0.500E-01 0.100 0.100 0.500E-01 0.300E-01 0.300E-01 -0.134E-06 -0.134E-06 -0.253E-06 -0.134E-06 0.112E-06 -0.149E-07 -0.119E-06 -0.492E-06 0.224E-06 0.343E-06 0.300E-01 0.300E-01 0.300E-01 0.300E-01 0.300E-01 0.300E-01 0.300E-01 0.300E-01 0.300E-01 -0.134E-06 0.300E-01 0.300E-01 -0.253E-06 0.300E-01 0.104E-06 0.300E-01 -0.134E-06 0.112E-06 -0.134E-06 0.500E-01 0.224E-06 -0.149E-07 0.238E-06 -0.127E-06 0.300E-01 0.300E-01 0.500E-01 0.500E-01 -0.149E-07 0.500E-01 -0.134E-06 0.300E-01 0.300E-01 0.300E-01 -0.119E-06 -0.253E-06 0.500E-01
0.500E-01 0.500E-01 0.100 0.100 0.100 0.100 0.100 0.100 0.100 0.100 0.100 0.300E-01 0.300E-01 -0.149E-07 0.300E-01 0.112E-06 0.500E-01 0.500E-01 0.300E-01 -0.492E-06 0.462E-06 -0.119E-06 -0.745E-08 0.343E-06 0.300E-01 0.300E-01 0.300E-01 0.300E-01 0.300E-01 0.300E-01 0.300E-01 0.300E-01 0.300E-01 0.300E-01 0.300E-01 0.104E-06 -0.253E-06 0.300E-01 0.104E-06 -0.134E-06 -0.253E-06 0.104E-06 0.104E-06 0.500E-01 -0.253E-06 0.343E-06 0.104E-06 0.238E-06 0.300E-01 0.300E-01 -0.253E-06 0.500E-01 -0.149E-07 0.500E-01 0.300E-01 0.300E-01 -0.134E-06 0.224E-06 -0.119E-06 -0.119E-06 -0.253E-06
0.500E-01 0.300E-01 0.100 0.100 0.100 0.100 0.100 0.100 0.100 0.100 0.100 0.224E-06 0.500E-01 0.104E-06 -0.149E-07 0.104E-06 0.104E-06 0.104E-06 0.300E-01 0.300E-01 0.300E-01 0.300E-01 0.300E-01 0.500E-01 -0.373E-06 -0.492E-06 0.300E-01 0.300E-01 0.300E-01 0.300E-01 0.300E-01 0.300E-01 0.300E-01 0.300E-01 0.300E-01 0.300E-01 0.104E-06 0.300E-01 0.104E-06 0.300E-01 -0.253E-06 -0.253E-06 -0.253E-06 -0.253E-06 -0.253E-06 -0.253E-06 -0.149E-07 0.500E-01 0.300E-01 -0.127E-06 0.104E-06 0.500E-01 0.500E-01 -0.149E-07 -0.253E-06 0.300E-01 -0.134E-06 0.224E-06 -0.134E-06 -0.119E-06 -0.134E-06
0.100 0.500E-01 -0.134E-06 0.100 0.100 0.500E-01 0.500E-01 0.500E-01 0.500E-01 0.500E-01 0.500E-01 0.500E-01 0.500E-01 0.104E-06 0.104E-06 0.500E-01 0.500E-01 0.104E-06 0.300E-01 -0.149E-07 -0.253E-06 0.300E-01 0.300E-01 0.500E-01 0.500E-01 -0.253E-06 -0.134E-06 0.300E-01 0.300E-01 0.300E-01 0.300E-01 0.300E-01 0.300E-01 0.300E-01 0.300E-01 0.300E-01 0.104E-06 0.300E-01 -0.134E-06 0.300E-01 -0.134E-06 -0.253E-06 0.104E-06 -0.253E-06 -0.253E-06 -0.253E-06 0.104E-06 0.500E-01 0.500E-01 -0.253E-06 -0.253E-06 0.500E-01 -0.253E-06 -0.253E-06 -0.253E-06 0.300E-01 0.300E-01 -0.253E-06 -0.253E-06 -0.253E-06 -0.149E-07
