share/VS_Project/swb/x64/Debug/MASS_BALANCE_06_29_1990.asc
NCOLS        340
NROWS        316
XLLCORNER     528502.530
YLLCORNER     274871.653
CELLSIZE        100.000
NODATA_VALUE    -9999.000
[rows 216 to 242 of 316, columns 124 to 185 of 340]
0.224E-07 0.112E-06 0.500E-01 0.500E-01 0.224E-07 0.112E-06 0.500E-01 0.216E-06 0.224E-07 0.224E-07 0.112E-06 -0.671E-07 0.112E-06 0.224E-07 0.300E-01 -0.186E-06 0.171E-06 -0.820E-07 0.224E-07 -0.820E-07 0.300E-01 0.224E-07 0.112E-06 0.112E-06 0.112E-06 0.112E-06 0.112E-06 -0.231E-06 -0.156E-06 0.500E-01 0.300E-01 0.224E-07 0.300E-01 0.300E-01 0.300E-01 0.300E-01 0.300E-01 0.300E-01 -0.820E-07 0.522E-07 0.112E-06 0.224E-07 0.224E-07 0.224E-07 0.500E-01 0.500E-01 -0.820E-07 0.224E-07 0.300E-01 0.300E-01 0.300E-01 0.300E-01 -0.112E-06 0.224E-07 0.300E-01 0.300E-01 0.112E-06 0.112E-06 0.142E-06 0.300E-01 0.300E-01 0.112E-06
0.224E-07 0.112E-06 -0.671E-07 0.100 0.112E-06 0.112E-06 0.500E-01 -0.142E-06 0.500E-01 0.112E-06 0.300E-01 0.156E-06 0.300E-01 0.300E-01 0.201E-06 -0.969E-07 -0.231E-06 0.500E-01 0.300E-01 0.300E-01 0.300E-01 -0.820E-07 0.224E-07 -0.171E-06 0.500E-01 -0.671E-07 0.224E-07 0.224E-07 -0.156E-06 0.500E-01 0.300E-01 0.224E-07 0.300E-01 0.500E-01 0.500E-01 -0.820E-07 0.224E-07 0.156E-06 0.224E-07 0.300E-01 -0.156E-06 -0.671E-07 0.224E-07 0.224E-07 0.500E-01 0.500E-01 0.820E-07 0.500E-01 0.300E-01 0.224E-07 0.112E-06 0.500E-01 0.500E-01 0.224E-07 0.745E-08 0.745E-08 -0.671E-07 0.142E-06 0.112E-06 0.300E-01 0.112E-06 -0.201E-06
0.224E-07 0.112E-06 0.112E-06 0.100 -0.142E-06 -0.142E-06 0.500E-01 -0.171E-06 -0.142E-06 0.300E-01 0.300E-01 0.156E-06 0.300E-01 0.300E-01 0.300E-01 0.300E-01 0.300E-01 0.300E-01 0.300E-01 0.300E-01 0.224E-07 0.224E-07 0.224E-07 0.224E-07 0.112E-06 -0.373E-07 0.500E-01 -0.224E-07 -0.522E-07 0.500E-01 0.500E-01 0.156E-06 0.300E-01 0.300E-01 0.500E-01 0.500E-01 0.300E-01 0.300E-01 0.224E-07 0.500E-01 -0.186E-06 0.112E-06 0.224E-07 0.224E-07 0.500E-01 -0.142E-06 0.500E-01 0.500E-01 0.224E-07 0.224E-07 0.112E-06 0.500E-01 0.500E-01 0.500E-01 0.820E-07 -0.112E-06 0.127E-06 0.224E-07 0.300E-01 0.300E-01 0.723E-06 -0.335E-06
0.500E-01 0.112E-06 0.500E-01 0.100 -0.142E-06 0.100 0.500E-01 0.224E-07 0.300E-01 -0.522E-07 0.224E-07 0.224E-07 0.224E-07 0.224E-07 0.112E-06 0.224E-07 0.224E-07 0.224E-07 -0.820E-07 0.500E-01 0.224E-07 0.224E-07 0.224E-07 0.224E-07 0.224E-07 0.112E-06 0.500E-01 0.969E-07 0.224E-07 0.500E-01 0.500E-01 0.156E-06 0.745E-08 0.156E-06 0.300E-01 0.500E-01 0.500E-01 -0.820E-07 -0.373E-07 0.500E-01 0.500E-01 0.300E-01 0.224E-07 -0.671E-07 0.500E-01 -0.142E-06 -0.142E-06 0.186E-06 -0.142E-06 -0.142E-06 -0.820E-07 0.969E-07 0.156E-06 0.500E-01 0.500E-01 0.500E-01 -0.522E-07 0.142E-06 0.224E-07 0.300E-01 -0.820E-07 0.500E-01
0.100 0.112E-06 0.100 0.100 0.186E-06 0.500E-01 -0.142E-06 0.500E-01 0.300E-01 -0.216E-06 0.300E-01 0.224E-07 0.224E-07 0.224E-07 -0.671E-07 0.112E-06 0.224E-07 0.224E-07 0.224E-07 0.373E-07 0.224E-07 0.224E-07 0.224E-07 0.224E-07 0.500E-01 0.500E-01 0.300E-01 0.300E-01 -0.373E-07 0.156E-06 0.300E-01 0.156E-06 0.500E-01 0.500E-01 0.500E-01 0.500E-01 0.500E-01 -0.224E-07 0.100 0.500E-01 0.300E-01 0.300E-01 -0.969E-07 -0.224E-07 0.100 -0.142E-06 0.500E-01 0.224E-07 -0.156E-06 -0.224E-07 0.300E-01 0.500E-01 0.156E-06 0.156E-06 0.224E-07 -0.127E-06 0.969E-07 0.300E-01 0.500E-01 0.500E-01 0.500E-01 0.300E-01
0.100 -0.373E-07 0.500E-01 0.500E-01 0.820E-07 0.500E-01 0.500E-01 0.100 0.500E-01 0.300E-01 0.300E-01 -0.522E-07 -0.522E-07 0.224E-07 0.224E-07 0.300E-01 0.300E-01 0.300E-01 0.300E-01 0.300E-01 0.500E-01 0.300E-01 0.300E-01 0.300E-01 0.300E-01 0.300E-01 0.300E-01 0.156E-06 0.500E-01 0.300E-01 0.156E-06 0.500E-01 0.100 0.500E-01 0.500E-01 0.100 0.500E-01 0.500E-01 0.100 0.500E-01 0.300E-01 0.300E-01 0.500E-01 0.373E-07 0.500E-01 -0.142E-06 0.500E-01 0.300E-01 0.300E-01 0.500E-01 0.500E-01 -0.142E-06 0.112E-06 0.112E-06 0.300E-01 0.186E-06 0.500E-01 0.500E-01 0.500E-01 0.500E-01 0.300E-01 0.300E-01
0.500E-01 0.500E-01 0.500E-01 0.500E-01 0.500E-01 0.500E-01 0.500E-01 0.100 0.112E-06 0.300E-01 0.300E-01 0.300E-01 -0.522E-07 -0.522E-07 0.112E-06 -0.373E-07 -0.186E-06 -0.373E-07 0.300E-01 0.300E-01 0.500E-01 0.300E-01 0.300E-01 0.500E-01 0.500E-01 0.300E-01 0.500E-01 0.156E-06 0.300E-01 0.156E-06 0.500E-01 0.500E-01 0.500E-01 0.522E-07 0.500E-01 0.500E-01 0.100 0.500E-01 0.500E-01 0.500E-01 0.300E-01 0.300E-01 0.500E-01 0.224E-07 0.500E-01 0.112E-06 0.300E-01 0.300E-01 0.500E-01 0.500E-01 0.500E-01 0.500E-01 0.300E-01 0.500E-01 -0.224E-07 0.156E-06 0.500E-01 0.100 0.100 0.500E-01 0.300E-01 0.500E-01
-0.305E-06 0.500E-01 0.100 0.500E-01 0.112E-06 0.112E-06 -0.142E-06 0.500E-01 0.500E-01 0.500E-01 0.500E-01 0.179E-06 0. -0.522E-07 0.231E-06 -0.171E-06 0.112E-06 0.112E-06 0.112E-06 0.112E-06 0.112E-06 0.500E-01 0.500E-01 0.100 0.500E-01 0.300E-01 0.300E-01 0.300E-01 0.500E-01 0.300E-01 0.500E-01 0.500E-01 0.300E-01 0.500E-01 0.500E-01 0.500E-01 0.500E-01 0.300E-01 0.300E-01 0.300E-01 0.300E-01 0.112E-06 -0.373E-07 0.500E-01 0.500E-01 0.112E-06 0.500E-01 0.500E-01 0.500E-01 0.500E-01 0.500E-01 0.224E-07 0.969E-07 0.500E-01 0.500E-01 0.500E-01 0.100 0.224E-07 0.224E-07 0.224E-07 0.500E-01 0.100
-0.201E-06 0.820E-07 0.500E-01 0.500E-01 -0.522E-07 0.224E-07 0.300E-01 0.112E-06 0.300E-01 0.500E-01 0.820E-07 -0.171E-06 -0.142E-06 0.112E-06 -0.127E-06 -0.142E-06 0.500E-01 0.500E-01 -0.142E-06 -0.142E-06 0.969E-07 0.500E-01 0.224E-07 0.156E-06 0.300E-01 0.300E-01 0.500E-01 0.300E-01 0.156E-06 0.224E-07 0.300E-01 0.300E-01 0.500E-01 0.300E-01 0.300E-01 0.500E-01 0.500E-01 0.300E-01 0.300E-01 0.500E-01 0.500E-01 0.112E-06 -0.373E-07 -0.231E-06 0.300E-01 -0.201E-06 0.500E-01 0.500E-01 0.300E-01 0.224E-07 0.224E-07 0.500E-01 -0.522E-07 0.500E-01 0.112E-06 0.112E-06 0.500E-01 0.224E-07 0.156E-06 -0.522E-07 -0.142E-06 -0.142E-06
0.410E-06 0.224E-07 0.112E-06 0.500E-01 0.500E-01 -0.522E-07 -0.142E-06 -0.142E-06 -0.142E-06 0.300E-01 0.300E-01 0.300E-01 -0.142E-06 -0.522E-07 -0.127E-06 0.112E-06 0.112E-06 -0.820E-07 -0.820E-07 0.300E-01 0.500E-01 0.224E-07 0.500E-01 0.500E-01 0.300E-01 0.300E-01 0.300E-01 0.300E-01 0.112E-06 0.300E-01 0.300E-01 0.500E-01 -0.522E-07 0.300E-01 0.100 0.100 0.820E-07 -0.201E-06 0.300E-01 0.300E-01 0.300E-01 0.112E-06 0.969E-07 0.300E-01 0.300E-01 0.112E-06 0.500E-01 0.112E-06 0.300E-01 0.224E-07 0.500E-01 0.500E-01 0.500E-01 0.156E-06 0.224E-07 0.224E-07 0.224E-07 0.156E-06 0.216E-06 0.500E-01 0.500E-01 0.500E-01
0.100 0.100 0.500E-01 0.100 0.500E-01 0.112E-06 0.300E-01 0.500E-01 0.500E-01 0.300E-01 -0.522E-07 -0.522E-07 0.500E-01 0.112E-06 0.231E-06 -0.745E-08 0.216E-06 0.186E-06 0.171E-06 0.500E-01 0.500E-01 0.500E-01 0.224E-07 0.224E-07 0.300E-01 0.300E-01 0.300E-01 0.300E-01 0.500E-01 0.300E-01 0.500E-01 0.500E-01 0.112E-06 0.500E-01 0.100 0.500E-01 -0.231E-06 -0.201E-06 0.300E-01 0.300E-01 0.112E-06 -0.671E-07 0.127E-06 0.300E-01 0.300E-01 0.500E-01 0.500E-01 0.112E-06 0.500E-01 0.500E-01 0.300E-01 0.300E-01 0.156E-06 0.156E-06 0.224E-07 0.112E-06 -0.142E-06 0.156E-06 0.112E-06 0.500E-01 0.100 0.500E-01
0.100 0.100 0.500E-01 0.500E-01 -0.522E-07 0.224E-07 0.500E-01 0.100 -0.112E-06 -0.231E-06 -0.216E-06 0.300E-01 -0.142E-06 0.745E-08 -0.201E-06 0.171E-06 -0.156E-06 0.112E-06 0.300E-01 0.300E-01 0.500E-01 0.171E-06 0.224E-07 0.224E-07 0.300E-01 0.300E-01 0.500E-01 0.300E-01 -0.969E-07 0.300E-01 0.500E-01 0.112E-06 0.500E-01 0.100 0.500E-01 0.112E-06 0.500E-01 0.820E-07 0.194E-06 0.112E-06 0.112E-06 0.820E-07 -0.231E-06 0.300E-01 0.300E-01 0.500E-01 0.500E-01 0.224E-07 0.224E-07 0.224E-07 0.224E-07 0.224E-07 0.300E-01 0.300E-01 0.500E-01 0.500E-01 0.300E-01 0.500E-01 0.300E-01 0.300E-01 0.100 0.100
0.100 0.100 0.500E-01 0.500E-01 -0.522E-07 0.500E-01 0.100 0.100 0.112E-06 0.112E-06 0.500E-01 0.300E-01 0.112E-06 -0.127E-06 0.112E-06 0.112E-06 0.112E-06 0.112E-06 0.300E-01 0.300E-01 -0.522E-07 0.300E-01 0.300E-01 0.156E-06 0.300E-01 0.500E-01 0.300E-01 0.300E-01 0.500E-01 0.500E-01 -0.522E-07 0.112E-06 0.500E-01 0.100 0.300E-01 0.112E-06 0.300E-01 -0.156E-06 0.300E-01 0.112E-06 0.112E-06 0.112E-06 0.112E-06 0.300E-01 0.300E-01 0.300E-01 0.224E-07 0.224E-07 0.224E-07 0.224E-07 0.224E-07 0.500E-01 0.300E-01 0.300E-01 0.500E-01 0.300E-01 0.300E-01 0.500E-01 0.500E-01 0.500E-01 0.500E-01 0.300E-01
0.500E-01 0.100 0.186E-06 0.500E-01 -0.142E-06 0.100 0.100 0.100 0.500E-01 -0.820E-07 0.112E-06 -0.201E-06 0.300E-01 0.300E-01 -0.522E-07 0.112E-06 0.300E-01 0.671E-07 0.300E-01 0.300E-01 -0.522E-07 0.112E-06 0.112E-06 0.112E-06 0.300E-01 0.500E-01 0.300E-01 0.300E-01 0.300E-01 0.300E-01 -0.522E-07 -0.522E-07 0.500E-01 0.300E-01 -0.522E-07 0.112E-06 0.500E-01 0.300E-01 0.300E-01 0.112E-06 0.224E-07 0.224E-07 0.224E-07 0.224E-07 0.300E-01 0.224E-07 -0.171E-06 0.112E-06 0.500E-01 0.500E-01 0.500E-01 0.500E-01 0.100 0.500E-01 0.300E-01 0.300E-01 0.300E-01 0.300E-01 0.300E-01 0.500E-01 0.500E-01 0.300E-01
0.112E-06 0.500E-01 0.100 0.112E-06 0.100 0.100 0.100 0.100 0.100 0.100 0.100 0.500E-01 0.300E-01 0.112E-06 -0.522E-07 0.224E-07 -0.969E-07 -0.127E-06 0.112E-06 0.300E-01 -0.201E-06 0.112E-06 0.112E-06 -0.171E-06 0.300E-01 0.300E-01 0.300E-01 -0.142E-06 0.300E-01 0.300E-01 0.112E-06 -0.671E-07 0.300E-01 0.300E-01 -0.142E-06 0.224E-07 0.112E-06 0.112E-06 0.112E-06 0.112E-06 0.224E-07 0.224E-07 0.112E-06 -0.820E-07 0.224E-07 0.300E-01 0.224E-07 0.224E-07 0.224E-07 -0.522E-07 -0.522E-07 0.500E-01 0.300E-01 0.300E-01 0.500E-01 0.500E-01 0.300E-01 0.671E-07 0.887E-06 -0.142E-06 0.820E-07 0.224E-07
0.500E-01 0.100 0.100 0.500E-01 0.100 0.100 -0.374E-01 0.100 0.100 0.100 0.100 0.100 0.300E-01 0.300E-01 -0.522E-07 0.112E-06 -0.373E-07 0.300E-01 0.300E-01 0.112E-06 0.500E-01 0.112E-06 0.112E-06 -0.171E-06 0.300E-01 0.300E-01 0.300E-01 0.142E-06 0.112E-06 0.112E-06 0.300E-01 0.300E-01 0.500E-01 0.500E-01 0.500E-01 0.112E-06 0.112E-06 -0.522E-07 0.224E-07 0.500E-01 -0.671E-07 0.112E-06 -0.373E-07 0.224E-07 0.224E-07 0.224E-07 0.224E-07 0.224E-07 0.112E-06 0.112E-06 0.112E-06 -0.373E-07 0.112E-06 -0.201E-06 0.231E-06 -0.171E-06 0.500E-01 0.300E-01 0.500E-01 -0.305E-06 -0.112E-06 -0.142E-06
0.500E-01 0.500E-01 0.100 -0.440E-06 0.100 0.500E-01 0.300E-01 0.300E-01 0.500E-01 0.100 -0.142E-06 0.100 0.300E-01 0.300E-01 0.112E-06 0.112E-06 0.112E-06 0.820E-07 0.300E-01 0.300E-01 -0.522E-07 0.224E-07 0.156E-06 0.127E-06 -0.522E-07 0.300E-01 0.300E-01 0.112E-06 0.112E-06 0.112E-06 0.300E-01 0.300E-01 0.500E-01 0.300E-01 0.300E-01 0.300E-01 0.112E-06 0.224E-07 0.112E-06 0.500E-01 0.224E-07 0.224E-07 0.231E-06 0.500E-01 0.112E-06 0.112E-06 0.224E-07 0.224E-07 0.224E-07 -0.365E-06 0.112E-06 0.112E-06 0.500E-01 0.335E-06 0.224E-07 0.112E-06 0.500E-01 0.224E-07 -0.767E-06 -0.633E-06 0.500E-01 0.112E-06
0.300E-01 0.300E-01 0.500E-01 0.500E-01 0.100 0.500E-01 0.500E-01 0.300E-01 -0.373E-07 -0.142E-06 -0.142E-06 0.500E-01 0.500E-01 0.300E-01 0.112E-06 0.500E-01 0.500E-01 0.500E-01 0.300E-01 0.300E-01 -0.522E-07 0.224E-07 -0.522E-07 -0.522E-07 0.300E-01 0.300E-01 0.300E-01 0.300E-01 0.112E-06 0.201E-06 -0.201E-06 0.745E-08 0.300E-01 0.300E-01 -0.142E-06 -0.201E-06 0.500E-01 0.500E-01 0.300E-01 0.112E-06 0.224E-07 0.224E-07 0.112E-06 -0.522E-07 0.500E-01 0.112E-06 0.500E-01 0.112E-06 0.224E-07 0.500E-01 0.500E-01 0.112E-06 0.500E-01 0.500E-01 -0.216E-06 -0.969E-07 0.224E-07 0.500E-01 0.500E-01 0.224E-07 0.522E-07 0.500E-01
0.300E-01 0.500E-01 0.500E-01 0.500E-01 0.100 -0.671E-07 0.142E-06 -0.142E-06 0.112E-06 -0.201E-06 -0.142E-06 0.500E-01 0.500E-01 -0.171E-06 -0.142E-06 0.112E-06 -0.373E-07 0.500E-01 -0.127E-06 0.224E-07 -0.522E-07 0.224E-07 -0.142E-06 -0.522E-07 0.112E-06 0.300E-01 -0.142E-06 0.500E-01 0.500E-01 0.300E-01 0.300E-01 0.300E-01 0.112E-06 -0.142E-06 -0.231E-06 0.300E-01 0.500E-01 0.500E-01 0.500E-01 -0.224E-07 0.112E-06 0.224E-07 0.112E-06 -0.671E-07 -0.224E-07 0.500E-01 0.500E-01 0.100 0.500E-01 0.500E-01 0.500E-01 0.500E-01 -0.224E-07 -0.224E-07 0.224E-07 0.300E-01 0.500E-01 0.500E-01 0.500E-01 0.500E-01 0.500E-01 0.500E-01
0.300E-01 0.500E-01 0.500E-01 0.500E-01 0.500E-01 -0.142E-06 -0.142E-06 0.112E-06 0.112E-06 -0.373E-07 -0.142E-06 0.300E-01 0.500E-01 0.500E-01 -0.127E-06 -0.522E-07 0.112E-06 0.112E-06 0.112E-06 -0.522E-07 -0.522E-07 -0.522E-07 0.969E-07 0.216E-06 0.142E-06 0.224E-07 -0.142E-06 -0.142E-06 0.224E-07 -0.142E-06 -0.142E-06 -0.142E-06 -0.142E-06 -0.201E-06 -0.142E-06 0.300E-01 0.300E-01 0.500E-01 0.500E-01 -0.216E-06 -0.373E-07 0.112E-06 0.112E-06 -0.373E-07 0.142E-06 0.500E-01 0.500E-01 -0.224E-07 -0.224E-07 0.500E-01 0.500E-01 0.201E-06 0.112E-06 -0.224E-07 0.300E-01 0.500E-01 0.500E-01 0.500E-01 0.500E-01 0.500E-01 0.112E-06 0.500E-01
-0.201E-06 0.500E-01 0. 0.100 0.500E-01 0.500E-01 -0.142E-06 -0.969E-07 0.224E-06 0.745E-07 0.745E-07 0.500E-01 0.500E-01 -0.373E-07 -0.156E-06 -0.127E-06 0.112E-06 -0.373E-07 -0.201E-06 0.127E-06 -0.522E-07 0.112E-06 0.112E-06 -0.171E-06 0.300E-01 0.300E-01 0.300E-01 -0.142E-06 -0.112E-06 -0.142E-06 0.186E-06 -0.171E-06 -0.142E-06 0.500E-01 0.500E-01 0.300E-01 0.300E-01 -0.186E-06 -0.142E-06 0.112E-06 0.500E-01 0.112E-06 0.112E-06 0.112E-06 -0.373E-07 0.500E-01 0.500E-01 0.500E-01 -0.171E-06 0.500E-01 0.395E-06 0.320E-06 -0.454E-06 0.142E-06 0.300E-01 0.500E-01 0.500E-01 0.300E-01 0.112E-06 0.112E-06 0.300E-01 -0.142E-06
0.100 0.100 0.100 0.100 0.100 0.100 -0.820E-07 0.127E-06 -0.745E-08 0.745E-07 -0.142E-06 0.300E-01 0.500E-01 0.500E-01 0.112E-06 -0.127E-06 0. 0.447E-07 0.186E-06 0.300E-01 -0.522E-07 0.300E-01 0.300E-01 0.112E-06 -0.373E-07 -0.820E-07 0.300E-01 -0.142E-06 -0.112E-06 -0.142E-06 -0.142E-06 -0.186E-06 -0.142E-06 -0.142E-06 -0.142E-06 0.300E-01 0.300E-01 0.500E-01 0.500E-01 0.500E-01 0.500E-01 0.500E-01 0.112E-06 0.112E-06 0.112E-06 0.500E-01 0.500E-01 0.500E-01 0.500E-01 0.946E-06 -0.767E-06 0.916E-06 0.300E-01 0.671E-07 0.500E-01 0.500E-01 0.500E-01 0.224E-07 0.112E-06 0.500E-01 0.300E-01 0.300E-01
0.224E-06 0.224E-06 0.500E-01 0.100 0.100 0.100 0.500E-01 0.500E-01 -0.186E-06 0.224E-06 -0.142E-06 -0.142E-06 -0.142E-06 0.224E-06 0.224E-06 0.745E-07 0.112E-06 0.112E-06 0.112E-06 -0.373E-07 0.373E-07 -0.969E-07 0.112E-06 0.112E-06 0.112E-06 -0.373E-07 0.300E-01 0.300E-01 -0.171E-06 0.112E-06 -0.745E-08 -0.142E-06 -0.142E-06 -0.142E-06 -0.142E-06 0.112E-06 0.300E-01 0.300E-01 0.500E-01 0.500E-01 0.500E-01 0.500E-01 0.112E-06 0.112E-06 0.112E-06 0.224E-07 0.224E-07 0.500E-01 0.224E-07 0.500E-01 0.500E-01 0.500E-01 0.500E-01 0.500E-01 0.500E-01 0.500E-01 0.224E-07 0.112E-06 0.500E-01 0.500E-01 0.112E-06 0.300E-01
0.224E-06 0.224E-06 -0.745E-08 0.100 0.100 0.100 0.100 0.100 -0.142E-06 0.500E-01 0.224E-06 0.224E-06 0.745E-07 0.745E-07 0.745E-07 -0.216E-06 0.112E-06 0.745E-07 0.745E-07 0.745E-07 0.500E-01 0.500E-01 0.171E-06 -0.373E-07 0.112E-06 0.112E-06 0.224E-07 0.300E-01 -0.127E-06 0.300E-01 -0.142E-06 0.300E-01 0.112E-06 0.171E-06 0.969E-07 -0.142E-06 0.112E-06 -0.142E-06 0.112E-06 0.500E-01 0.500E-01 -0.745E-08 -0.671E-07 0.224E-07 0.300E-01 0.224E-07 0.500E-01 0.500E-01 0.224E-07 -0.171E-06 0.224E-07 -0.142E-06 0.500E-01 0.300E-01 0.300E-01 0.500E-01 0.112E-06 -0.373E-07 -0.522E-07 -0.522E-07 -0.171E-06 -0.186E-06
0.745E-07 0.745E-07 0.745E-07 0.100 0.100 0.100 0.100 0.100 0.100 0.100 0.100 0.100 0.224E-06 0.171E-06 0.127E-06 0.194E-06 -0.142E-06 -0.142E-06 -0.142E-06 0.745E-07 -0.142E-06 -0.142E-06 -0.142E-06 0.522E-07 0.112E-06 0.112E-06 0.224E-07 -0.201E-06 0.171E-06 -0.142E-06 0.500E-01 0.500E-01 0.300E-01 0.300E-01 0.186E-06 0.112E-06 0.500E-01 0.171E-06 -0.373E-07 0.500E-01 -0.142E-06 0.500E-01 0.500E-01 0.745E-08 -0.745E-08 0.224E-07 0.224E-07 0.224E-07 0.500E-01 0.300E-01 0.500E-01 -0.142E-06 0.500E-01 0.300E-01 0.300E-01 0.500E-01 0.224E-07 0.112E-06 0.500E-01 0.224E-07 0.156E-06 0.500E-01
0.224E-06 0.112E-06 0.142E-06 0.100 0.100 0.100 0.100 0.100 0.100 0.100 0.500E-01 -0.142E-06 0.224E-06 0.224E-06 0.112E-06 0.171E-06 0.820E-07 0.745E-07 0.745E-07 -0.969E-07 0. 0.745E-07 0.745E-07 -0.142E-06 -0.745E-08 0.671E-07 0.671E-07 -0.127E-06 0.171E-06 0.500E-01 0.142E-06 0.500E-01 0.500E-01 0.500E-01 0.500E-01 0.500E-01 0.500E-01 0.500E-01 0.500E-01 0.500E-01 0.186E-06 -0.224E-07 0.300E-01 0.300E-01 0.500E-01 0.500E-01 0.500E-01 0.500E-01 0.500E-01 0.500E-01 0.500E-01 -0.186E-06 -0.142E-06 -0.142E-06 0.300E-01 -0.201E-06 0.373E-07 0.500E-01 0.100 0.500E-01 0.500E-01 0.224E-07
0.224E-06 0.224E-06 0.196E-01 0.500E-01 0.500E-01 -0.373E-07 0.500E-01 0.224E-06 0.100 0.100 0.100 0.500E-01 0.112E-06 0.112E-06 0.112E-06 -0.373E-07 -0.119E-06 0.201E-06 0.745E-07 0.209E-06 0.112E-06 -0.224E-07 0.300E-01 0.186E-06 0.231E-06 0.500E-01 0.500E-01 -0.142E-06 -0.142E-06 -0.142E-06 0.500E-01 0.500E-01 0.500E-01 0.300E-01 0.300E-01 0.300E-01 0.300E-01 0.300E-01 -0.216E-06 0.500E-01 0.500E-01 0.500E-01 0.500E-01 0.500E-01 0.500E-01 0.100 0.500E-01 0.500E-01 0.100 0.500E-01 0.820E-07 -0.142E-06 0.820E-07 0.500E-01 0.300E-01 0.224E-07 0.224E-07 0.112E-06 0.300E-01 0.500E-01 0.500E-01 0.500E-01
