share/VS_Project/swb/x64/Debug/MASS_BALANCE_05_16_1990.asc
NCOLS        340
NROWS        316
XLLCORNER     528502.530
YLLCORNER     274871.653
CELLSIZE        100.000
NODATA_VALUE    -9999.000
[rows 28 to 55 of 316, columns 62 to 123 of 340]
0.400E-01 -0.946E-06 0.500E-01 0.500E-01 0.745E-08 0.454E-06 0.164E-06 -0.946E-06 -0.946E-06 -0.946E-06 -0.946E-06 0.216E-06 0.745E-08 -0.156E-06 0.685E-06 0.715E-06 -0.946E-06 -0.946E-06 0.400E-01 0.300E-01 0.300E-01 0.300E-01 0.300E-01 0.500E-01 0.300E-01 0.300E-01 0.300E-01 0.300E-01 0.300E-01 0.500E-01 -0.946E-06 -0.946E-06 0.300E-01 0.300E-01 0.300E-01 0.300E-01 0.300E-01 0.300E-01 0.300E-01 0.300E-01 0.300E-01 0.300E-01 0.300E-01 0.300E-01 0.745E-08 -0.447E-07 0.745E-08 -0.186E-06 0.194E-06 0.745E-08 0.745E-08 0.300E-01 0.745E-08 0.745E-08 0.500E-01 -0.946E-06 -0.946E-06 -0.231E-06 0.500E-01 0.300E-01 0.300E-01 0.745E-08
0.745E-08 0.745E-08 0.745E-08 0.745E-08 0.745E-08 0.194E-06 0.969E-07 0.745E-08 0.745E-08 0.745E-08 0.745E-08 0.171E-06 0.745E-08 0.745E-08 0.745E-08 0.171E-06 0.300E-01 0.300E-01 0.300E-01 0.300E-01 0.300E-01 0.300E-01 0.300E-01 0.500E-01 0.300E-01 0.300E-01 0.300E-01 0.300E-01 0.300E-01 0.300E-01 0.300E-01 0.300E-01 0.300E-01 0.300E-01 0.300E-01 0.275E-01 0.300E-01 0.300E-01 0.300E-01 0.745E-08 0.745E-08 0.745E-08 0.745E-08 0.745E-08 0.300E-01 0.745E-08 0.745E-08 0.447E-07 0.300E-01 0.300E-01 0.300E-01 0.300E-01 0.800E-01 -0.946E-06 -0.946E-06 0.500E-01 0.300E-01 0.300E-01 0.500E-01 -0.231E-06 -0.231E-06 0.800E-01
0.745E-08 0.745E-08 0.745E-08 0.500E-01 0.745E-08 -0.820E-07 0.149E-07 0.745E-08 0.745E-08 0.745E-08 0.745E-08 0.745E-08 0.745E-08 0.745E-08 0.745E-08 0.745E-08 0.300E-01 0.275E-01 0.300E-01 0.300E-01 0.300E-01 0.300E-01 0.300E-01 0.500E-01 0.300E-01 0.300E-01 0.300E-01 0.300E-01 0.300E-01 0.300E-01 0.300E-01 0.300E-01 0.300E-01 0.300E-01 0.300E-01 0.500E-01 0.300E-01 0.300E-01 0.300E-01 0.500E-01 0.745E-08 0.745E-08 0.745E-08 0.745E-08 0.745E-08 0.745E-08 0.745E-08 -0.224E-06 0.300E-01 0.300E-01 0.300E-01 0.275E-01 0.300E-01 0.745E-08 -0.946E-06 0.500E-01 0.300E-01 0.300E-01 0.745E-08 -0.231E-06 0.300E-01 0.745E-08
0.745E-08 0.745E-08 0.745E-08 0.745E-08 0.745E-08 0.969E-07 -0.156E-06 0.745E-08 0.745E-08 0.745E-08 0.745E-08 0.745E-08 0.745E-08 0.745E-08 0.745E-08 0.300E-01 0.300E-01 0.300E-01 0.300E-01 0.300E-01 0.300E-01 0.300E-01 0.300E-01 0.745E-08 -0.231E-06 0.300E-01 0.300E-01 0.300E-01 0.300E-01 0.300E-01 0.300E-01 0.300E-01 0.300E-01 0.300E-01 0.300E-01 0.500E-01 0.300E-01 0.275E-01 0.300E-01 0.300E-01 0.500E-01 0.745E-08 0.745E-08 0.745E-08 0.745E-08 -0.522E-07 0.745E-08 0.300E-01 0.300E-01 0.300E-01 0.300E-01 0.300E-01 0.745E-08 0.745E-08 -0.477E-06 0.492E-06 0.500E-01 0.300E-01 -0.946E-06 -0.231E-06 0.745E-08 0.500E-01
0.745E-08 0.745E-08 0.745E-08 0.745E-08 0.745E-08 0.149E-07 0.171E-06 0.745E-08 0.745E-08 0.745E-08 0.745E-08 0.745E-08 0.745E-08 0.745E-08 0.745E-08 0.300E-01 0.300E-01 0.300E-01 0.300E-01 0.300E-01 0.300E-01 0.300E-01 0.300E-01 -0.231E-06 0.300E-01 0.300E-01 0.300E-01 0.300E-01 0.300E-01 0.300E-01 0.300E-01 0.300E-01 0.300E-01 0.300E-01 0.300E-01 0.300E-01 0.300E-01 0.745E-08 0.745E-08 0.300E-01 0.745E-08 0.745E-08 0.745E-08 0.745E-08 0.300E-01 0.300E-01 0.300E-01 0.745E-08 0.745E-08 0.745E-08 0.745E-08 0.745E-08 -0.946E-06 -0.946E-06 0.745E-08 0.745E-08 0.100 0.500E-01 -0.946E-06 -0.946E-06 0.745E-08 -0.156E-06
0.745E-08 0.745E-08 0.745E-08 0.745E-08 0.745E-08 -0.156E-06 0.745E-08 0.745E-08 0.745E-08 0.745E-08 0.745E-08 0.745E-08 0.745E-08 0.745E-08 -0.231E-06 0.300E-01 0.300E-01 0.300E-01 0.300E-01 0.300E-01 0.300E-01 0.300E-01 0.300E-01 0.300E-01 0.300E-01 0.300E-01 0.300E-01 0.300E-01 0.300E-01 0.300E-01 0.300E-01 0.300E-01 0.300E-01 0.275E-01 0.300E-01 0.745E-08 0.745E-08 0.745E-08 0.745E-08 0.745E-08 0.300E-01 0.300E-01 0.300E-01 0.800E-01 0.300E-01 0.300E-01 0.300E-01 0.300E-01 0.745E-08 -0.946E-06 0.745E-08 0.745E-08 -0.946E-06 -0.946E-06 0.745E-08 0.500E-01 0.500E-01 0.745E-08 -0.946E-06 -0.946E-06 0.400E-01 0.400E-01
-0.156E-06 0.171E-06 0.745E-08 0.745E-08 0.745E-08 0.171E-06 0.745E-08 0.745E-08 0.745E-08 0.745E-08 0.745E-08 0.500E-01 0.500E-01 0.500E-01 0.500E-01 0.300E-01 0.300E-01 0.300E-01 0.300E-01 0.300E-01 0.300E-01 0.300E-01 0.275E-01 0.300E-01 0.300E-01 0.300E-01 0.300E-01 0.300E-01 0.745E-08 0.300E-01 0.300E-01 0.300E-01 0.300E-01 -0.224E-07 0.447E-07 0.745E-08 0.745E-08 0.745E-08 0.745E-08 0.745E-08 0.300E-01 0.300E-01 0.300E-01 0.800E-01 0.300E-01 0.300E-01 0.300E-01 0.300E-01 0.745E-08 -0.946E-06 0.745E-08 0.300E-01 -0.946E-06 -0.946E-06 0.745E-08 0.500E-01 0.500E-01 0.745E-08 -0.946E-06 0.745E-08 0.400E-01 -0.946E-06
0.745E-08 0.745E-08 0.745E-08 0.745E-08 0.745E-08 0.745E-08 0.745E-08 0.745E-08 0.745E-08 0.500E-01 -0.231E-06 0.500E-01 0.500E-01 -0.231E-06 0.500E-01 0.745E-08 0.300E-01 0.300E-01 0.300E-01 0.500E-01 0.500E-01 0.300E-01 0.300E-01 0.300E-01 0.300E-01 0.500E-01 0.300E-01 0.300E-01 0.300E-01 0.745E-08 0.447E-07 0.745E-08 0.745E-08 0.745E-08 0.745E-08 -0.224E-06 0.800E-01 -0.231E-06 0.745E-08 0.300E-01 0.745E-08 0.300E-01 0.300E-01 0.142E-06 0.275E-01 0.300E-01 0.300E-01 0.300E-01 0.300E-01 -0.946E-06 0.745E-08 0.745E-08 0.500E-01 0.400E-01 0.745E-08 0.500E-01 0.745E-08 0.745E-08 0.300E-01 0.745E-08 0.745E-08 -0.946E-06
0.500E-01 0.500E-01 0.300E-01 0.300E-01 0.300E-01 0.500E-01 0.500E-01 0.500E-01 0.500E-01 0.500E-01 0.500E-01 0.500E-01 0.500E-01 0.500E-01 0.745E-08 0.745E-08 0.745E-08 0.300E-01 0.300E-01 0.300E-01 0.300E-01 0.300E-01 0.300E-01 0.300E-01 0.300E-01 0.300E-01 0.300E-01 0.300E-01 0.300E-01 0.745E-08 -0.224E-06 0.300E-01 0.745E-08 -0.231E-06 0.745E-08 0.745E-08 0.745E-08 -0.216E-06 0.745E-08 0.745E-08 -0.745E-07 0.745E-08 0.745E-08 0.745E-08 0.745E-08 0.745E-08 0.745E-08 0.300E-01 0.300E-01 0.745E-08 0.745E-08 0.500E-01 0.400E-01 0.400E-01 0.500E-01 0.500E-01 0.745E-08 0.300E-01 0.300E-01 0.745E-08 0.745E-08 -0.946E-06
0.100 0.100 0.500E-01 0.500E-01 0.500E-01 0.500E-01 0.500E-01 -0.231E-06 0.745E-08 0.300E-01 0.300E-01 0.745E-08 0.745E-08 0.745E-08 0.500E-01 -0.231E-06 0.894E-07 0.500E-01 -0.142E-06 0.300E-01 0.300E-01 0.300E-01 0.300E-01 0.300E-01 0.300E-01 0.275E-01 0.300E-01 0.745E-08 0.745E-08 0.745E-08 0.745E-08 0.745E-08 0.745E-08 0.745E-08 0.745E-08 0.745E-08 0.745E-08 0.745E-08 0.745E-08 -0.194E-06 -0.224E-06 0.745E-08 0.745E-08 0.745E-08 0.745E-08 0.745E-08 0.745E-08 0.745E-08 0.300E-01 0.300E-01 0.300E-01 0.300E-01 0.100 0.500E-01 0.745E-08 0.745E-08 0.745E-08 0.745E-08 0.745E-08 0.745E-08 0.745E-08 -0.231E-06
0.500E-01 0.500E-01 0.500E-01 0.500E-01 0.500E-01 0.500E-01 0.500E-01 0.500E-01 0.745E-08 0.500E-01 0.500E-01 0.500E-01 0.745E-08 0.134E-06 0.194E-06 0.373E-07 0.112E-06 0.201E-06 -0.745E-08 0.275E-01 0.500E-01 0.300E-01 0.300E-01 0.300E-01 0.275E-01 0.300E-01 0.745E-08 0.745E-08 0.745E-08 0.745E-08 0.745E-08 0.745E-08 0.745E-08 0.745E-08 0.745E-08 0.745E-08 0.745E-08 0.300E-01 0.300E-01 0.300E-01 -0.224E-06 0.745E-08 0.745E-08 0.745E-08 0.300E-01 0.300E-01 0.300E-01 0.300E-01 0.300E-01 0.300E-01 0.500E-01 0.500E-01 0.745E-08 0.745E-08 0.745E-08 0.745E-08 0.745E-08 0.745E-08 0.745E-08 0.745E-08 0.745E-08 -0.231E-06
0.500E-01 0.500E-01 -0.231E-06 0.500E-01 0.500E-01 0.500E-01 0.500E-01 -0.231E-06 0.500E-01 0.500E-01 0.500E-01 0.745E-08 0.745E-08 0.300E-01 0.745E-08 0.500E-01 -0.149E-07 0.201E-06 0.149E-07 0.500E-01 0.300E-01 0.275E-01 0.300E-01 0.300E-01 0.300E-01 0.300E-01 0.745E-08 0.745E-08 0.745E-08 0.745E-08 0.745E-08 0.745E-08 0.745E-08 0.745E-08 0.745E-08 0.745E-08 0.745E-08 0.745E-08 0.745E-08 0.745E-08 0.745E-08 0.745E-08 0.745E-08 0.745E-08 0.300E-01 0.300E-01 0.300E-01 0.300E-01 0.500E-01 0.500E-01 0.745E-08 0.745E-08 0.745E-08 0.745E-08 -0.231E-06 -0.231E-06 -0.231E-06 -0.231E-06 0.745E-08 0.745E-08 0.745E-08 0.745E-08
-0.231E-06 0.500E-01 -0.231E-06 0.500E-01 0.500E-01 0.500E-01 0.500E-01 -0.231E-06 0.500E-01 0.500E-01 0.500E-01 0.300E-01 0.300E-01 0.300E-01 0.745E-08 0.500E-01 0.500E-01 0.500E-01 0.500E-01 0.500E-01 0.500E-01 0.500E-01 0.300E-01 0.300E-01 0.300E-01 0.300E-01 0.745E-08 0.745E-08 0.300E-01 0.745E-08 0.745E-08 0.745E-08 0.745E-08 0.745E-08 0.745E-08 0.300E-01 0.300E-01 0.745E-08 0.300E-01 0.300E-01 0.745E-08 0.745E-08 0.745E-08 0.745E-08 0.500E-01 0.500E-01 0.500E-01 0.500E-01 0.745E-08 0.745E-08 0.745E-08 0.745E-08 0.745E-08 0.745E-08 -0.231E-06 0.800E-01 0.500E-01 0.500E-01 -0.231E-06 -0.231E-06 0.745E-08 -0.231E-06
0.500E-01 0.500E-01 -0.231E-06 0.500E-01 0.500E-01 0.500E-01 0.500E-01 0.745E-08 0.500E-01 0.300E-01 0.300E-01 0.300E-01 0.300E-01 0.300E-01 0.300E-01 0.500E-01 0.500E-01 0.300E-01 0.300E-01 0.300E-01 0.745E-08 0.745E-08 0.745E-08 0.745E-08 0.745E-08 0.300E-01 0.300E-01 0.500E-01 0.400E-01 0.400E-01 0.400E-01 0.400E-01 -0.946E-06 -0.946E-06 0.400E-01 0.500E-01 -0.231E-06 0.745E-08 0.745E-08 0.500E-01 0.745E-08 0.500E-01 0.500E-01 -0.231E-06 0.745E-08 0.500E-01 0.745E-08 0.500E-01 0.500E-01 0.745E-08 0.745E-08 0.745E-08 0.745E-08 -0.231E-06 -0.231E-06 0.500E-01 0.500E-01 0.100 0.100 0.100 0.500E-01 0.500E-01
0.500E-01 -0.231E-06 0.745E-08 0.500E-01 0.500E-01 0.500E-01 0.500E-01 -0.231E-06 0.500E-01 0.300E-01 0.300E-01 0.500E-01 0.500E-01 0.500E-01 0.300E-01 0.500E-01 0.300E-01 0.300E-01 0.300E-01 0.300E-01 0.745E-08 0.745E-08 0.500E-01 0.745E-08 0.800E-01 0.745E-08 0.300E-01 0.400E-01 0.400E-01 0.500E-01 0.500E-01 0.500E-01 0.500E-01 0.500E-01 0.500E-01 0.745E-08 0.745E-08 0.300E-01 0.300E-01 -0.231E-06 0.500E-01 0.745E-08 0.745E-08 -0.231E-06 -0.231E-06 0.745E-08 0.300E-01 0.500E-01 0.500E-01 0.745E-08 0.745E-08 0.745E-08 0.745E-08 -0.231E-06 0.500E-01 0.500E-01 0.100 0.500E-01 0.500E-01 0.500E-01 0.500E-01 0.100
-0.231E-06 -0.231E-06 0.500E-01 0.500E-01 0.500E-01 0.500E-01 0.500E-01 -0.231E-06 0.500E-01 0.300E-01 0.500E-01 0.500E-01 0.500E-01 0.500E-01 0.745E-08 0.500E-01 0.300E-01 0.300E-01 0.300E-01 0.300E-01 0.300E-01 0.300E-01 0.300E-01 0.400E-01 0.400E-01 0.300E-01 -0.231E-06 0.500E-01 0.500E-01 0.500E-01 0.500E-01 0.500E-01 -0.231E-06 -0.231E-06 -0.231E-06 -0.231E-06 -0.231E-06 0.300E-01 0.300E-01 -0.231E-06 0.300E-01 -0.231E-06 0.745E-08 -0.231E-06 0.745E-08 -0.231E-06 -0.231E-06 -0.231E-06 0.745E-08 0.745E-08 0.745E-08 0.745E-08 0.745E-08 -0.231E-06 0.800E-01 0.500E-01 0.100 0.800E-01 0.100 0.100 0.745E-08 0.500E-01
0.500E-01 0.745E-08 0.745E-08 0.500E-01 0.500E-01 0.500E-01 0.100 0.100 0.100 0.500E-01 0.100 0.100 0.100 -0.946E-06 -0.946E-06 -0.946E-06 -0.946E-06 -0.946E-06 0.500E-01 0.500E-01 0.500E-01 0.500E-01 0.500E-01 0.500E-01 -0.231E-06 0.500E-01 0.500E-01 0.500E-01 0.500E-01 0.300E-01 0.300E-01 0.300E-01 0.745E-08 0.745E-08 0.745E-08 0.745E-08 -0.231E-06 0.745E-08 -0.231E-06 0.745E-08 0.300E-01 -0.231E-06 -0.231E-06 -0.231E-06 0.745E-08 -0.231E-06 0.745E-08 0.745E-08 -0.231E-06 0.745E-08 0.745E-08 0.745E-08 0.745E-08 0.745E-08 -0.231E-06 -0.231E-06 0.500E-01 0.500E-01 0.100 0.500E-01 0.100 0.500E-01
0.100 0.745E-08 0.500E-01 0.500E-01 0.100 0.500E-01 0.100 0.500E-01 0.500E-01 0.500E-01 -0.231E-06 0.500E-01 0.500E-01 0.100 0.100 0.500E-01 -0.231E-06 -0.231E-06 0.500E-01 0.500E-01 0.500E-01 0.500E-01 0.500E-01 0.300E-01 0.300E-01 0.745E-08 0.300E-01 0.300E-01 0.300E-01 0.300E-01 0.300E-01 0.300E-01 0.745E-08 0.745E-08 0.745E-08 0.300E-01 0.300E-01 0.300E-01 0.300E-01 0.745E-08 0.300E-01 0.300E-01 0.745E-08 -0.231E-06 -0.231E-06 0.500E-01 0.745E-08 0.745E-08 0.745E-08 0.745E-08 0.745E-08 0.745E-08 0.745E-08 -0.231E-06 0.745E-08 0.745E-08 -0.231E-06 0.500E-01 0.500E-01 0.500E-01 0.745E-08 0.100
0.500E-01 0.500E-01 0.500E-01 0.100 0.500E-01 0.500E-01 0.500E-01 0.745E-08 0.745E-08 0.745E-08 -0.231E-06 0.500E-01 0.500E-01 0.500E-01 0.100 -0.231E-06 -0.231E-06 -0.231E-06 -0.231E-06 0.300E-01 0.300E-01 0.500E-01 0.500E-01 0.300E-01 0.300E-01 0.300E-01 0.300E-01 0.300E-01 0.300E-01 0.300E-01 0.300E-01 0.300E-01 0.300E-01 0.300E-01 0.300E-01 0.300E-01 0.745E-08 0.300E-01 0.300E-01 0.745E-08 0.300E-01 0.300E-01 -0.231E-06 -0.231E-06 0.745E-08 0.300E-01 0.300E-01 0.745E-08 0.745E-08 0.300E-01 0.745E-08 0.745E-08 -0.231E-06 0.500E-01 -0.231E-06 -0.231E-06 0.500E-01 -0.231E-06 -0.231E-06 -0.231E-06 -0.231E-06 0.500E-01
0.500E-01 -0.231E-06 -0.231E-06 -0.231E-06 -0.231E-06 -0.231E-06 -0.231E-06 -0.231E-06 0.300E-01 0.300E-01 0.500E-01 0.100 0.100 -0.231E-06 0.500E-01 0.500E-01 0.745E-08 0.745E-08 0.745E-08 0.300E-01 0.745E-08 0.745E-08 0.745E-08 0.500E-01 -0.231E-06 -0.231E-06 0.300E-01 0.300E-01 0.300E-01 0.300E-01 0.300E-01 0.300E-01 0.300E-01 0.300E-01 0.300E-01 0.300E-01 0.300E-01 0.300E-01 0.745E-08 0.745E-08 0.300E-01 0.300E-01 0.745E-08 0.300E-01 0.745E-08 0.745E-08 0.300E-01 0.300E-01 0.745E-08 0.300E-01 0.300E-01 0.300E-01 -0.231E-06 0.800E-01 0.500E-01 0.500E-01 0.500E-01 -0.231E-06 -0.231E-06 -0.231E-06 0.500E-01 0.745E-08
0.745E-08 0.745E-08 0.745E-08 -0.231E-06 -0.231E-06 -0.231E-06 0.500E-01 0.745E-08 0.300E-01 0.300E-01 0.500E-01 0.300E-01 -0.231E-06 0.300E-01 0.300E-01 -0.231E-06 -0.231E-06 -0.231E-06 0.745E-08 0.300E-01 0.300E-01 -0.231E-06 -0.231E-06 0.300E-01 0.745E-08 -0.231E-06 0.300E-01 0.300E-01 0.300E-01 0.300E-01 0.300E-01 0.300E-01 0.300E-01 0.300E-01 0.300E-01 0.300E-01 0.300E-01 0.300E-01 0.300E-01 0.745E-08 0.300E-01 0.300E-01 0.745E-08 0.300E-01 0.745E-08 0.300E-01 0.300E-01 0.300E-01 0.300E-01 0.300E-01 0.300E-01 0.300E-01 -0.231E-06 0.800E-01 0.100 0.100 0.500E-01 0.100 0.100 -0.231E-06 0.500E-01 0.500E-01
0.745E-08 0.500E-01 0.500E-01 0.100 0.500E-01 0.500E-01 0.500E-01 0.500E-01 0.745E-08 0.500E-01 0.300E-01 0.300E-01 0.300E-01 0.300E-01 0.300E-01 -0.231E-06 -0.231E-06 -0.231E-06 -0.231E-06 0.300E-01 0.745E-08 0.745E-08 0.745E-08 0.300E-01 -0.231E-06 0.745E-08 0.300E-01 0.300E-01 0.300E-01 0.300E-01 0.300E-01 0.300E-01 -0.231E-06 -0.231E-06 -0.231E-06 0.300E-01 0.300E-01 0.300E-01 0.300E-01 0.300E-01 0.300E-01 0.300E-01 0.300E-01 0.300E-01 0.745E-08 0.300E-01 0.300E-01 0.300E-01 0.300E-01 0.300E-01 0.300E-01 0.300E-01 -0.231E-06 -0.231E-06 0.800E-01 0.800E-01 0.500E-01 0.500E-01 0.100 0.100 0.100 0.500E-01
0.745E-08 0.500E-01 0.500E-01 0.500E-01 0.500E-01 0.745E-08 -0.231E-06 0.500E-01 0.300E-01 0.300E-01 0.500E-01 0.300E-01 0.300E-01 0.300E-01 0.300E-01 -0.231E-06 -0.231E-06 -0.231E-06 0.300E-01 0.300E-01 0.745E-08 0.745E-08 0.500E-01 0.300E-01 -0.231E-06 -0.231E-06 0.300E-01 0.300E-01 0.300E-01 0.300E-01 0.300E-01 0.300E-01 0.300E-01 0.300E-01 -0.231E-06 0.300E-01 0.300E-01 0.300E-01 0.300E-01 0.300E-01 0.300E-01 0.300E-01 0.300E-01 0.300E-01 -0.231E-06 0.300E-01 0.300E-01 0.300E-01 0.300E-01 0.300E-01 0.300E-01 0.300E-01 -0.231E-06 0.800E-01 0.500E-01 0.500E-01 0.800E-01 0.745E-08 0.500E-01 0.745E-08 0.500E-01 0.745E-08
0.745E-08 -0.231E-06 0.500E-01 0.500E-01 0.500E-01 0.500E-01 0.100 0.500E-01 0.300E-01 0.300E-01 0.500E-01 0.300E-01 0.300E-01 0.300E-01 0.300E-01 0.300E-01 -0.231E-06 -0.231E-06 0.300E-01 0.300E-01 -0.231E-06 -0.231E-06 0.500E-01 0.300E-01 -0.231E-06 0.300E-01 0.300E-01 0.300E-01 0.300E-01 0.300E-01 0.300E-01 0.300E-01 0.300E-01 0.300E-01 0.745E-08 0.745E-08 -0.231E-06 -0.231E-06 0.745E-08 0.300E-01 0.300E-01 0.300E-01 0.300E-01 0.300E-01 0.300E-01 0.300E-01 0.300E-01 0.300E-01 0.300E-01 0.300E-01 0.300E-01 0.300E-01 -0.231E-06 -0.231E-06 0.500E-01 0.800E-01 0.800E-01 -0.231E-06 -0.231E-06 0.800E-01 0.800E-01 -0.231E-06
0.745E-08 0.745E-08 0.500E-01 -0.231E-06 -0.231E-06 0.500E-01 0.500E-01 0.500E-01 0.500E-01 0.500E-01 0.500E-01 0.500E-01 0.300E-01 0.300E-01 0.300E-01 0.745E-08 0.745E-08 0.500E-01 0.500E-01 0.300E-01 0.500E-01 -0.231E-06 0.500E-01 -0.231E-06 -0.231E-06 -0.231E-06 0.300E-01 0.300E-01 0.300E-01 0.300E-01 0.300E-01 0.300E-01 0.300E-01 0.300E-01 0.745E-08 0.745E-08 0.745E-08 0.745E-08 0.745E-08 -0.231E-06 0.500E-01 0.745E-08 0.300E-01 0.300E-01 0.300E-01 0.300E-01 -0.231E-06 0.300E-01 0.300E-01 0.300E-01 0.300E-01 0.300E-01 -0.231E-06 -0.231E-06 -0.231E-06 -0.231E-06 0.800E-01 -0.231E-06 0.745E-08 0.800E-01 0.745E-08 0.300E-01
-0.231E-06 -0.231E-06 0.500E-01 -0.231E-06 -0.231E-06 -0.231E-06 -0.231E-06 -0.231E-06 -0.231E-06 -0.231E-06 -0.231E-06 0.500E-01 0.745E-08 0.745E-08 0.745E-08 0.745E-08 0.745E-08 0.745E-08 0.745E-08 0.745E-08 0.300E-01 0.745E-08 0.745E-08 0.745E-08 -0.231E-06 -0.231E-06 0.300E-01 0.300E-01 0.300E-01 0.300E-01 -0.231E-06 -0.231E-06 0.300E-01 0.300E-01 0.300E-01 0.300E-01 -0.231E-06 -0.231E-06 -0.231E-06 0.500E-01 0.800E-01 0.300E-01 0.745E-08 0.745E-08 -0.231E-06 0.745E-08 0.745E-08 0.745E-08 0.745E-08 -0.231E-06 -0.231E-06 0.745E-08 0.745E-08 0.745E-08 -0.231E-06 -0.231E-06 -0.231E-06 -0.231E-06 -0.231E-06 -0.231E-06 -0.231E-06 0.745E-08
-0.231E-06 -0.231E-06 0.500E-01 -0.231E-06 -0.231E-06 -0.231E-06 -0.231E-06 -0.231E-06 -0.231E-06 -0.231E-06 -0.231E-06 0.500E-01 0.745E-08 0.745E-08 0.745E-08 0.745E-08 0.745E-08 0.745E-08 0.745E-08 0.500E-01 0.745E-08 0.745E-08 0.745E-08 0.745E-08 0.745E-08 -0.231E-06 -0.231E-06 -0.231E-06 -0.231E-06 -0.231E-06 -0.231E-06 -0.231E-06 0.745E-08 0.745E-08 0.300E-01 -0.231E-06 -0.231E-06 -0.231E-06 0.745E-08 0.745E-08 0.745E-08 0.500E-01 0.500E-01 0.300E-01 0.300E-01 0.275E-01 0.745E-08 -0.745E-07 -0.224E-07 -0.149E-06 -0.745E-08 -0.209E-06 0.119E-06 0.300E-01 0.300E-01 0.745E-08 0.745E-08 -0.231E-06 -0.231E-06 -0.231E-06 -0.231E-06 0.745E-08
-0.231E-06 -0.231E-06 -0.231E-06 -0.231E-06 -0.231E-06 -0.231E-06 -0.231E-06 -0.231E-06 -0.231E-06 -0.231E-06 -0.231E-06 0.500E-01 0.745E-08 0.745E-08 0.745E-08 0.745E-08 0.745E-08 0.745E-08 0.745E-08 0.500E-01 0.745E-08 0.300E-01 0.745E-08 0.745E-08 0.745E-08 0.745E-08 0.745E-08 0.300E-01 -0.231E-06 -0.231E-06 -0.231E-06 -0.231E-06 0.300E-01 -0.231E-06 -0.231E-06 0.745E-08 0.745E-08 0.745E-08 0.745E-08 -0.231E-06 -0.231E-06 -0.231E-06 -0.231E-06 0.745E-08 -0.231E-06 0.745E-08 0.500E-01 -0.224E-07 0.745E-08 0.745E-08 0.745E-08 0.745E-08 0.300E-01 -0.522E-07 0.300E-01 0.300E-01 0.300E-01 0.745E-08 -0.231E-06 -0.231E-06 0.300E-01 0.300E-01
