share/standard_tables/soil-moisture-retention-extended.grd
DSAA
35	408
0.5000	17.5000
-40.7000	0.0000
0.0000	17.5000
[rows 150 to 199 of 408, columns 0 to 34 of 35]
0.001606 0.003212 0.006356 0.014845 0.042632 0.070419 0.117995 0.165571 0.213921 0.262271 0.361135 0.460000 0.650000 0.840000 1.030000 1.220000 1.472500 1.725000 1.977500 2.230000 2.530000 2.830000 3.130000 3.430000 3.767500 4.105000 4.442500 4.780000 5.150000 5.520000 5.890000 6.260000 6.630000 7.000000 7.370000
0.001590 0.003180 0.006292 0.014697 0.042206 0.069715 0.116815 0.163915 0.211781 0.259648 0.354824 0.450000 0.637500 0.825000 1.012500 1.200000 1.452500 1.705000 1.957500 2.210000 2.507500 2.805000 3.102500 3.400000 3.737500 4.075000 4.412500 4.750000 5.117500 5.485000 5.852500 6.220000 6.587500 6.955000 7.322500
0.001574 0.003148 0.006229 0.014550 0.041784 0.069018 0.115647 0.162276 0.209664 0.257052 0.353526 0.450000 0.635000 0.820000 1.005000 1.190000 1.440000 1.690000 1.940000 2.190000 2.485000 2.780000 3.075000 3.370000 3.705000 4.040000 4.375000 4.710000 5.077500 5.445000 5.812500 6.180000 6.547500 6.915000 7.282500
0.001558 0.003117 0.006167 0.014404 0.041366 0.068328 0.114490 0.160653 0.207567 0.254481 0.347241 0.440000 0.622500 0.805000 0.987500 1.170000 1.420000 1.670000 1.920000 2.170000 2.462500 2.755000 3.047500 3.340000 3.672500 4.005000 4.337500 4.670000 5.037500 5.405000 5.772500 6.140000 6.507500 6.875000 7.242500
0.001543 0.003085 0.006105 0.014260 0.040952 0.067644 0.113345 0.159046 0.205491 0.251936 0.340968 0.430000 0.612500 0.795000 0.977500 1.160000 1.407500 1.655000 1.902500 2.150000 2.442500 2.735000 3.027500 3.320000 3.650000 3.980000 4.310000 4.640000 5.005000 5.370000 5.735000 6.100000 6.465000 6.830000 7.195000
0.001527 0.003055 0.006044 0.014118 0.040543 0.066968 0.112212 0.157456 0.203436 0.249417 0.339708 0.430000 0.610000 0.790000 0.970000 1.150000 1.395000 1.640000 1.885000 2.130000 2.420000 2.710000 3.000000 3.290000 3.620000 3.950000 4.280000 4.610000 4.972500 5.335000 5.697500 6.060000 6.422500 6.785000 7.147500
0.001512 0.003024 0.005984 0.013976 0.040137 0.066298 0.111090 0.155881 0.201402 0.246923 0.333461 0.420000 0.597500 0.775000 0.952500 1.130000 1.375000 1.620000 1.865000 2.110000 2.397500 2.685000 2.972500 3.260000 3.590000 3.920000 4.250000 4.580000 4.942500 5.305000 5.667500 6.030000 6.392500 6.755000 7.117500
0.001497 0.002994 0.005924 0.013837 0.039736 0.065635 0.109979 0.154323 0.199388 0.244454 0.327227 0.410000 0.587500 0.765000 0.942500 1.120000 1.362500 1.605000 1.847500 2.090000 2.375000 2.660000 2.945000 3.230000 3.557500 3.885000 4.212500 4.540000 4.902500 5.265000 5.627500 5.990000 6.352500 6.715000 7.077500
0.001482 0.002964 0.005865 0.013698 0.039339 0.064979 0.108879 0.152779 0.197394 0.242009 0.321004 0.400000 0.575000 0.750000 0.925000 1.100000 1.342500 1.585000 1.827500 2.070000 2.355000 2.640000 2.925000 3.210000 3.535000 3.860000 4.185000 4.510000 4.870000 5.230000 5.590000 5.950000 6.310000 6.670000 7.030000
0.001467 0.002934 0.005806 0.013561 0.038945 0.064329 0.107790 0.151252 0.195420 0.239589 0.319794 0.400000 0.572500 0.745000 0.917500 1.090000 1.330000 1.570000 1.810000 2.050000 2.332500 2.615000 2.897500 3.180000 3.505000 3.830000 4.155000 4.480000 4.837500 5.195000 5.552500 5.910000 6.267500 6.625000 6.982500
0.001452 0.002905 0.005748 0.013426 0.038556 0.063686 0.106712 0.149739 0.193466 0.237193 0.313597 0.390000 0.562500 0.735000 0.907500 1.080000 1.315000 1.550000 1.785000 2.020000 2.302500 2.585000 2.867500 3.150000 3.472500 3.795000 4.117500 4.440000 4.800000 5.160000 5.520000 5.880000 6.240000 6.600000 6.960000
0.001438 0.002876 0.005691 0.013291 0.038170 0.063049 0.105645 0.148242 0.191531 0.234821 0.310461 0.386100 0.554575 0.723050 0.891525 1.060000 1.295000 1.530000 1.765000 2.000000 2.282500 2.565000 2.847500 3.130000 3.450000 3.770000 4.090000 4.410000 4.767500 5.125000 5.482500 5.840000 6.197500 6.555000 6.912500
0.001424 0.002847 0.005634 0.013159 0.037788 0.062418 0.104589 0.146759 0.189616 0.232473 0.307356 0.382239 0.549179 0.716120 0.883060 1.050000 1.282500 1.515000 1.747500 1.980000 2.260000 2.540000 2.820000 3.100000 3.420000 3.740000 4.060000 4.380000 4.735000 5.090000 5.445000 5.800000 6.155000 6.510000 6.865000
0.001409 0.002819 0.005577 0.013027 0.037411 0.061794 0.103543 0.145292 0.187720 0.230148 0.304282 0.378417 0.543812 0.709208 0.874604 1.040000 1.270000 1.500000 1.730000 1.960000 2.240000 2.520000 2.800000 3.080000 3.397500 3.715000 4.032500 4.350000 4.705000 5.060000 5.415000 5.770000 6.125000 6.480000 6.835000
0.001395 0.002790 0.005522 0.012897 0.037036 0.061176 0.102507 0.143839 0.185843 0.227847 0.301240 0.374632 0.535974 0.697316 0.858658 1.020000 1.252500 1.485000 1.717500 1.950000 2.225000 2.500000 2.775000 3.050000 3.367500 3.685000 4.002500 4.320000 4.672500 5.025000 5.377500 5.730000 6.082500 6.435000 6.787500
0.001381 0.002763 0.005466 0.012768 0.036666 0.060565 0.101482 0.142400 0.183984 0.225568 0.298227 0.370886 0.530665 0.690443 0.850222 1.010000 1.240000 1.470000 1.700000 1.930000 2.205000 2.480000 2.755000 3.030000 3.345000 3.660000 3.975000 4.290000 4.642500 4.995000 5.347500 5.700000 6.052500 6.405000 6.757500
0.001367 0.002735 0.005412 0.012640 0.036299 0.059959 0.100468 0.140976 0.182144 0.223313 0.295245 0.367177 0.525383 0.683589 0.841794 1.000000 1.227500 1.455000 1.682500 1.910000 2.182500 2.455000 2.727500 3.000000 3.315000 3.630000 3.945000 4.260000 4.610000 4.960000 5.310000 5.660000 6.010000 6.360000 6.710000
0.001354 0.002708 0.005358 0.012514 0.035936 0.059359 0.099463 0.139567 0.180323 0.221079 0.292292 0.363505 0.520129 0.676753 0.833376 0.990000 1.215000 1.440000 1.665000 1.890000 2.162500 2.435000 2.707500 2.980000 3.292500 3.605000 3.917500 4.230000 4.580000 4.930000 5.280000 5.630000 5.980000 6.330000 6.680000
0.001340 0.002680 0.005304 0.012388 0.035577 0.058766 0.098468 0.138171 0.178520 0.218869 0.289370 0.359870 0.512403 0.664935 0.817468 0.970000 1.195000 1.420000 1.645000 1.870000 2.140000 2.410000 2.680000 2.950000 3.262500 3.575000 3.887500 4.200000 4.547500 4.895000 5.242500 5.590000 5.937500 6.285000 6.632500
0.001327 0.002654 0.005251 0.012265 0.035221 0.058178 0.097484 0.136789 0.176735 0.216680 0.286476 0.356272 0.507204 0.658136 0.809068 0.960000 1.182500 1.405000 1.627500 1.850000 2.120000 2.390000 2.660000 2.930000 3.240000 3.550000 3.860000 4.170000 4.517500 4.865000 5.212500 5.560000 5.907500 6.255000 6.602500
0.001314 0.002627 0.005198 0.012142 0.034869 0.057596 0.096509 0.135421 0.174967 0.214513 0.283611 0.352709 0.502032 0.651355 0.800677 0.950000 1.170000 1.390000 1.610000 1.830000 2.097500 2.365000 2.632500 2.900000 3.210000 3.520000 3.830000 4.140000 4.485000 4.830000 5.175000 5.520000 5.865000 6.210000 6.555000
0.001300 0.002601 0.005146 0.012021 0.034520 0.057020 0.095544 0.134067 0.173218 0.212368 0.280775 0.349182 0.496886 0.644591 0.792295 0.940000 1.157500 1.375000 1.592500 1.810000 2.077500 2.345000 2.612500 2.880000 3.187500 3.495000 3.802500 4.110000 4.455000 4.800000 5.145000 5.490000 5.835000 6.180000 6.525000
0.001287 0.002575 0.005095 0.011900 0.034175 0.056450 0.094588 0.132726 0.171485 0.210244 0.277967 0.345690 0.491768 0.637845 0.783923 0.930000 1.147500 1.365000 1.582500 1.800000 2.062500 2.325000 2.587500 2.850000 3.157500 3.465000 3.772500 4.080000 4.422500 4.765000 5.107500 5.450000 5.792500 6.135000 6.477500
0.001275 0.002549 0.005044 0.011781 0.033833 0.055886 0.093642 0.131399 0.169770 0.208142 0.275188 0.342233 0.484175 0.626117 0.768058 0.910000 1.127500 1.345000 1.562500 1.780000 2.042500 2.305000 2.567500 2.830000 3.135000 3.440000 3.745000 4.050000 4.392500 4.735000 5.077500 5.420000 5.762500 6.105000 6.447500
0.001262 0.002524 0.004994 0.011664 0.033495 0.055327 0.092706 0.130085 0.168073 0.206060 0.272436 0.338811 0.479108 0.619405 0.759703 0.900000 1.115000 1.330000 1.545000 1.760000 2.022500 2.285000 2.547500 2.810000 3.112500 3.415000 3.717500 4.020000 4.360000 4.700000 5.040000 5.380000 5.720000 6.060000 6.400000
0.001249 0.002498 0.004944 0.011547 0.033160 0.054773 0.091779 0.128784 0.166392 0.204000 0.269711 0.335423 0.474067 0.612711 0.751356 0.890000 1.102500 1.315000 1.527500 1.740000 2.000000 2.260000 2.520000 2.780000 3.082500 3.385000 3.687500 3.990000 4.330000 4.670000 5.010000 5.350000 5.690000 6.030000 6.370000
0.001237 0.002473 0.004894 0.011431 0.032829 0.054226 0.090861 0.127496 0.164728 0.201960 0.267014 0.332069 0.469051 0.606034 0.743017 0.880000 1.090000 1.300000 1.510000 1.720000 1.980000 2.240000 2.500000 2.760000 3.060000 3.360000 3.660000 3.960000 4.297500 4.635000 4.972500 5.310000 5.647500 5.985000 6.322500
0.001224 0.002449 0.004845 0.011317 0.032500 0.053683 0.089952 0.126221 0.163081 0.199940 0.264344 0.328748 0.464061 0.599374 0.734687 0.870000 1.080000 1.290000 1.500000 1.710000 1.967500 2.225000 2.482500 2.740000 3.040000 3.340000 3.640000 3.940000 4.275000 4.610000 4.945000 5.280000 5.615000 5.950000 6.285000
0.001212 0.002424 0.004797 0.011204 0.032175 0.053147 0.089053 0.124959 0.161450 0.197941 0.261701 0.325460 0.459095 0.592730 0.726365 0.860000 1.067500 1.275000 1.482500 1.690000 1.945000 2.200000 2.455000 2.710000 3.010000 3.310000 3.610000 3.910000 4.245000 4.580000 4.915000 5.250000 5.585000 5.920000 6.255000
0.001200 0.002400 0.004749 0.011092 0.031854 0.052615 0.088162 0.123710 0.159836 0.195961 0.259084 0.322206 0.454154 0.586103 0.718051 0.850000 1.055000 1.260000 1.465000 1.670000 1.925000 2.180000 2.435000 2.690000 2.987500 3.285000 3.582500 3.880000 4.212500 4.545000 4.877500 5.210000 5.542500 5.875000 6.207500
0.001188 0.002376 0.004701 0.010981 0.031535 0.052089 0.087281 0.122473 0.158237 0.194002 0.256493 0.318984 0.449238 0.579492 0.709746 0.840000 1.045000 1.250000 1.455000 1.660000 1.912500 2.165000 2.417500 2.670000 2.967500 3.265000 3.562500 3.860000 4.190000 4.520000 4.850000 5.180000 5.510000 5.840000 6.170000
0.001176 0.002352 0.004654 0.010871 0.031220 0.051568 0.086408 0.121248 0.156655 0.192062 0.253928 0.315794 0.444345 0.572897 0.701448 0.830000 1.032500 1.235000 1.437500 1.640000 1.892500 2.145000 2.397500 2.650000 2.945000 3.240000 3.535000 3.830000 4.160000 4.490000 4.820000 5.150000 5.480000 5.810000 6.140000
0.001164 0.002329 0.004608 0.010762 0.030907 0.051052 0.085544 0.120035 0.155088 0.190141 0.251389 0.312636 0.439477 0.566318 0.693159 0.820000 1.020000 1.220000 1.420000 1.620000 1.870000 2.120000 2.370000 2.620000 2.915000 3.210000 3.505000 3.800000 4.130000 4.460000 4.790000 5.120000 5.450000 5.780000 6.110000
0.001153 0.002305 0.004562 0.010655 0.030598 0.050542 0.084688 0.118835 0.153537 0.188240 0.248875 0.309510 0.434632 0.559755 0.684877 0.810000 1.010000 1.210000 1.410000 1.610000 1.857500 2.105000 2.352500 2.600000 2.892500 3.185000 3.477500 3.770000 4.097500 4.425000 4.752500 5.080000 5.407500 5.735000 6.062500
0.001141 0.002282 0.004516 0.010548 0.030292 0.050036 0.083842 0.117647 0.152002 0.186357 0.246386 0.306414 0.429811 0.553207 0.676604 0.800000 0.997500 1.195000 1.392500 1.590000 1.837500 2.085000 2.332500 2.580000 2.872500 3.165000 3.457500 3.750000 4.075000 4.400000 4.725000 5.050000 5.375000 5.700000 6.025000
0.001130 0.002259 0.004471 0.010443 0.029989 0.049536 0.083003 0.116470 0.150482 0.184494 0.243922 0.303350 0.425013 0.546675 0.668338 0.790000 0.987500 1.185000 1.382500 1.580000 1.825000 2.070000 2.315000 2.560000 2.850000 3.140000 3.430000 3.720000 4.045000 4.370000 4.695000 5.020000 5.345000 5.670000 5.995000
0.001118 0.002237 0.004426 0.010338 0.029690 0.049041 0.082173 0.115305 0.148977 0.182649 0.241483 0.300317 0.420238 0.540158 0.660079 0.780000 0.975000 1.170000 1.365000 1.560000 1.805000 2.050000 2.295000 2.540000 2.827500 3.115000 3.402500 3.690000 4.015000 4.340000 4.665000 4.990000 5.315000 5.640000 5.965000
0.001107 0.002215 0.004382 0.010235 0.029393 0.048550 0.081351 0.114152 0.147487 0.180822 0.239068 0.297314 0.415485 0.533657 0.651828 0.770000 0.962500 1.155000 1.347500 1.540000 1.785000 2.030000 2.275000 2.520000 2.807500 3.095000 3.382500 3.670000 3.992500 4.315000 4.637500 4.960000 5.282500 5.605000 5.927500
0.001096 0.002192 0.004338 0.010133 0.029099 0.048065 0.080538 0.113011 0.146013 0.179014 0.236677 0.294341 0.410755 0.527170 0.643585 0.760000 0.952500 1.145000 1.337500 1.530000 1.772500 2.015000 2.257500 2.500000 2.785000 3.070000 3.355000 3.640000 3.962500 4.285000 4.607500 4.930000 5.252500 5.575000 5.897500
0.001085 0.002170 0.004295 0.010031 0.028808 0.047584 0.079733 0.111881 0.144552 0.177224 0.234311 0.291397 0.406048 0.520699 0.635349 0.750000 0.940000 1.130000 1.320000 1.510000 1.752500 1.995000 2.237500 2.480000 2.765000 3.050000 3.335000 3.620000 3.940000 4.260000 4.580000 4.900000 5.220000 5.540000 5.860000
0.001074 0.002149 0.004252 0.009931 0.028520 0.047108 0.078935 0.110762 0.143107 0.175452 0.231967 0.288483 0.401362 0.514242 0.627121 0.740000 0.930000 1.120000 1.310000 1.500000 1.740000 1.980000 2.220000 2.460000 2.742500 3.025000 3.307500 3.590000 3.910000 4.230000 4.550000 4.870000 5.190000 5.510000 5.830000
0.001064 0.002127 0.004209 0.009832 0.028234 0.046637 0.078146 0.109654 0.141676 0.173697 0.229648 0.285598 0.396699 0.507799 0.618900 0.730000 0.917500 1.105000 1.292500 1.480000 1.717500 1.955000 2.192500 2.430000 2.712500 2.995000 3.277500 3.560000 3.880000 4.200000 4.520000 4.840000 5.160000 5.480000 5.800000
0.001053 0.002106 0.004167 0.009733 0.027952 0.046171 0.077364 0.108558 0.140259 0.171960 0.227351 0.282742 0.392057 0.501371 0.610686 0.720000 0.907500 1.095000 1.282500 1.470000 1.705000 1.940000 2.175000 2.410000 2.692500 2.975000 3.257500 3.540000 3.857500 4.175000 4.492500 4.810000 5.127500 5.445000 5.762500
0.001042 0.002085 0.004126 0.009636 0.027673 0.045709 0.076591 0.107472 0.138856 0.170241 0.225078 0.279915 0.387436 0.494957 0.602479 0.710000 0.895000 1.080000 1.265000 1.450000 1.685000 1.920000 2.155000 2.390000 2.670000 2.950000 3.230000 3.510000 3.827500 4.145000 4.462500 4.780000 5.097500 5.415000 5.732500
0.001032 0.002064 0.004084 0.009540 0.027396 0.045252 0.075825 0.106398 0.137468 0.168538 0.222827 0.277116 0.382837 0.488558 0.594279 0.700000 0.885000 1.070000 1.255000 1.440000 1.672500 1.905000 2.137500 2.370000 2.650000 2.930000 3.210000 3.490000 3.805000 4.120000 4.435000 4.750000 5.065000 5.380000 5.695000
0.001022 0.002043 0.004043 0.009444 0.027122 0.044800 0.075067 0.105334 0.136093 0.166853 0.220599 0.274345 0.378258 0.482172 0.586086 0.690000 0.875000 1.060000 1.245000 1.430000 1.660000 1.890000 2.120000 2.350000 2.627500 2.905000 3.182500 3.460000 3.775000 4.090000 4.405000 4.720000 5.035000 5.350000 5.665000
0.001012 0.002023 0.004003 0.009350 0.026851 0.044352 0.074316 0.104280 0.134732 0.165184 0.218393 0.271601 0.376201 0.480801 0.585400 0.690000 0.870000 1.050000 1.230000 1.410000 1.642500 1.875000 2.107500 2.340000 2.615000 2.890000 3.165000 3.440000 3.752500 4.065000 4.377500 4.690000 5.002500 5.315000 5.627500
0.001001 0.002003 0.003963 0.009256 0.026582 0.043908 0.073573 0.103237 0.133385 0.163533 0.216209 0.268885 0.371664 0.474443 0.577221 0.680000 0.860000 1.040000 1.220000 1.400000 1.630000 1.860000 2.090000 2.320000 2.592500 2.865000 3.137500 3.410000 3.722500 4.035000 4.347500 4.660000 4.972500 5.285000 5.597500
0.000991 0.001983 0.003923 0.009164 0.026316 0.043469 0.072837 0.102205 0.132051 0.161897 0.214047 0.266196 0.367147 0.468098 0.569049 0.670000 0.847500 1.025000 1.202500 1.380000 1.610000 1.840000 2.070000 2.300000 2.572500 2.845000 3.117500 3.390000 3.700000 4.010000 4.320000 4.630000 4.940000 5.250000 5.560000
0.000981 0.001963 0.003884 0.009072 0.026053 0.043034 0.072109 0.101183 0.130731 0.160278 0.211906 0.263534 0.362651 0.461767 0.560884 0.660000 0.837500 1.015000 1.192500 1.370000 1.597500 1.825000 2.052500 2.280000 2.550000 2.820000 3.090000 3.360000 3.670000 3.980000 4.290000 4.600000 4.910000 5.220000 5.530000
