share/standard_tables/soil-moisture-retention-extended.grd
DSAA
35	408
0.5000	17.5000
-40.7000	0.0000
0.0000	17.5000
[rows 350 to 399 of 408, columns 0 to 34 of 35]
0.000215 0.000430 0.000852 0.001989 0.005712 0.009435 0.015809 0.022183 0.028661 0.035139 0.046458 0.057777 0.078093 0.098409 0.118725 0.139042 0.183416 0.227791 0.272166 0.316541 0.382077 0.447614 0.513151 0.578687 0.714557 0.850428 0.986298 1.122168 1.289126 1.456084 1.623042 1.790000 1.956958 2.123916 2.290874
0.000213 0.000426 0.000843 0.001969 0.005655 0.009340 0.015651 0.021961 0.028374 0.034788 0.045993 0.057199 0.077312 0.097425 0.117538 0.137651 0.181582 0.225513 0.269444 0.313375 0.378257 0.443138 0.508019 0.572900 0.707412 0.841923 0.976435 1.110947 1.278210 1.445473 1.612737 1.780000 1.947263 2.114527 2.281790
0.000211 0.000422 0.000835 0.001949 0.005598 0.009247 0.015494 0.021742 0.028091 0.034440 0.045533 0.056627 0.076539 0.096451 0.116363 0.136275 0.179766 0.223258 0.266750 0.310242 0.374474 0.438706 0.502939 0.567171 0.700338 0.833504 0.966671 1.099837 1.267378 1.434919 1.602459 1.770000 1.937541 2.105081 2.272622
0.000209 0.000418 0.000826 0.001930 0.005542 0.009155 0.015339 0.021524 0.027810 0.034095 0.045078 0.056061 0.075773 0.095486 0.115199 0.134912 0.177969 0.221026 0.264082 0.307139 0.370729 0.434319 0.497909 0.561499 0.693334 0.825169 0.957004 1.088839 1.254129 1.419419 1.584710 1.750000 1.915290 2.080581 2.245871
0.000207 0.000413 0.000818 0.001911 0.005487 0.009063 0.015186 0.021309 0.027532 0.033754 0.044627 0.055500 0.075016 0.094531 0.114047 0.133563 0.176189 0.218815 0.261442 0.304068 0.367022 0.429976 0.492930 0.555884 0.686401 0.816917 0.947434 1.077950 1.243463 1.408975 1.574488 1.740000 1.905512 2.071025 2.236537
0.000205 0.000409 0.000810 0.001891 0.005432 0.008972 0.015034 0.021096 0.027256 0.033417 0.044181 0.054945 0.074266 0.093586 0.112907 0.132227 0.174427 0.216627 0.258827 0.301027 0.363352 0.425676 0.488001 0.550326 0.679537 0.808748 0.937960 1.067171 1.232878 1.398585 1.564293 1.730000 1.895707 2.061415 2.227122
0.000203 0.000405 0.000802 0.001873 0.005378 0.008883 0.014884 0.020885 0.026984 0.033083 0.043739 0.054395 0.073523 0.092650 0.111778 0.130905 0.172683 0.214461 0.256239 0.298017 0.359718 0.421420 0.483121 0.544822 0.672742 0.800661 0.928580 1.056499 1.222374 1.388250 1.554125 1.720000 1.885875 2.051750 2.217626
0.000201 0.000401 0.000794 0.001854 0.005324 0.008794 0.014735 0.020676 0.026714 0.032752 0.043302 0.053852 0.072788 0.091724 0.110660 0.129596 0.170956 0.212316 0.253677 0.295037 0.356121 0.417205 0.478290 0.539374 0.666014 0.792654 0.919294 1.045934 1.211951 1.377967 1.543984 1.710000 1.876016 2.042033 2.208049
0.000199 0.000397 0.000786 0.001835 0.005271 0.008706 0.014588 0.020469 0.026447 0.032424 0.042869 0.053313 0.072060 0.090806 0.109553 0.128300 0.169247 0.210193 0.251140 0.292086 0.352560 0.413033 0.473507 0.533980 0.659354 0.784728 0.910101 1.035475 1.201606 1.367737 1.533869 1.700000 1.866131 2.032263 2.198394
0.000197 0.000393 0.000778 0.001817 0.005218 0.008619 0.014442 0.020265 0.026182 0.032100 0.042440 0.052780 0.071339 0.089898 0.108458 0.127017 0.167554 0.208091 0.248628 0.289166 0.349034 0.408903 0.468772 0.528641 0.652760 0.776880 0.901000 1.025120 1.191340 1.357560 1.523780 1.690000 1.856220 2.022440 2.188660
0.000195 0.000389 0.000770 0.001799 0.005166 0.008533 0.014297 0.020062 0.025921 0.031779 0.042016 0.052252 0.070626 0.088999 0.107373 0.125747 0.165879 0.206010 0.246142 0.286274 0.345544 0.404814 0.464084 0.523354 0.646233 0.769112 0.891990 1.014869 1.181152 1.347434 1.513717 1.680000 1.846283 2.012566 2.178848
0.000193 0.000385 0.000762 0.001781 0.005114 0.008447 0.014154 0.019861 0.025661 0.031461 0.041595 0.051730 0.069919 0.088109 0.106299 0.124489 0.164220 0.203950 0.243681 0.283411 0.342089 0.400766 0.459443 0.518121 0.639771 0.761420 0.883070 1.004720 1.171040 1.337360 1.503680 1.670000 1.836320 2.002640 2.168960
0.000191 0.000381 0.000755 0.001763 0.005063 0.008363 0.014013 0.019663 0.025405 0.031147 0.041179 0.051212 0.069220 0.087228 0.105236 0.123244 0.162578 0.201911 0.241244 0.280577 0.338668 0.396758 0.454849 0.512939 0.633373 0.753806 0.874240 0.994673 1.161005 1.327336 1.493668 1.660000 1.826332 1.992664 2.158995
0.000189 0.000378 0.000747 0.001745 0.005012 0.008279 0.013873 0.019466 0.025151 0.030835 0.040768 0.050700 0.068528 0.086356 0.104184 0.122012 0.160952 0.199892 0.238831 0.277771 0.335281 0.392791 0.450300 0.507810 0.627039 0.746268 0.865497 0.984726 1.151045 1.317363 1.483682 1.650000 1.816318 1.982637 2.148955
0.000187 0.000374 0.000740 0.001728 0.004962 0.008196 0.013734 0.019271 0.024899 0.030527 0.040360 0.050193 0.067843 0.085493 0.103142 0.120792 0.159342 0.197893 0.236443 0.274994 0.331928 0.388863 0.445797 0.502732 0.620769 0.738805 0.856842 0.974879 1.141159 1.307439 1.473720 1.640000 1.806280 1.972561 2.138841
0.000185 0.000370 0.000732 0.001711 0.004913 0.008114 0.013597 0.019079 0.024650 0.030222 0.039956 0.049691 0.067164 0.084638 0.102111 0.119584 0.157749 0.195914 0.234079 0.272244 0.328609 0.384974 0.441339 0.497705 0.614561 0.731417 0.848274 0.965130 1.131348 1.297565 1.463783 1.630000 1.796217 1.962435 2.128652
0.000183 0.000366 0.000725 0.001694 0.004863 0.008033 0.013461 0.018888 0.024404 0.029919 0.039557 0.049194 0.066493 0.083791 0.101090 0.118388 0.156171 0.193955 0.231738 0.269521 0.325323 0.381124 0.436926 0.492728 0.608415 0.724103 0.839791 0.955479 1.121609 1.287739 1.453870 1.620000 1.786130 1.952261 2.118391
0.000181 0.000363 0.000718 0.001677 0.004815 0.007953 0.013326 0.018699 0.024160 0.029620 0.039161 0.048702 0.065828 0.082953 0.100079 0.117204 0.154610 0.192015 0.229421 0.266826 0.322070 0.377313 0.432557 0.487800 0.602331 0.716862 0.831393 0.945924 1.111943 1.277962 1.443981 1.610000 1.776019 1.942038 2.108057
0.000180 0.000359 0.000711 0.001660 0.004767 0.007873 0.013193 0.018512 0.023918 0.029324 0.038770 0.048215 0.065170 0.082124 0.099078 0.116032 0.153064 0.190095 0.227126 0.264158 0.318849 0.373540 0.428231 0.482922 0.596308 0.709694 0.823079 0.936465 1.102349 1.268232 1.434116 1.600000 1.765884 1.931768 2.097651
0.000178 0.000356 0.000704 0.001643 0.004719 0.007795 0.013061 0.018327 0.023679 0.029031 0.038382 0.047733 0.064518 0.081303 0.098087 0.114872 0.151533 0.188194 0.224855 0.261516 0.315660 0.369805 0.423949 0.478093 0.590345 0.702597 0.814848 0.927100 1.092825 1.258550 1.424275 1.590000 1.755725 1.921450 2.087175
0.000176 0.000352 0.000696 0.001627 0.004672 0.007717 0.012930 0.018144 0.023442 0.028740 0.037998 0.047256 0.063873 0.080489 0.097106 0.113723 0.150018 0.186312 0.222607 0.258901 0.312504 0.366107 0.419709 0.473312 0.584441 0.695571 0.806700 0.917829 1.083372 1.248915 1.414457 1.580000 1.745543 1.911085 2.076628
0.000174 0.000348 0.000690 0.001611 0.004625 0.007640 0.012801 0.017962 0.023208 0.028453 0.037618 0.046783 0.063234 0.079685 0.096135 0.112586 0.148517 0.184449 0.220380 0.256312 0.309379 0.362445 0.415512 0.468579 0.578597 0.688615 0.798633 0.908651 1.073988 1.239325 1.404663 1.570000 1.735337 1.900675 2.066012
0.000172 0.000345 0.000683 0.001594 0.004579 0.007563 0.012673 0.017783 0.022976 0.028168 0.037242 0.046315 0.062602 0.078888 0.095174 0.111460 0.147032 0.182604 0.218177 0.253749 0.306285 0.358821 0.411357 0.463893 0.572811 0.681729 0.790647 0.899564 1.064673 1.229782 1.394891 1.560000 1.725109 1.890218 2.055327
0.000171 0.000342 0.000676 0.001578 0.004533 0.007488 0.012546 0.017605 0.022746 0.027887 0.036870 0.045852 0.061976 0.078099 0.094222 0.110345 0.145562 0.180778 0.215995 0.251211 0.303222 0.355233 0.407244 0.459254 0.567083 0.674912 0.782740 0.890569 1.055427 1.220284 1.385142 1.550000 1.714858 1.879716 2.044573
0.000169 0.000338 0.000669 0.001563 0.004488 0.007413 0.012421 0.017429 0.022518 0.027608 0.036501 0.045394 0.061356 0.077318 0.093280 0.109242 0.144106 0.178971 0.213835 0.248699 0.300190 0.351681 0.403171 0.454662 0.561412 0.668162 0.774913 0.881663 1.046247 1.210832 1.375416 1.540000 1.704584 1.869168 2.033753
0.000167 0.000335 0.000662 0.001547 0.004443 0.007339 0.012297 0.017254 0.022293 0.027332 0.036136 0.044940 0.060742 0.076545 0.092347 0.108150 0.142665 0.177181 0.211697 0.246212 0.297188 0.348164 0.399139 0.450115 0.555798 0.661481 0.767164 0.872846 1.037135 1.201423 1.365712 1.530000 1.694288 1.858577 2.022865
0.000166 0.000331 0.000656 0.001532 0.004398 0.007265 0.012174 0.017082 0.022070 0.027059 0.035774 0.044490 0.060135 0.075779 0.091424 0.107068 0.141239 0.175409 0.209580 0.243750 0.294216 0.344682 0.395148 0.445614 0.550240 0.654866 0.759492 0.864118 1.028088 1.192059 1.356029 1.520000 1.683971 1.847941 2.011912
0.000164 0.000328 0.000649 0.001516 0.004354 0.007192 0.012052 0.016911 0.021850 0.026788 0.035417 0.044046 0.059534 0.075021 0.090509 0.105997 0.139826 0.173655 0.207484 0.241313 0.291274 0.341235 0.391197 0.441158 0.544738 0.648317 0.751897 0.855477 1.019108 1.182738 1.346369 1.510000 1.673631 1.837262 2.000892
0.000162 0.000325 0.000643 0.001501 0.004311 0.007121 0.011931 0.016742 0.021631 0.026520 0.035063 0.043605 0.058938 0.074271 0.089604 0.104937 0.138428 0.171918 0.205409 0.238900 0.288361 0.337823 0.387285 0.436746 0.539290 0.641834 0.744378 0.846922 1.010192 1.173461 1.336731 1.500000 1.663269 1.826539 1.989808
0.000161 0.000322 0.000636 0.001486 0.004268 0.007049 0.011812 0.016575 0.021415 0.026255 0.034712 0.043169 0.058349 0.073529 0.088708 0.103888 0.137044 0.170199 0.203355 0.236511 0.285478 0.334445 0.383412 0.432379 0.533897 0.635416 0.736934 0.838453 1.001340 1.164226 1.327113 1.490000 1.652887 1.815774 1.978660
0.000159 0.000318 0.000630 0.001471 0.004225 0.006979 0.011694 0.016409 0.021201 0.025992 0.034365 0.042737 0.057765 0.072793 0.087821 0.102849 0.135673 0.168497 0.201321 0.234145 0.282623 0.331100 0.379578 0.428055 0.528558 0.629062 0.729565 0.830068 0.992551 1.155034 1.317517 1.480000 1.642483 1.804966 1.967449
0.000158 0.000315 0.000624 0.001457 0.004183 0.006909 0.011577 0.016245 0.020989 0.025732 0.034021 0.042310 0.057188 0.072065 0.086943 0.101821 0.134317 0.166812 0.199308 0.231804 0.279797 0.327789 0.375782 0.423774 0.523273 0.622771 0.722269 0.821768 0.983826 1.145884 1.307942 1.470000 1.632058 1.794116 1.956174
0.000156 0.000312 0.000617 0.001442 0.004141 0.006840 0.011461 0.016082 0.020779 0.025475 0.033681 0.041887 0.056616 0.071345 0.086074 0.100802 0.132973 0.165144 0.197315 0.229486 0.276999 0.324511 0.372024 0.419537 0.518040 0.616543 0.715047 0.813550 0.975162 1.136775 1.298387 1.460000 1.621613 1.783225 1.944838
0.000154 0.000309 0.000611 0.001428 0.004100 0.006772 0.011347 0.015921 0.020571 0.025220 0.033344 0.041468 0.056050 0.070631 0.085213 0.099794 0.131644 0.163493 0.195342 0.227191 0.274229 0.321266 0.368304 0.415341 0.512860 0.610378 0.707896 0.805414 0.966561 1.127707 1.288854 1.450000 1.611146 1.772293 1.933439
0.000153 0.000306 0.000605 0.001413 0.004059 0.006704 0.011233 0.015762 0.020365 0.024968 0.033011 0.041053 0.055489 0.069925 0.084361 0.098797 0.130327 0.161858 0.193388 0.224919 0.271486 0.318054 0.364621 0.411188 0.507731 0.604274 0.700817 0.797360 0.958020 1.118680 1.279340 1.440000 1.600660 1.761320 1.921980
0.000151 0.000303 0.000599 0.001399 0.004018 0.006637 0.011121 0.015605 0.020162 0.024718 0.032681 0.040643 0.054934 0.069226 0.083517 0.097809 0.129024 0.160239 0.191455 0.222670 0.268771 0.314873 0.360975 0.407076 0.502654 0.598231 0.693809 0.789387 0.952040 1.114693 1.277347 1.440000 1.602653 1.765307 1.927960
0.000150 0.000300 0.000593 0.001385 0.003978 0.006570 0.011010 0.015449 0.019960 0.024471 0.032354 0.040236 0.054385 0.068533 0.082682 0.096830 0.127734 0.158637 0.189540 0.220443 0.266084 0.311724 0.357365 0.403005 0.497627 0.592249 0.686871 0.781493 0.943620 1.105746 1.267873 1.430000 1.592127 1.754254 1.916380
0.000148 0.000297 0.000587 0.001371 0.003938 0.006505 0.010899 0.015294 0.019760 0.024227 0.032030 0.039834 0.053841 0.067848 0.081855 0.095862 0.126456 0.157050 0.187645 0.218239 0.263423 0.308607 0.353791 0.398975 0.492651 0.586327 0.680002 0.773678 0.935258 1.096839 1.258419 1.420000 1.581581 1.743161 1.904742
0.000147 0.000294 0.000581 0.001358 0.003899 0.006440 0.010790 0.015141 0.019563 0.023984 0.031710 0.039436 0.053303 0.067170 0.081037 0.094904 0.125192 0.155480 0.185768 0.216056 0.260789 0.305521 0.350253 0.394985 0.487724 0.580463 0.673202 0.765941 0.926956 1.087971 1.248985 1.410000 1.571015 1.732029 1.893044
0.000145 0.000291 0.000575 0.001344 0.003860 0.006375 0.010683 0.014990 0.019367 0.023744 0.031393 0.039041 0.052770 0.066498 0.080226 0.093955 0.123940 0.153925 0.183911 0.213896 0.258181 0.302466 0.346751 0.391036 0.482847 0.574659 0.666470 0.758282 0.918711 1.079141 1.239570 1.400000 1.560430 1.720859 1.881289
0.000144 0.000288 0.000570 0.001331 0.003821 0.006312 0.010576 0.014840 0.019173 0.023507 0.031079 0.038651 0.052242 0.065833 0.079424 0.093015 0.122700 0.152386 0.182071 0.211757 0.255599 0.299441 0.343283 0.387125 0.478019 0.568912 0.659805 0.750699 0.910524 1.070349 1.230175 1.390000 1.549825 1.709651 1.869476
0.000143 0.000285 0.000564 0.001317 0.003783 0.006248 0.010470 0.014691 0.018982 0.023272 0.030768 0.038264 0.051719 0.065175 0.078630 0.092085 0.121473 0.150862 0.180251 0.209639 0.253043 0.296447 0.339850 0.383254 0.473238 0.563223 0.653207 0.743192 0.902394 1.061596 1.220798 1.380000 1.539202 1.698404 1.857606
0.000141 0.000282 0.000558 0.001304 0.003745 0.006186 0.010365 0.014545 0.018792 0.023039 0.030460 0.037882 0.051202 0.064523 0.077843 0.091164 0.120259 0.149353 0.178448 0.207543 0.250513 0.293482 0.336452 0.379421 0.468506 0.557591 0.646675 0.735760 0.894320 1.052880 1.211440 1.370000 1.528560 1.687120 1.845680
0.000140 0.000279 0.000553 0.001291 0.003708 0.006124 0.010262 0.014399 0.018604 0.022809 0.030156 0.037503 0.050690 0.063878 0.077065 0.090252 0.119056 0.147860 0.176664 0.205468 0.248007 0.290547 0.333087 0.375627 0.463821 0.552015 0.640209 0.728402 0.888802 1.049201 1.209601 1.370000 1.530399 1.690799 1.851198
0.000138 0.000277 0.000547 0.001278 0.003670 0.006063 0.010159 0.014255 0.018418 0.022581 0.029854 0.037128 0.050183 0.063239 0.076294 0.089350 0.117866 0.146381 0.174897 0.203413 0.245527 0.287642 0.329756 0.371871 0.459183 0.546495 0.633807 0.721118 0.880839 1.040559 1.200280 1.360000 1.519720 1.679441 1.839161
0.000137 0.000274 0.000542 0.001265 0.003634 0.006002 0.010057 0.014113 0.018234 0.022355 0.029556 0.036757 0.049682 0.062606 0.075531 0.088456 0.116687 0.144918 0.173148 0.201379 0.243072 0.284766 0.326459 0.368152 0.454591 0.541030 0.627468 0.713907 0.872930 1.031954 1.190977 1.350000 1.509023 1.668046 1.827070
0.000136 0.000271 0.000536 0.001253 0.003597 0.005942 0.009957 0.013971 0.018051 0.022131 0.029260 0.036389 0.049185 0.061980 0.074776 0.087572 0.115520 0.143468 0.171417 0.199365 0.240641 0.281918 0.323194 0.364471 0.450045 0.535619 0.621194 0.706768 0.865076 1.023384 1.181692 1.340000 1.498308 1.656616 1.814924
0.000134 0.000268 0.000531 0.001240 0.003561 0.005883 0.009857 0.013832 0.017871 0.021910 0.028968 0.036025 0.048693 0.061361 0.074028 0.086696 0.114365 0.142034 0.169702 0.197371 0.238235 0.279099 0.319962 0.360826 0.445545 0.530263 0.614982 0.699700 0.857275 1.014850 1.172425 1.330000 1.487575 1.645150 1.802725
0.000133 0.000266 0.000526 0.001228 0.003526 0.005824 0.009759 0.013693 0.017692 0.021691 0.028678 0.035665 0.048206 0.060747 0.073288 0.085829 0.113221 0.140613 0.168005 0.195398 0.235853 0.276308 0.316763 0.357218 0.441089 0.524961 0.608832 0.692703 0.849528 1.006352 1.163176 1.320000 1.476824 1.633648 1.790472
0.000131 0.000263 0.000520 0.001215 0.003491 0.005766 0.009661 0.013556 0.017515 0.021474 0.028391 0.035308 0.047724 0.060140 0.072555 0.084971 0.112089 0.139207 0.166325 0.193444 0.233494 0.273545 0.313595 0.353646 0.436678 0.519711 0.602744 0.685776 0.844332 1.002888 1.161444 1.320000 1.478556 1.637112 1.795668
