share/standard_tables/soil-moisture-retention-extended.grd
DSAA
35	408
0.5000	17.5000
-40.7000	0.0000
0.0000	17.5000
[rows 100 to 149 of 408, columns 0 to 34 of 35]
0.002655 0.005309 0.010505 0.024537 0.070466 0.116394 0.213197 0.310000 0.485000 0.660000 0.870000 1.080000 1.380000 1.680000 1.980000 2.280000 2.632500 2.985000 3.337500 3.690000 4.070000 4.450000 4.830000 5.210000 5.617500 6.025000 6.432500 6.840000 7.270000 7.700000 8.130000 8.560000 8.990000 9.420000 9.850000
0.002628 0.005256 0.010400 0.024292 0.069761 0.115230 0.207615 0.300000 0.470000 0.640000 0.850000 1.060000 1.357500 1.655000 1.952500 2.250000 2.600000 2.950000 3.300000 3.650000 4.027500 4.405000 4.782500 5.160000 5.567500 5.975000 6.382500 6.790000 7.217500 7.645000 8.072500 8.500000 8.927500 9.355000 9.782500
0.002602 0.005203 0.010296 0.024049 0.069063 0.114078 0.207039 0.300000 0.465000 0.630000 0.835000 1.040000 1.337500 1.635000 1.932500 2.230000 2.577500 2.925000 3.272500 3.620000 3.995000 4.370000 4.745000 5.120000 5.527500 5.935000 6.342500 6.750000 7.175000 7.600000 8.025000 8.450000 8.875000 9.300000 9.725000
0.002576 0.005151 0.010193 0.023808 0.068373 0.112937 0.201468 0.290000 0.455000 0.620000 0.820000 1.020000 1.315000 1.610000 1.905000 2.200000 2.547500 2.895000 3.242500 3.590000 3.962500 4.335000 4.707500 5.080000 5.485000 5.890000 6.295000 6.700000 7.125000 7.550000 7.975000 8.400000 8.825000 9.250000 9.675000
0.002550 0.005100 0.010091 0.023570 0.067689 0.111808 0.195904 0.280000 0.440000 0.600000 0.800000 1.000000 1.292500 1.585000 1.877500 2.170000 2.515000 2.860000 3.205000 3.550000 3.922500 4.295000 4.667500 5.040000 5.442500 5.845000 6.247500 6.650000 7.072500 7.495000 7.917500 8.340000 8.762500 9.185000 9.607500
0.002524 0.005049 0.009990 0.023335 0.067012 0.110690 0.190345 0.270000 0.430000 0.590000 0.785000 0.980000 1.270000 1.560000 1.850000 2.140000 2.485000 2.830000 3.175000 3.520000 3.887500 4.255000 4.622500 4.990000 5.392500 5.795000 6.197500 6.600000 7.022500 7.445000 7.867500 8.290000 8.712500 9.135000 9.557500
0.002499 0.004998 0.009891 0.023101 0.066342 0.109583 0.189791 0.270000 0.425000 0.580000 0.775000 0.970000 1.257500 1.545000 1.832500 2.120000 2.460000 2.800000 3.140000 3.480000 3.847500 4.215000 4.582500 4.950000 5.352500 5.755000 6.157500 6.560000 6.980000 7.400000 7.820000 8.240000 8.660000 9.080000 9.500000
0.002474 0.004948 0.009792 0.022870 0.065679 0.108487 0.184243 0.260000 0.415000 0.570000 0.760000 0.950000 1.235000 1.520000 1.805000 2.090000 2.430000 2.770000 3.110000 3.450000 3.815000 4.180000 4.545000 4.910000 5.310000 5.710000 6.110000 6.510000 6.930000 7.350000 7.770000 8.190000 8.610000 9.030000 9.450000
0.002449 0.004899 0.009694 0.022642 0.065022 0.107402 0.178701 0.250000 0.405000 0.560000 0.750000 0.940000 1.222500 1.505000 1.787500 2.070000 2.405000 2.740000 3.075000 3.410000 3.775000 4.140000 4.505000 4.870000 5.270000 5.670000 6.070000 6.470000 6.887500 7.305000 7.722500 8.140000 8.557500 8.975000 9.392500
0.002425 0.004850 0.009597 0.022415 0.064372 0.106328 0.178164 0.250000 0.400000 0.550000 0.735000 0.920000 1.200000 1.480000 1.760000 2.040000 2.375000 2.710000 3.045000 3.380000 3.742500 4.105000 4.467500 4.830000 5.227500 5.625000 6.022500 6.420000 6.837500 7.255000 7.672500 8.090000 8.507500 8.925000 9.342500
0.002401 0.004801 0.009501 0.022191 0.063728 0.105265 0.176382 0.247500 0.393750 0.540000 0.720000 0.900000 1.177500 1.455000 1.732500 2.010000 2.345000 2.680000 3.015000 3.350000 3.710000 4.070000 4.430000 4.790000 5.185000 5.580000 5.975000 6.370000 6.787500 7.205000 7.622500 8.040000 8.457500 8.875000 9.292500
0.002377 0.004753 0.009406 0.021969 0.063091 0.104212 0.174618 0.245025 0.387513 0.530000 0.710000 0.890000 1.165000 1.440000 1.715000 1.990000 2.320000 2.650000 2.980000 3.310000 3.670000 4.030000 4.390000 4.750000 5.145000 5.540000 5.935000 6.330000 6.745000 7.160000 7.575000 7.990000 8.405000 8.820000 9.235000
0.002353 0.004706 0.009312 0.021749 0.062460 0.103170 0.172872 0.242575 0.381287 0.520000 0.695000 0.870000 1.142500 1.415000 1.687500 1.960000 2.290000 2.620000 2.950000 3.280000 3.637500 3.995000 4.352500 4.710000 5.102500 5.495000 5.887500 6.280000 6.695000 7.110000 7.525000 7.940000 8.355000 8.770000 9.185000
0.002329 0.004659 0.009219 0.021532 0.061835 0.102138 0.171144 0.240149 0.370075 0.500000 0.680000 0.860000 1.130000 1.400000 1.670000 1.940000 2.267500 2.595000 2.922500 3.250000 3.605000 3.960000 4.315000 4.670000 5.062500 5.455000 5.847500 6.240000 6.652500 7.065000 7.477500 7.890000 8.302500 8.715000 9.127500
0.002306 0.004612 0.009126 0.021317 0.061217 0.101117 0.169432 0.237748 0.363874 0.490000 0.670000 0.850000 1.117500 1.385000 1.652500 1.920000 2.242500 2.565000 2.887500 3.210000 3.565000 3.920000 4.275000 4.630000 5.020000 5.410000 5.800000 6.190000 6.602500 7.015000 7.427500 7.840000 8.252500 8.665000 9.077500
0.002283 0.004566 0.009035 0.021103 0.060605 0.100106 0.167738 0.235370 0.357685 0.480000 0.655000 0.830000 1.095000 1.360000 1.625000 1.890000 2.212500 2.535000 2.857500 3.180000 3.532500 3.885000 4.237500 4.590000 4.980000 5.370000 5.760000 6.150000 6.560000 6.970000 7.380000 7.790000 8.200000 8.610000 9.020000
0.002260 0.004520 0.008945 0.020892 0.059998 0.099105 0.166060 0.233016 0.356508 0.480000 0.650000 0.820000 1.082500 1.345000 1.607500 1.870000 2.190000 2.510000 2.830000 3.150000 3.500000 3.850000 4.200000 4.550000 4.937500 5.325000 5.712500 6.100000 6.510000 6.920000 7.330000 7.740000 8.150000 8.560000 8.970000
0.002238 0.004475 0.008855 0.020683 0.059398 0.098114 0.164400 0.230686 0.350343 0.470000 0.635000 0.800000 1.060000 1.320000 1.580000 1.840000 2.160000 2.480000 2.800000 3.120000 3.470000 3.820000 4.170000 4.520000 4.905000 5.290000 5.675000 6.060000 6.467500 6.875000 7.282500 7.690000 8.097500 8.505000 8.912500
0.002215 0.004430 0.008767 0.020477 0.058805 0.097132 0.162756 0.228379 0.344190 0.460000 0.625000 0.790000 1.047500 1.305000 1.562500 1.820000 2.137500 2.455000 2.772500 3.090000 3.437500 3.785000 4.132500 4.480000 4.865000 5.250000 5.635000 6.020000 6.425000 6.830000 7.235000 7.640000 8.045000 8.450000 8.855000
0.002193 0.004386 0.008679 0.020272 0.058216 0.096161 0.161128 0.226096 0.338048 0.450000 0.615000 0.780000 1.035000 1.290000 1.545000 1.800000 2.115000 2.430000 2.745000 3.060000 3.405000 3.750000 4.095000 4.440000 4.825000 5.210000 5.595000 5.980000 6.385000 6.790000 7.195000 7.600000 8.005000 8.410000 8.815000
0.002171 0.004342 0.008592 0.020069 0.057634 0.095199 0.159517 0.223835 0.331917 0.440000 0.605000 0.770000 1.022500 1.275000 1.527500 1.780000 2.092500 2.405000 2.717500 3.030000 3.375000 3.720000 4.065000 4.410000 4.790000 5.170000 5.550000 5.930000 6.335000 6.740000 7.145000 7.550000 7.955000 8.360000 8.765000
0.002149 0.004299 0.008506 0.019868 0.057058 0.094247 0.157922 0.221596 0.325798 0.430000 0.590000 0.750000 1.000000 1.250000 1.500000 1.750000 2.062500 2.375000 2.687500 3.000000 3.342500 3.685000 4.027500 4.370000 4.750000 5.130000 5.510000 5.890000 6.292500 6.695000 7.097500 7.500000 7.902500 8.305000 8.707500
0.002128 0.004256 0.008421 0.019670 0.056487 0.093305 0.156343 0.219380 0.319690 0.420000 0.580000 0.740000 0.987500 1.235000 1.482500 1.730000 2.040000 2.350000 2.660000 2.970000 3.310000 3.650000 3.990000 4.330000 4.710000 5.090000 5.470000 5.850000 6.252500 6.655000 7.057500 7.460000 7.862500 8.265000 8.667500
0.002107 0.004213 0.008337 0.019473 0.055922 0.092372 0.154779 0.217186 0.313593 0.410000 0.570000 0.730000 0.975000 1.220000 1.465000 1.710000 2.017500 2.325000 2.632500 2.940000 3.280000 3.620000 3.960000 4.300000 4.677500 5.055000 5.432500 5.810000 6.210000 6.610000 7.010000 7.410000 7.810000 8.210000 8.610000
0.002086 0.004171 0.008254 0.019278 0.055363 0.091448 0.153231 0.215015 0.307507 0.400000 0.560000 0.720000 0.962500 1.205000 1.447500 1.690000 1.995000 2.300000 2.605000 2.910000 3.247500 3.585000 3.922500 4.260000 4.637500 5.015000 5.392500 5.770000 6.167500 6.565000 6.962500 7.360000 7.757500 8.155000 8.552500
0.002065 0.004129 0.008171 0.019086 0.054810 0.090534 0.151699 0.212864 0.306432 0.400000 0.550000 0.700000 0.942500 1.185000 1.427500 1.670000 1.972500 2.275000 2.577500 2.880000 3.217500 3.555000 3.892500 4.230000 4.602500 4.975000 5.347500 5.720000 6.120000 6.520000 6.920000 7.320000 7.720000 8.120000 8.520000
0.002044 0.004088 0.008090 0.018895 0.054262 0.089628 0.150182 0.210736 0.300368 0.390000 0.540000 0.690000 0.930000 1.170000 1.410000 1.650000 1.950000 2.250000 2.550000 2.850000 3.185000 3.520000 3.855000 4.190000 4.562500 4.935000 5.307500 5.680000 6.077500 6.475000 6.872500 7.270000 7.667500 8.065000 8.462500
0.002024 0.004047 0.008009 0.018706 0.053719 0.088732 0.148680 0.208628 0.294314 0.380000 0.530000 0.680000 0.917500 1.155000 1.392500 1.630000 1.927500 2.225000 2.522500 2.820000 3.155000 3.490000 3.825000 4.160000 4.530000 4.900000 5.270000 5.640000 6.037500 6.435000 6.832500 7.230000 7.627500 8.025000 8.422500
0.002003 0.004007 0.007929 0.018519 0.053182 0.087845 0.147193 0.206542 0.288271 0.370000 0.520000 0.670000 0.905000 1.140000 1.375000 1.610000 1.905000 2.200000 2.495000 2.790000 3.122500 3.455000 3.787500 4.120000 4.490000 4.860000 5.230000 5.600000 5.995000 6.390000 6.785000 7.180000 7.575000 7.970000 8.365000
0.001983 0.003967 0.007849 0.018334 0.052650 0.086966 0.145722 0.204477 0.287238 0.370000 0.515000 0.660000 0.892500 1.125000 1.357500 1.590000 1.885000 2.180000 2.475000 2.770000 3.100000 3.430000 3.760000 4.090000 4.457500 4.825000 5.192500 5.560000 5.955000 6.350000 6.745000 7.140000 7.535000 7.930000 8.325000
0.001964 0.003927 0.007771 0.018150 0.052123 0.086097 0.144264 0.202432 0.281216 0.360000 0.505000 0.650000 0.880000 1.110000 1.340000 1.570000 1.862500 2.155000 2.447500 2.740000 3.067500 3.395000 3.722500 4.050000 4.417500 4.785000 5.152500 5.520000 5.912500 6.305000 6.697500 7.090000 7.482500 7.875000 8.267500
0.001944 0.003888 0.007693 0.017969 0.051602 0.085236 0.142822 0.200408 0.275204 0.350000 0.495000 0.640000 0.867500 1.095000 1.322500 1.550000 1.840000 2.130000 2.420000 2.710000 3.037500 3.365000 3.692500 4.020000 4.385000 4.750000 5.115000 5.480000 5.872500 6.265000 6.657500 7.050000 7.442500 7.835000 8.227500
0.001924 0.003849 0.007616 0.017789 0.051086 0.084383 0.141393 0.198404 0.269202 0.340000 0.485000 0.630000 0.855000 1.080000 1.305000 1.530000 1.817500 2.105000 2.392500 2.680000 3.007500 3.335000 3.662500 3.990000 4.355000 4.720000 5.085000 5.450000 5.837500 6.225000 6.612500 7.000000 7.387500 7.775000 8.162500
0.001905 0.003810 0.007540 0.017611 0.050575 0.083540 0.139980 0.196420 0.268210 0.340000 0.480000 0.620000 0.842500 1.065000 1.287500 1.510000 1.795000 2.080000 2.365000 2.650000 2.975000 3.300000 3.625000 3.950000 4.315000 4.680000 5.045000 5.410000 5.797500 6.185000 6.572500 6.960000 7.347500 7.735000 8.122500
0.001886 0.003772 0.007465 0.017435 0.050070 0.082704 0.138580 0.194455 0.262228 0.330000 0.470000 0.610000 0.830000 1.050000 1.270000 1.490000 1.772500 2.055000 2.337500 2.620000 2.945000 3.270000 3.595000 3.920000 4.282500 4.645000 5.007500 5.370000 5.757500 6.145000 6.532500 6.920000 7.307500 7.695000 8.082500
0.001867 0.003735 0.007390 0.017261 0.049569 0.081877 0.137194 0.192511 0.256255 0.320000 0.460000 0.600000 0.817500 1.035000 1.252500 1.470000 1.752500 2.035000 2.317500 2.600000 2.922500 3.245000 3.567500 3.890000 4.250000 4.610000 4.970000 5.330000 5.715000 6.100000 6.485000 6.870000 7.255000 7.640000 8.025000
0.001849 0.003697 0.007316 0.017088 0.049073 0.081058 0.135822 0.190586 0.255293 0.320000 0.455000 0.590000 0.805000 1.020000 1.235000 1.450000 1.730000 2.010000 2.290000 2.570000 2.890000 3.210000 3.530000 3.850000 4.210000 4.570000 4.930000 5.290000 5.675000 6.060000 6.445000 6.830000 7.215000 7.600000 7.985000
0.001830 0.003660 0.007243 0.016917 0.048582 0.080248 0.134464 0.188680 0.249340 0.310000 0.445000 0.580000 0.795000 1.010000 1.225000 1.440000 1.715000 1.990000 2.265000 2.540000 2.860000 3.180000 3.500000 3.820000 4.177500 4.535000 4.892500 5.250000 5.635000 6.020000 6.405000 6.790000 7.175000 7.560000 7.945000
0.001812 0.003624 0.007170 0.016748 0.048097 0.079445 0.133119 0.186793 0.248397 0.310000 0.440000 0.570000 0.782500 0.995000 1.207500 1.420000 1.695000 1.970000 2.245000 2.520000 2.837500 3.155000 3.472500 3.790000 4.147500 4.505000 4.862500 5.220000 5.600000 5.980000 6.360000 6.740000 7.120000 7.500000 7.880000
0.001794 0.003587 0.007099 0.016581 0.047616 0.078651 0.131788 0.184925 0.242463 0.300000 0.430000 0.560000 0.770000 0.980000 1.190000 1.400000 1.672500 1.945000 2.217500 2.490000 2.807500 3.125000 3.442500 3.760000 4.115000 4.470000 4.825000 5.180000 5.560000 5.940000 6.320000 6.700000 7.080000 7.460000 7.840000
0.001776 0.003552 0.007028 0.016415 0.047139 0.077864 0.130470 0.183076 0.236538 0.290000 0.420000 0.550000 0.757500 0.965000 1.172500 1.380000 1.652500 1.925000 2.197500 2.470000 2.785000 3.100000 3.415000 3.730000 4.082500 4.435000 4.787500 5.140000 5.520000 5.900000 6.280000 6.660000 7.040000 7.420000 7.800000
0.001758 0.003516 0.006957 0.016251 0.046668 0.077086 0.129165 0.181245 0.234173 0.287100 0.413550 0.540000 0.747500 0.955000 1.162500 1.370000 1.637500 1.905000 2.172500 2.440000 2.755000 3.070000 3.385000 3.700000 4.050000 4.400000 4.750000 5.100000 5.480000 5.860000 6.240000 6.620000 7.000000 7.380000 7.760000
0.001740 0.003481 0.006888 0.016088 0.046201 0.076315 0.127874 0.179433 0.231831 0.284229 0.407115 0.530000 0.735000 0.940000 1.145000 1.350000 1.617500 1.885000 2.152500 2.420000 2.732500 3.045000 3.357500 3.670000 4.020000 4.370000 4.720000 5.070000 5.447500 5.825000 6.202500 6.580000 6.957500 7.335000 7.712500
0.001723 0.003446 0.006819 0.015927 0.045739 0.075552 0.126595 0.177638 0.229513 0.281387 0.400693 0.520000 0.722500 0.925000 1.127500 1.330000 1.597500 1.865000 2.132500 2.400000 2.710000 3.020000 3.330000 3.640000 3.987500 4.335000 4.682500 5.030000 5.407500 5.785000 6.162500 6.540000 6.917500 7.295000 7.672500
0.001706 0.003412 0.006751 0.015768 0.045282 0.074796 0.125329 0.175862 0.227217 0.278573 0.394286 0.510000 0.710000 0.910000 1.110000 1.310000 1.575000 1.840000 2.105000 2.370000 2.680000 2.990000 3.300000 3.610000 3.957500 4.305000 4.652500 5.000000 5.375000 5.750000 6.125000 6.500000 6.875000 7.250000 7.625000
0.001689 0.003378 0.006683 0.015610 0.044829 0.074048 0.124076 0.174103 0.224945 0.275787 0.387894 0.500000 0.700000 0.900000 1.100000 1.300000 1.562500 1.825000 2.087500 2.350000 2.657500 2.965000 3.272500 3.580000 3.925000 4.270000 4.615000 4.960000 5.335000 5.710000 6.085000 6.460000 6.835000 7.210000 7.585000
0.001672 0.003344 0.006616 0.015454 0.044381 0.073308 0.122835 0.172362 0.222696 0.273029 0.386515 0.500000 0.695000 0.890000 1.085000 1.280000 1.540000 1.800000 2.060000 2.320000 2.627500 2.935000 3.242500 3.550000 3.892500 4.235000 4.577500 4.920000 5.295000 5.670000 6.045000 6.420000 6.795000 7.170000 7.545000
0.001655 0.003310 0.006550 0.015300 0.043937 0.072575 0.121607 0.170639 0.220469 0.270299 0.380149 0.490000 0.685000 0.880000 1.075000 1.270000 1.527500 1.785000 2.042500 2.300000 2.605000 2.910000 3.215000 3.520000 3.862500 4.205000 4.547500 4.890000 5.262500 5.635000 6.007500 6.380000 6.752500 7.125000 7.497500
0.001639 0.003277 0.006485 0.015147 0.043498 0.071849 0.120391 0.168932 0.218264 0.267596 0.373798 0.480000 0.672500 0.865000 1.057500 1.250000 1.507500 1.765000 2.022500 2.280000 2.582500 2.885000 3.187500 3.490000 3.832500 4.175000 4.517500 4.860000 5.230000 5.600000 5.970000 6.340000 6.710000 7.080000 7.450000
0.001622 0.003244 0.006420 0.014995 0.043063 0.071130 0.119187 0.167243 0.216081 0.264920 0.367460 0.470000 0.662500 0.855000 1.047500 1.240000 1.495000 1.750000 2.005000 2.260000 2.560000 2.860000 3.160000 3.460000 3.800000 4.140000 4.480000 4.820000 5.190000 5.560000 5.930000 6.300000 6.670000 7.040000 7.410000
