share/standard_tables/soil-moisture-retention-extended.grd
DSAA
35	408
0.5000	17.5000
-40.7000	0.0000
0.0000	17.5000
[rows 50 to 99 of 408, columns 0 to 34 of 35]
0.004388 0.008775 0.034072 0.140000 0.335000 0.530000 0.820000 1.110000 1.460000 1.810000 2.190000 2.570000 2.995000 3.420000 3.845000 4.270000 4.725000 5.180000 5.635000 6.090000 6.542500 6.995000 7.447500 7.900000 8.372500 8.845000 9.317500 9.790000 10.267500 10.745000 11.222500 11.700000 12.177500 12.655000 13.132500
0.004344 0.008687 0.031006 0.130000 0.320000 0.510000 0.795000 1.080000 1.425000 1.770000 2.150000 2.530000 2.952500 3.375000 3.797500 4.220000 4.672500 5.125000 5.577500 6.030000 6.482500 6.935000 7.387500 7.840000 8.310000 8.780000 9.250000 9.720000 10.197500 10.675000 11.152500 11.630000 12.107500 12.585000 13.062500
0.004300 0.008601 0.028215 0.120000 0.310000 0.500000 0.775000 1.050000 1.390000 1.730000 2.110000 2.490000 2.910000 3.330000 3.750000 4.170000 4.620000 5.070000 5.520000 5.970000 6.420000 6.870000 7.320000 7.770000 8.240000 8.710000 9.180000 9.650000 10.125000 10.600000 11.075000 11.550000 12.025000 12.500000 12.975000
0.004257 0.008515 0.025676 0.120000 0.300000 0.480000 0.750000 1.020000 1.360000 1.700000 2.070000 2.440000 2.860000 3.280000 3.700000 4.120000 4.567500 5.015000 5.462500 5.910000 6.360000 6.810000 7.260000 7.710000 8.177500 8.645000 9.112500 9.580000 10.055000 10.530000 11.005000 11.480000 11.955000 12.430000 12.905000
0.004215 0.008429 0.023365 0.110000 0.285000 0.460000 0.730000 1.000000 1.330000 1.660000 2.030000 2.400000 2.815000 3.230000 3.645000 4.060000 4.507500 4.955000 5.402500 5.850000 6.297500 6.745000 7.192500 7.640000 8.107500 8.575000 9.042500 9.510000 9.985000 10.460000 10.935000 11.410000 11.885000 12.360000 12.835000
0.004173 0.008345 0.021262 0.110000 0.280000 0.450000 0.715000 0.980000 1.305000 1.630000 1.995000 2.360000 2.772500 3.185000 3.597500 4.010000 4.457500 4.905000 5.352500 5.800000 6.245000 6.690000 7.135000 7.580000 8.047500 8.515000 8.982500 9.450000 9.922500 10.395000 10.867500 11.340000 11.812500 12.285000 12.757500
0.004131 0.008262 0.019349 0.100000 0.265000 0.430000 0.690000 0.950000 1.275000 1.600000 1.960000 2.320000 2.730000 3.140000 3.550000 3.960000 4.405000 4.850000 5.295000 5.740000 6.185000 6.630000 7.075000 7.520000 7.985000 8.450000 8.915000 9.380000 9.852500 10.325000 10.797500 11.270000 11.742500 12.215000 12.687500
0.004090 0.008179 0.017607 0.100000 0.260000 0.420000 0.670000 0.920000 1.245000 1.570000 1.925000 2.280000 2.687500 3.095000 3.502500 3.910000 4.352500 4.795000 5.237500 5.680000 6.125000 6.570000 7.015000 7.460000 7.922500 8.385000 8.847500 9.310000 9.782500 10.255000 10.727500 11.200000 11.672500 12.145000 12.617500
0.004049 0.008097 0.016023 0.090000 0.250000 0.410000 0.655000 0.900000 1.220000 1.540000 1.890000 2.240000 2.647500 3.055000 3.462500 3.870000 4.307500 4.745000 5.182500 5.620000 6.062500 6.505000 6.947500 7.390000 7.855000 8.320000 8.785000 9.250000 9.720000 10.190000 10.660000 11.130000 11.600000 12.070000 12.540000
0.004008 0.008016 0.015862 0.090000 0.240000 0.390000 0.635000 0.880000 1.195000 1.510000 1.855000 2.200000 2.605000 3.010000 3.415000 3.820000 4.257500 4.695000 5.132500 5.570000 6.010000 6.450000 6.890000 7.330000 7.792500 8.255000 8.717500 9.180000 9.650000 10.120000 10.590000 11.060000 11.530000 12.000000 12.470000
0.003968 0.007936 0.015704 0.080000 0.230000 0.380000 0.620000 0.860000 1.165000 1.470000 1.815000 2.160000 2.562500 2.965000 3.367500 3.770000 4.205000 4.640000 5.075000 5.510000 5.950000 6.390000 6.830000 7.270000 7.730000 8.190000 8.650000 9.110000 9.580000 10.050000 10.520000 10.990000 11.460000 11.930000 12.400000
0.003928 0.007857 0.015547 0.080000 0.220000 0.360000 0.600000 0.840000 1.140000 1.440000 1.780000 2.120000 2.520000 2.920000 3.320000 3.720000 4.155000 4.590000 5.025000 5.460000 5.897500 6.335000 6.772500 7.210000 7.670000 8.130000 8.590000 9.050000 9.517500 9.985000 10.452500 10.920000 11.387500 11.855000 12.322500
0.003889 0.007778 0.015391 0.070000 0.210000 0.350000 0.585000 0.820000 1.115000 1.410000 1.750000 2.090000 2.487500 2.885000 3.282500 3.680000 4.110000 4.540000 4.970000 5.400000 5.837500 6.275000 6.712500 7.150000 7.607500 8.065000 8.522500 8.980000 9.447500 9.915000 10.382500 10.850000 11.317500 11.785000 12.252500
0.003850 0.007700 0.015237 0.070000 0.205000 0.340000 0.570000 0.800000 1.090000 1.380000 1.715000 2.050000 2.445000 2.840000 3.235000 3.630000 4.060000 4.490000 4.920000 5.350000 5.785000 6.220000 6.655000 7.090000 7.547500 8.005000 8.462500 8.920000 9.387500 9.855000 10.322500 10.790000 11.257500 11.725000 12.192500
0.003812 0.007623 0.015085 0.070000 0.200000 0.330000 0.550000 0.770000 1.065000 1.360000 1.690000 2.020000 2.412500 2.805000 3.197500 3.590000 4.017500 4.445000 4.872500 5.300000 5.732500 6.165000 6.597500 7.030000 7.487500 7.945000 8.402500 8.860000 9.325000 9.790000 10.255000 10.720000 11.185000 11.650000 12.115000
0.003774 0.007547 0.014934 0.060000 0.190000 0.320000 0.540000 0.760000 1.045000 1.330000 1.655000 1.980000 2.370000 2.760000 3.150000 3.540000 3.965000 4.390000 4.815000 5.240000 5.672500 6.105000 6.537500 6.970000 7.425000 7.880000 8.335000 8.790000 9.255000 9.720000 10.185000 10.650000 11.115000 11.580000 12.045000
0.003736 0.007472 0.014785 0.060000 0.185000 0.310000 0.525000 0.740000 1.020000 1.300000 1.625000 1.950000 2.337500 2.725000 3.112500 3.500000 3.922500 4.345000 4.767500 5.190000 5.622500 6.055000 6.487500 6.920000 7.372500 7.825000 8.277500 8.730000 9.192500 9.655000 10.117500 10.580000 11.042500 11.505000 11.967500
0.003699 0.007397 0.014637 0.060000 0.180000 0.300000 0.510000 0.720000 1.000000 1.280000 1.595000 1.910000 2.295000 2.680000 3.065000 3.450000 3.872500 4.295000 4.717500 5.140000 5.570000 6.000000 6.430000 6.860000 7.312500 7.765000 8.217500 8.670000 9.132500 9.595000 10.057500 10.520000 10.982500 11.445000 11.907500
0.003662 0.007323 0.014490 0.050000 0.170000 0.290000 0.495000 0.700000 0.975000 1.250000 1.565000 1.880000 2.262500 2.645000 3.027500 3.410000 3.830000 4.250000 4.670000 5.090000 5.517500 5.945000 6.372500 6.800000 7.252500 7.705000 8.157500 8.610000 9.070000 9.530000 9.990000 10.450000 10.910000 11.370000 11.830000
0.003625 0.007250 0.014346 0.050000 0.165000 0.280000 0.480000 0.680000 0.950000 1.220000 1.535000 1.850000 2.230000 2.610000 2.990000 3.370000 3.787500 4.205000 4.622500 5.040000 5.465000 5.890000 6.315000 6.740000 7.192500 7.645000 8.097500 8.550000 9.010000 9.470000 9.930000 10.390000 10.850000 11.310000 11.770000
0.003589 0.007177 0.014202 0.050000 0.160000 0.270000 0.465000 0.660000 0.925000 1.190000 1.505000 1.820000 2.197500 2.575000 2.952500 3.330000 3.745000 4.160000 4.575000 4.990000 5.415000 5.840000 6.265000 6.690000 7.137500 7.585000 8.032500 8.480000 8.940000 9.400000 9.860000 10.320000 10.780000 11.240000 11.700000
0.003553 0.007106 0.014060 0.050000 0.155000 0.260000 0.455000 0.650000 0.910000 1.170000 1.480000 1.790000 2.162500 2.535000 2.907500 3.280000 3.695000 4.110000 4.525000 4.940000 5.362500 5.785000 6.207500 6.630000 7.077500 7.525000 7.972500 8.420000 8.880000 9.340000 9.800000 10.260000 10.720000 11.180000 11.640000
0.003517 0.007034 0.013919 0.040000 0.145000 0.250000 0.440000 0.630000 0.890000 1.150000 1.455000 1.760000 2.130000 2.500000 2.870000 3.240000 3.652500 4.065000 4.477500 4.890000 5.312500 5.735000 6.157500 6.580000 7.025000 7.470000 7.915000 8.360000 8.817500 9.275000 9.732500 10.190000 10.647500 11.105000 11.562500
0.003482 0.006964 0.013780 0.040000 0.140000 0.240000 0.425000 0.610000 0.870000 1.130000 1.430000 1.730000 2.097500 2.465000 2.832500 3.200000 3.610000 4.020000 4.430000 4.840000 5.260000 5.680000 6.100000 6.520000 6.965000 7.410000 7.855000 8.300000 8.757500 9.215000 9.672500 10.130000 10.587500 11.045000 11.502500
0.003447 0.006894 0.013642 0.040000 0.135000 0.230000 0.415000 0.600000 0.850000 1.100000 1.400000 1.700000 2.065000 2.430000 2.795000 3.160000 3.567500 3.975000 4.382500 4.790000 5.210000 5.630000 6.050000 6.470000 6.915000 7.360000 7.805000 8.250000 8.705000 9.160000 9.615000 10.070000 10.525000 10.980000 11.435000
0.003413 0.006826 0.013506 0.040000 0.130000 0.220000 0.400000 0.580000 0.830000 1.080000 1.375000 1.670000 2.032500 2.395000 2.757500 3.120000 3.525000 3.930000 4.335000 4.740000 5.157500 5.575000 5.992500 6.410000 6.855000 7.300000 7.745000 8.190000 8.642500 9.095000 9.547500 10.000000 10.452500 10.905000 11.357500
0.003379 0.006757 0.013371 0.040000 0.130000 0.220000 0.395000 0.570000 0.815000 1.060000 1.350000 1.640000 2.000000 2.360000 2.720000 3.080000 3.485000 3.890000 4.295000 4.700000 5.115000 5.530000 5.945000 6.360000 6.802500 7.245000 7.687500 8.130000 8.582500 9.035000 9.487500 9.940000 10.392500 10.845000 11.297500
0.003345 0.006690 0.013237 0.030000 0.120000 0.210000 0.385000 0.560000 0.800000 1.040000 1.325000 1.610000 1.970000 2.330000 2.690000 3.050000 3.450000 3.850000 4.250000 4.650000 5.065000 5.480000 5.895000 6.310000 6.750000 7.190000 7.630000 8.070000 8.522500 8.975000 9.427500 9.880000 10.332500 10.785000 11.237500
0.003311 0.006623 0.013105 0.030000 0.115000 0.200000 0.370000 0.540000 0.780000 1.020000 1.300000 1.580000 1.937500 2.295000 2.652500 3.010000 3.407500 3.805000 4.202500 4.600000 5.015000 5.430000 5.845000 6.260000 6.697500 7.135000 7.572500 8.010000 8.462500 8.915000 9.367500 9.820000 10.272500 10.725000 11.177500
0.003278 0.006557 0.012974 0.030000 0.110000 0.190000 0.360000 0.530000 0.765000 1.000000 1.275000 1.550000 1.905000 2.260000 2.615000 2.970000 3.367500 3.765000 4.162500 4.560000 4.970000 5.380000 5.790000 6.200000 6.637500 7.075000 7.512500 7.950000 8.402500 8.855000 9.307500 9.760000 10.212500 10.665000 11.117500
0.003246 0.006491 0.012844 0.030000 0.110000 0.190000 0.355000 0.520000 0.750000 0.980000 1.255000 1.530000 1.880000 2.230000 2.580000 2.930000 3.325000 3.720000 4.115000 4.510000 4.920000 5.330000 5.740000 6.150000 6.587500 7.025000 7.462500 7.900000 8.350000 8.800000 9.250000 9.700000 10.150000 10.600000 11.050000
0.003213 0.006426 0.012716 0.029700 0.104850 0.180000 0.340000 0.500000 0.730000 0.960000 1.230000 1.500000 1.850000 2.200000 2.550000 2.900000 3.292500 3.685000 4.077500 4.470000 4.877500 5.285000 5.692500 6.100000 6.535000 6.970000 7.405000 7.840000 8.290000 8.740000 9.190000 9.640000 10.090000 10.540000 10.990000
0.003181 0.006362 0.012589 0.029403 0.104702 0.180000 0.335000 0.490000 0.715000 0.940000 1.210000 1.480000 1.825000 2.170000 2.515000 2.860000 3.250000 3.640000 4.030000 4.420000 4.827500 5.235000 5.642500 6.050000 6.485000 6.920000 7.355000 7.790000 8.237500 8.685000 9.132500 9.580000 10.027500 10.475000 10.922500
0.003149 0.006298 0.012463 0.029109 0.099554 0.170000 0.325000 0.480000 0.700000 0.920000 1.185000 1.450000 1.795000 2.140000 2.485000 2.830000 3.217500 3.605000 3.992500 4.380000 4.785000 5.190000 5.595000 6.000000 6.432500 6.865000 7.297500 7.730000 8.177500 8.625000 9.072500 9.520000 9.967500 10.415000 10.862500
0.003118 0.006235 0.012338 0.028818 0.094409 0.160000 0.315000 0.470000 0.685000 0.900000 1.165000 1.430000 1.770000 2.110000 2.450000 2.790000 3.175000 3.560000 3.945000 4.330000 4.735000 5.140000 5.545000 5.950000 6.380000 6.810000 7.240000 7.670000 8.117500 8.565000 9.012500 9.460000 9.907500 10.355000 10.802500
0.003086 0.006173 0.012215 0.028530 0.089265 0.150000 0.300000 0.450000 0.670000 0.890000 1.145000 1.400000 1.740000 2.080000 2.420000 2.760000 3.142500 3.525000 3.907500 4.290000 4.692500 5.095000 5.497500 5.900000 6.330000 6.760000 7.190000 7.620000 8.065000 8.510000 8.955000 9.400000 9.845000 10.290000 10.735000
0.003056 0.006111 0.012093 0.028244 0.089122 0.150000 0.295000 0.440000 0.655000 0.870000 1.125000 1.380000 1.715000 2.050000 2.385000 2.720000 3.102500 3.485000 3.867500 4.250000 4.650000 5.050000 5.450000 5.850000 6.280000 6.710000 7.140000 7.570000 8.012500 8.455000 8.897500 9.340000 9.782500 10.225000 10.667500
0.003025 0.006050 0.011972 0.027962 0.083981 0.140000 0.285000 0.430000 0.640000 0.850000 1.100000 1.350000 1.685000 2.020000 2.355000 2.690000 3.067500 3.445000 3.822500 4.200000 4.600000 5.000000 5.400000 5.800000 6.227500 6.655000 7.082500 7.510000 7.952500 8.395000 8.837500 9.280000 9.722500 10.165000 10.607500
0.002995 0.005990 0.011852 0.027682 0.083841 0.140000 0.280000 0.420000 0.625000 0.830000 1.080000 1.330000 1.660000 1.990000 2.320000 2.650000 3.027500 3.405000 3.782500 4.160000 4.557500 4.955000 5.352500 5.750000 6.177500 6.605000 7.032500 7.460000 7.900000 8.340000 8.780000 9.220000 9.660000 10.100000 10.540000
0.002965 0.005930 0.011733 0.027406 0.078703 0.130000 0.270000 0.410000 0.615000 0.820000 1.060000 1.300000 1.630000 1.960000 2.290000 2.620000 2.995000 3.370000 3.745000 4.120000 4.517500 4.915000 5.312500 5.710000 6.132500 6.555000 6.977500 7.400000 7.842500 8.285000 8.727500 9.170000 9.612500 10.055000 10.497500
0.002935 0.005870 0.011616 0.027131 0.077916 0.128700 0.264350 0.400000 0.600000 0.800000 1.040000 1.280000 1.607500 1.935000 2.262500 2.590000 2.962500 3.335000 3.707500 4.080000 4.475000 4.870000 5.265000 5.660000 6.082500 6.505000 6.927500 7.350000 7.790000 8.230000 8.670000 9.110000 9.550000 9.990000 10.430000
0.002906 0.005812 0.011500 0.026860 0.077137 0.127413 0.258707 0.390000 0.590000 0.790000 1.025000 1.260000 1.585000 1.910000 2.235000 2.560000 2.930000 3.300000 3.670000 4.040000 4.432500 4.825000 5.217500 5.610000 6.032500 6.455000 6.877500 7.300000 7.737500 8.175000 8.612500 9.050000 9.487500 9.925000 10.362500
0.002877 0.005754 0.011385 0.026592 0.076365 0.126139 0.253069 0.380000 0.575000 0.770000 1.005000 1.240000 1.560000 1.880000 2.200000 2.520000 2.890000 3.260000 3.630000 4.000000 4.392500 4.785000 5.177500 5.570000 5.990000 6.410000 6.830000 7.250000 7.687500 8.125000 8.562500 9.000000 9.437500 9.875000 10.312500
0.002848 0.005696 0.011271 0.026326 0.075602 0.124877 0.247439 0.370000 0.560000 0.750000 0.985000 1.220000 1.537500 1.855000 2.172500 2.490000 2.857500 3.225000 3.592500 3.960000 4.350000 4.740000 5.130000 5.520000 5.937500 6.355000 6.772500 7.190000 7.627500 8.065000 8.502500 8.940000 9.377500 9.815000 10.252500
0.002820 0.005639 0.011158 0.026062 0.074846 0.123629 0.241814 0.360000 0.550000 0.740000 0.970000 1.200000 1.515000 1.830000 2.145000 2.460000 2.825000 3.190000 3.555000 3.920000 4.307500 4.695000 5.082500 5.470000 5.887500 6.305000 6.722500 7.140000 7.575000 8.010000 8.445000 8.880000 9.315000 9.750000 10.185000
0.002791 0.005583 0.011047 0.025802 0.074097 0.122392 0.236196 0.350000 0.535000 0.720000 0.950000 1.180000 1.492500 1.805000 2.117500 2.430000 2.792500 3.155000 3.517500 3.880000 4.267500 4.655000 5.042500 5.430000 5.845000 6.260000 6.675000 7.090000 7.525000 7.960000 8.395000 8.830000 9.265000 9.700000 10.135000
0.002763 0.005527 0.010936 0.025544 0.073356 0.121168 0.230584 0.340000 0.525000 0.710000 0.935000 1.160000 1.470000 1.780000 2.090000 2.400000 2.760000 3.120000 3.480000 3.840000 4.225000 4.610000 4.995000 5.380000 5.795000 6.210000 6.625000 7.040000 7.472500 7.905000 8.337500 8.770000 9.202500 9.635000 10.067500
0.002736 0.005472 0.010827 0.025288 0.072623 0.119957 0.229978 0.340000 0.520000 0.700000 0.920000 1.140000 1.447500 1.755000 2.062500 2.370000 2.727500 3.085000 3.442500 3.800000 4.185000 4.570000 4.955000 5.340000 5.752500 6.165000 6.577500 6.990000 7.422500 7.855000 8.287500 8.720000 9.152500 9.585000 10.017500
0.002708 0.005417 0.010719 0.025035 0.071896 0.118757 0.224379 0.330000 0.505000 0.680000 0.900000 1.120000 1.425000 1.730000 2.035000 2.340000 2.697500 3.055000 3.412500 3.770000 4.150000 4.530000 4.910000 5.290000 5.702500 6.115000 6.527500 6.940000 7.370000 7.800000 8.230000 8.660000 9.090000 9.520000 9.950000
0.002681 0.005363 0.010611 0.024785 0.071177 0.117570 0.218785 0.320000 0.495000 0.670000 0.885000 1.100000 1.402500 1.705000 2.007500 2.310000 2.665000 3.020000 3.375000 3.730000 4.110000 4.490000 4.870000 5.250000 5.660000 6.070000 6.480000 6.890000 7.320000 7.750000 8.180000 8.610000 9.040000 9.470000 9.900000
