test_case/swb/MEAN_RECHARGE_01-01-1999_to_12-31-2003.asc
NCOLS         30
NROWS         30
XLLCORNER    2165054.000
YLLCORNER     255067.000
CELLSIZE        161.100
NODATA_VALUE    -9999.000
0.117E-01 0.118E-01 0.117E-01 0.117E-01 0.111E-01 0.119E-01 0.112E-01 0.109E-01 0.112E-01 0.106E-01 0.106E-01 0.107E-01 0.123E-01 0.124E-01 0.125E-01 0.123E-01 0.119E-01 0.119E-01 0.119E-01 0.119E-01 0.992E-02 0.992E-02 0.992E-02 0.992E-02 0.106E-01 0.992E-02 0.992E-02 0.992E-02 0.992E-02 0.992E-02
0.106E-01 0.106E-01 0.106E-01 0.106E-01 0.106E-01 0.119E-01 0.105E-01 0.105E-01 0.110E-01 0.111E-01 0.111E-01 0.110E-01 0.995E-02 0.992E-02 0.106E-01 0.106E-01 0.119E-01 0.117E-01 0.116E-01 0.118E-01 0.106E-01 0.125E-01 0.992E-02 0.106E-01 0.102E-01 0.106E-01 0.106E-01 0.106E-01 0.992E-02 0.110E-01
0.979E-02 0.106E-01 0.106E-01 0.106E-01 0.119E-01 0.119E-01 0.112E-01 0.110E-01 0.108E-01 0.107E-01 0.116E-01 0.117E-01 0.106E-01 0.994E-02 0.106E-01 0.106E-01 0.106E-01 0.106E-01 0.106E-01 0.106E-01 0.118E-01 0.992E-02 0.123E-01 0.992E-02 0.111E-01 0.108E-01 0.108E-01 0.108E-01 0.106E-01 0.110E-01
0.979E-02 0.979E-02 0.979E-02 0.979E-02 0.119E-01 0.115E-01 0.113E-01 0.110E-01 0.109E-01 0.111E-01 0.107E-01 0.107E-01 0.106E-01 0.106E-01 0.106E-01 0.110E-01 0.106E-01 0.106E-01 0.106E-01 0.106E-01 0.112E-01 0.117E-01 0.116E-01 0.123E-01 0.125E-01 0.125E-01 0.126E-01 0.122E-01 0.134E-01 0.132E-01
0.979E-02 0.106E-01 0.106E-01 0.119E-01 0.119E-01 0.112E-01 0.113E-01 0.113E-01 0.114E-01 0.106E-01 0.101E-01 0.101E-01 0.349E-01 0.106E-01 0.112E-01 0.115E-01 0.106E-01 0.106E-01 0.110E-01 0.108E-01 0.106E-01 0.108E-01 0.110E-01 0.120E-01 0.118E-01 0.117E-01 0.995E-02 0.100E-01 0.995E-02 0.106E-01
0.979E-02 0.248E-01 0.106E-01 0.119E-01 0.113E-01 0.110E-01 0.119E-01 0.124E-01 0.106E-01 0.376E-01 0.360E-01 0.408E-01 0.349E-01 0.436E-01 0.101E-01 0.106E-01 0.106E-01 0.106E-01 0.105E-01 0.105E-01 0.105E-01 0.105E-01 0.105E-01 0.109E-01 0.105E-01 0.114E-01 0.106E-01 0.110E-01 0.106E-01 0.107E-01
0.224E-01 0.224E-01 0.106E-01 0.120E-01 0.113E-01 0.113E-01 0.115E-01 0.106E-01 0.408E-01 0.408E-01 0.345E-01 0.102E-01 0.108E-01 0.408E-01 0.386E-01 0.391E-01 0.350E-01 0.350E-01 0.350E-01 0.106E-01 0.106E-01 0.106E-01 0.105E-01 0.106E-01 0.106E-01 0.106E-01 0.108E-01 0.105E-01 0.106E-01 0.112E-01
0.225E-01 0.106E-01 0.121E-01 0.118E-01 0.978E-02 0.104E-01 0.101E-01 0.107E-01 0.966E-02 0.966E-02 0.966E-02 0.966E-02 0.102E-01 0.408E-01 0.418E-01 0.353E-01 0.350E-01 0.354E-01 0.353E-01 0.349E-01 0.224E-01 0.224E-01 0.224E-01 0.225E-01 0.225E-01 0.228E-01 0.228E-01 0.234E-01 0.234E-01 0.227E-01
0.225E-01 0.106E-01 0.100E-01 0.118E-01 0.100E-01 0.100E-01 0.100E-01 0.966E-02 0.966E-02 0.966E-02 0.966E-02 0.966E-02 0.966E-02 0.102E-01 0.345E-01 0.108E-01 0.353E-01 0.108E-01 0.108E-01 0.349E-01 0.349E-01 0.349E-01 0.350E-01 0.349E-01 0.224E-01 0.225E-01 0.225E-01 0.220E-01 0.220E-01 0.220E-01
0.225E-01 0.228E-01 0.109E-01 0.121E-01 0.105E-01 0.105E-01 0.105E-01 0.105E-01 0.105E-01 0.100E-01 0.110E-01 0.106E-01 0.966E-02 0.100E-01 0.102E-01 0.108E-01 0.108E-01 0.108E-01 0.108E-01 0.349E-01 0.349E-01 0.349E-01 0.349E-01 0.349E-01 0.349E-01 0.220E-01 0.102E-01 0.102E-01 0.102E-01 0.102E-01
0.105E-01 0.251E-01 0.109E-01 0.122E-01 0.116E-01 0.115E-01 0.113E-01 0.110E-01 0.108E-01 0.108E-01 0.114E-01 0.120E-01 0.105E-01 0.105E-01 0.111E-01 0.242E-01 0.108E-01 0.108E-01 0.108E-01 0.635E-01 0.350E-01 0.349E-01 0.108E-01 0.108E-01 0.349E-01 0.220E-01 0.227E-01 0.281E-01 0.248E-01 0.220E-01
0.105E-01 0.225E-01 0.255E-01 0.119E-01 0.105E-01 0.105E-01 0.116E-01 0.114E-01 0.112E-01 0.112E-01 0.114E-01 0.114E-01 0.247E-01 0.247E-01 0.265E-01 0.242E-01 0.108E-01 0.108E-01 0.108E-01 0.349E-01 0.220E-01 0.348E-01 0.527E-01 0.527E-01 0.220E-01 0.220E-01 0.102E-01 0.110E-01 0.113E-01 0.110E-01
0.105E-01 0.225E-01 0.255E-01 0.119E-01 0.114E-01 0.114E-01 0.116E-01 0.113E-01 0.114E-01 0.114E-01 0.113E-01 0.112E-01 0.231E-01 0.231E-01 0.246E-01 0.634E-01 0.526E-01 0.349E-01 0.349E-01 0.527E-01 0.224E-01 0.236E-01 0.223E-01 0.220E-01 0.223E-01 0.102E-01 0.102E-01 0.108E-01 0.110E-01 0.105E-01
0.105E-01 0.258E-01 0.109E-01 0.110E-01 0.107E-01 0.110E-01 0.105E-01 0.108E-01 0.109E-01 0.114E-01 0.112E-01 0.112E-01 0.112E-01 0.107E-01 0.237E-01 0.224E-01 0.349E-01 0.349E-01 0.349E-01 0.346E-01 0.223E-01 0.109E-01 0.228E-01 0.220E-01 0.102E-01 0.104E-01 0.115E-01 0.115E-01 0.121E-01 0.114E-01
0.225E-01 0.228E-01 0.109E-01 0.120E-01 0.105E-01 0.109E-01 0.102E-01 0.108E-01 0.108E-01 0.110E-01 0.110E-01 0.108E-01 0.106E-01 0.112E-01 0.109E-01 0.224E-01 0.349E-01 0.347E-01 0.346E-01 0.220E-01 0.100E-01 0.107E-01 0.105E-01 0.992E-02 0.102E-01 0.115E-01 0.115E-01 0.113E-01 0.117E-01 0.114E-01
0.344E-01 0.225E-01 0.119E-01 0.118E-01 0.102E-01 0.102E-01 0.102E-01 0.102E-01 0.102E-01 0.105E-01 0.106E-01 0.105E-01 0.108E-01 0.109E-01 0.278E-01 0.224E-01 0.209E-01 0.223E-01 0.223E-01 0.992E-02 0.110E-01 0.120E-01 0.115E-01 0.992E-02 0.114E-01 0.115E-01 0.113E-01 0.106E-01 0.106E-01 0.106E-01
0.225E-01 0.105E-01 0.119E-01 0.118E-01 0.118E-01 0.102E-01 0.102E-01 0.102E-01 0.105E-01 0.105E-01 0.105E-01 0.108E-01 0.109E-01 0.114E-01 0.117E-01 0.105E-01 0.112E-01 0.117E-01 0.111E-01 0.113E-01 0.120E-01 0.106E-01 0.106E-01 0.120E-01 0.114E-01 0.106E-01 0.106E-01 0.106E-01 0.106E-01 0.106E-01
0.225E-01 0.107E-01 0.122E-01 0.118E-01 0.120E-01 0.105E-01 0.108E-01 0.108E-01 0.108E-01 0.108E-01 0.110E-01 0.109E-01 0.114E-01 0.111E-01 0.109E-01 0.112E-01 0.105E-01 0.111E-01 0.109E-01 0.109E-01 0.112E-01 0.107E-01 0.106E-01 0.112E-01 0.108E-01 0.106E-01 0.106E-01 0.106E-01 0.106E-01 0.106E-01
0.344E-01 0.225E-01 0.102E-01 0.122E-01 0.122E-01 0.105E-01 0.108E-01 0.109E-01 0.109E-01 0.110E-01 0.109E-01 0.114E-01 0.109E-01 0.109E-01 0.109E-01 0.109E-01 0.109E-01 0.109E-01 0.109E-01 0.109E-01 0.109E-01 0.112E-01 0.105E-01 0.114E-01 0.110E-01 0.106E-01 0.106E-01 0.106E-01 0.106E-01 0.106E-01
0.225E-01 0.105E-01 0.105E-01 0.118E-01 0.118E-01 0.121E-01 0.118E-01 0.117E-01 0.117E-01 0.116E-01 0.116E-01 0.109E-01 0.109E-01 0.108E-01 0.108E-01 0.109E-01 0.109E-01 0.109E-01 0.109E-01 0.109E-01 0.108E-01 0.108E-01 0.108E-01 0.105E-01 0.114E-01 0.106E-01 0.106E-01 0.349E-01 0.353E-01 0.423E-01
0.105E-01 0.106E-01 0.120E-01 0.119E-01 0.102E-01 0.118E-01 0.118E-01 0.121E-01 0.121E-01 0.107E-01 0.109E-01 0.109E-01 0.110E-01 0.105E-01 0.105E-01 0.110E-01 0.110E-01 0.110E-01 0.108E-01 0.111E-01 0.105E-01 0.105E-01 0.105E-01 0.110E-01 0.115E-01 0.113E-01 0.110E-01 0.385E-01 0.106E-01 0.992E-02
0.108E-01 0.121E-01 0.120E-01 0.112E-01 0.106E-01 0.102E-01 0.102E-01 0.102E-01 0.119E-01 0.119E-01 0.120E-01 0.120E-01 0.105E-01 0.992E-02 0.992E-02 0.992E-02 0.992E-02 0.105E-01 0.111E-01 0.108E-01 0.397E-01 0.390E-01 0.105E-01 0.109E-01 0.113E-01 0.108E-01 0.110E-01 0.105E-01 0.100E-01 0.992E-02
0.121E-01 0.105E-01 0.115E-01 0.112E-01 0.108E-01 0.105E-01 0.102E-01 0.105E-01 0.105E-01 0.105E-01 0.992E-02 0.119E-01 0.119E-01 0.119E-01 0.119E-01 0.119E-01 0.992E-02 0.992E-02 0.105E-01 0.105E-01 0.107E-01 0.105E-01 0.397E-01 0.108E-01 0.112E-01 0.110E-01 0.107E-01 0.966E-02 0.992E-02 0.110E-01
0.119E-01 0.113E-01 0.122E-01 0.115E-01 0.109E-01 0.105E-01 0.105E-01 0.108E-01 0.110E-01 0.110E-01 0.992E-02 0.992E-02 0.992E-02 0.992E-02 0.109E-01 0.114E-01 0.119E-01 0.120E-01 0.118E-01 0.119E-01 0.119E-01 0.112E-01 0.355E-01 0.105E-01 0.112E-01 0.110E-01 0.966E-02 0.118E-01 0.992E-02 0.117E-01
0.105E-01 0.111E-01 0.122E-01 0.114E-01 0.105E-01 0.105E-01 0.105E-01 0.109E-01 0.108E-01 0.119E-01 0.109E-01 0.992E-02 0.992E-02 0.109E-01 0.111E-01 0.113E-01 0.112E-01 0.992E-02 0.966E-02 0.966E-02 0.119E-01 0.120E-01 0.124E-01 0.124E-01 0.107E-01 0.105E-01 0.966E-02 0.119E-01 0.992E-02 0.992E-02
0.105E-01 0.108E-01 0.124E-01 0.113E-01 0.106E-01 0.106E-01 0.108E-01 0.111E-01 0.108E-01 0.119E-01 0.111E-01 0.103E-01 0.110E-01 0.109E-01 0.112E-01 0.114E-01 0.992E-02 0.992E-02 0.110E-01 0.992E-02 0.992E-02 0.992E-02 0.992E-02 0.119E-01 0.119E-01 0.118E-01 0.119E-01 0.120E-01 0.992E-02 0.107E-01
0.105E-01 0.108E-01 0.121E-01 0.119E-01 0.106E-01 0.106E-01 0.105E-01 0.108E-01 0.113E-01 0.121E-01 0.995E-02 0.110E-01 0.110E-01 0.108E-01 0.114E-01 0.113E-01 0.106E-01 0.110E-01 0.106E-01 0.992E-02 0.106E-01 0.992E-02 0.992E-02 0.992E-02 0.966E-02 0.992E-02 0.121E-01 0.119E-01 0.119E-01 0.114E-01
0.105E-01 0.108E-01 0.109E-01 0.117E-01 0.106E-01 0.110E-01 0.106E-01 0.105E-01 0.114E-01 0.117E-01 0.992E-02 0.110E-01 0.992E-02 0.105E-01 0.115E-01 0.123E-01 0.118E-01 0.116E-01 0.114E-01 0.108E-01 0.992E-02 0.106E-01 0.110E-01 0.992E-02 0.992E-02 0.106E-01 0.116E-01 0.106E-01 0.992E-02 0.129E-01
0.105E-01 0.108E-01 0.121E-01 0.113E-01 0.120E-01 0.102E-01 0.992E-02 0.992E-02 0.992E-02 0.119E-01 0.108E-01 0.992E-02 0.992E-02 0.110E-01 0.119E-01 0.117E-01 0.112E-01 0.110E-01 0.118E-01 0.106E-01 0.992E-02 0.112E-01 0.992E-02 0.106E-01 0.992E-02 0.106E-01 0.121E-01 0.108E-01 0.109E-01 0.102E-01
0.105E-01 0.108E-01 0.121E-01 0.113E-01 0.108E-01 0.110E-01 0.992E-02 0.992E-02 0.118E-01 0.112E-01 0.585E-01 0.992E-02 0.992E-02 0.106E-01 0.108E-01 0.128E-01 0.122E-01 0.114E-01 0.123E-01 0.113E-01 0.118E-01 0.110E-01 0.992E-02 0.992E-02 0.111E-01 0.124E-01 0.109E-01 0.108E-01 0.109E-01 0.102E-01
