test_case/swb/SUM_RECHARGE_01-01-1999_to_12-31-2003.asc
NCOLS         30
NROWS         30
XLLCORNER    2165054.000
YLLCORNER     255067.000
CELLSIZE        161.100
NODATA_VALUE    -9999.000
21.3 21.5 21.3 21.3 20.2 21.8 20.4 19.9 20.5 19.3 19.4 19.5 22.5 22.6 22.8 22.4 21.8 21.8 21.8 21.8 18.1 18.1 18.1 18.1 19.3 18.1 18.1 18.1 18.1 18.1
19.3 19.4 19.4 19.3 19.3 21.8 19.1 19.1 20.0 20.2 20.3 20.1 18.2 18.1 19.4 19.4 21.8 21.4 21.1 21.6 19.3 22.9 18.1 19.4 18.7 19.4 19.4 19.4 18.1 20.1
17.9 19.3 19.3 19.3 21.8 21.8 20.5 20.0 19.7 19.6 21.2 21.3 19.4 18.2 19.3 19.4 19.4 19.4 19.3 19.4 21.6 18.1 22.5 18.1 20.3 19.7 19.7 19.7 19.4 20.0
17.9 17.9 17.9 17.9 21.8 20.9 20.6 20.1 19.9 20.4 19.5 19.6 19.3 19.3 19.4 20.1 19.3 19.4 19.4 19.4 20.4 21.3 21.1 22.5 22.9 22.8 23.1 22.2 24.4 24.0
17.9 19.4 19.4 21.8 21.8 20.5 20.6 20.6 20.8 19.3 18.4 18.5 63.7 19.3 20.4 21.0 19.4 19.4 20.1 19.7 19.3 19.7 20.1 21.9 21.6 21.4 18.2 18.3 18.2 19.4
17.9 45.3 19.4 21.8 20.6 20.1 21.7 22.6 19.3 68.7 65.7 74.5 63.7 79.7 18.5 19.4 19.4 19.3 19.1 19.2 19.1 19.2 19.2 20.0 19.1 20.8 19.4 20.1 19.4 19.6
40.9 41.0 19.3 22.0 20.6 20.7 21.0 19.4 74.5 74.5 62.9 18.6 19.7 74.5 70.5 71.3 63.8 63.9 63.9 19.3 19.3 19.3 19.2 19.4 19.4 19.4 19.7 19.2 19.4 20.5
41.0 19.4 22.1 21.5 17.9 19.0 18.4 19.6 17.6 17.6 17.6 17.6 18.6 74.5 76.4 64.5 63.9 64.6 64.5 63.7 40.9 40.9 40.9 41.1 41.1 41.6 41.6 42.7 42.7 41.5
41.0 19.4 18.3 21.5 18.3 18.3 18.3 17.6 17.6 17.6 17.6 17.6 17.6 18.6 62.9 19.7 64.5 19.8 19.7 63.7 63.7 63.7 63.9 63.8 40.9 41.0 41.0 40.1 40.1 40.1
41.0 41.6 19.9 22.1 19.1 19.1 19.1 19.1 19.1 18.3 20.1 19.4 17.6 18.3 18.6 19.7 19.7 19.7 19.7 63.7 63.7 63.7 63.7 63.7 63.7 40.1 18.6 18.6 18.6 18.6
19.1 45.8 19.9 22.3 21.2 21.1 20.6 20.0 19.7 19.7 20.9 21.9 19.1 19.1 20.3 44.1 19.7 19.7 19.7 116. 63.9 63.7 19.7 19.7 63.7 40.1 41.5 51.3 45.3 40.1
19.1 41.0 46.5 21.8 19.1 19.1 21.2 20.9 20.4 20.4 20.9 20.9 45.1 45.1 48.4 44.1 19.8 19.7 19.7 63.7 40.2 63.5 96.3 96.3 40.1 40.2 18.6 20.1 20.6 20.1
19.1 41.0 46.5 21.8 20.9 20.8 21.2 20.6 20.9 20.8 20.6 20.5 42.2 42.2 44.9 116. 96.1 63.7 63.7 96.3 40.9 43.1 40.7 40.1 40.7 18.6 18.6 19.7 20.1 19.2
19.1 47.0 19.9 20.2 19.6 20.0 19.1 19.7 19.8 20.9 20.4 20.5 20.5 19.5 43.2 41.0 63.7 63.8 63.7 63.2 40.7 19.9 41.6 40.1 18.6 19.0 21.0 21.0 22.2 20.9
41.0 41.6 19.8 21.9 19.1 20.0 18.7 19.7 19.7 20.0 20.0 19.7 19.4 20.4 19.9 40.9 63.8 63.3 63.2 40.1 18.3 19.5 19.2 18.1 18.6 21.0 21.0 20.7 21.4 20.8
62.8 41.0 21.8 21.6 18.7 18.7 18.7 18.7 18.7 19.1 19.3 19.1 19.7 19.8 50.8 41.0 38.2 40.7 40.7 18.1 20.1 21.9 20.9 18.1 20.9 21.0 20.7 19.4 19.3 19.4
41.0 19.1 21.8 21.6 21.6 18.7 18.7 18.7 19.1 19.1 19.1 19.7 19.8 20.8 21.4 19.1 20.5 21.3 20.3 20.7 21.8 19.3 19.4 21.9 20.9 19.3 19.4 19.4 19.4 19.4
41.0 19.6 22.3 21.6 22.0 19.1 19.7 19.7 19.7 19.7 20.0 19.9 20.8 20.2 19.9 20.5 19.1 20.2 19.9 19.9 20.5 19.6 19.3 20.4 19.7 19.4 19.3 19.4 19.4 19.4
62.8 41.0 18.7 22.2 22.2 19.1 19.7 19.8 19.8 20.1 19.9 20.9 19.9 19.8 19.8 19.9 19.9 19.9 19.9 19.9 19.9 20.4 19.1 20.8 20.0 19.4 19.3 19.3 19.3 19.4
41.1 19.1 19.1 21.6 21.6 22.2 21.6 21.4 21.3 21.3 21.3 19.9 19.9 19.7 19.7 19.9 19.9 19.9 19.8 20.0 19.7 19.7 19.7 19.1 20.8 19.4 19.3 63.7 64.5 77.3
19.1 19.3 22.0 21.8 18.7 21.6 21.6 22.1 22.1 19.5 19.8 19.9 20.1 19.1 19.1 20.1 20.1 20.1 19.7 20.2 19.2 19.2 19.1 20.0 21.0 20.6 20.0 70.2 19.3 18.1
19.7 22.1 22.0 20.5 19.3 18.7 18.7 18.7 21.8 21.8 21.9 21.9 19.1 18.1 18.1 18.1 18.1 19.1 20.3 19.7 72.5 71.3 19.1 19.9 20.6 19.8 20.1 19.1 18.3 18.1
22.1 19.1 21.0 20.5 19.7 19.1 18.7 19.1 19.1 19.1 18.1 21.8 21.8 21.8 21.8 21.8 18.1 18.1 19.1 19.1 19.5 19.1 72.5 19.7 20.5 20.1 19.5 17.6 18.1 20.1
21.8 20.6 22.3 21.0 20.0 19.1 19.1 19.7 20.1 20.0 18.1 18.1 18.1 18.1 20.0 20.8 21.8 21.9 21.5 21.8 21.8 20.4 64.9 19.1 20.4 20.1 17.6 21.5 18.1 21.3
19.1 20.3 22.3 20.8 19.1 19.1 19.1 19.9 19.7 21.7 19.9 18.1 18.1 19.9 20.2 20.7 20.4 18.1 17.6 17.6 21.8 21.9 22.6 22.7 19.5 19.1 17.6 21.8 18.1 18.1
19.1 19.7 22.6 20.6 19.3 19.3 19.7 20.3 19.6 21.7 20.4 18.8 20.2 19.9 20.5 20.8 18.1 18.1 20.1 18.1 18.1 18.1 18.1 21.8 21.8 21.5 21.8 21.9 18.1 19.5
19.1 19.7 22.1 21.6 19.4 19.3 19.1 19.7 20.6 22.1 18.2 20.2 20.2 19.7 20.8 20.7 19.4 20.0 19.4 18.1 19.4 18.1 18.1 18.1 17.6 18.1 22.2 21.8 21.8 20.8
19.1 19.7 19.8 21.4 19.4 20.0 19.3 19.1 20.8 21.4 18.1 20.2 18.1 19.2 20.9 22.4 21.6 21.2 20.9 19.7 18.1 19.4 20.1 18.1 18.1 19.4 21.2 19.4 18.1 23.6
19.1 19.7 22.1 20.6 21.9 18.7 18.1 18.1 18.1 21.8 19.8 18.1 18.1 20.1 21.7 21.4 20.5 20.1 21.5 19.4 18.1 20.5 18.1 19.4 18.1 19.4 22.0 19.7 19.9 18.6
19.1 19.7 22.1 20.6 19.7 20.0 18.1 18.1 21.5 20.5 107. 18.1 18.1 19.4 19.7 23.3 22.2 20.8 22.5 20.7 21.6 20.1 18.1 18.1 20.3 22.6 19.9 19.7 19.9 18.6
