test_case/swb/SUM_RECHARGE_2001.asc
NCOLS         30
NROWS         30
XLLCORNER    2165054.000
YLLCORNER     255067.000
CELLSIZE        161.100
NODATA_VALUE    -9999.000
4.24 4.24 4.24 4.24 3.80 4.40 3.91 3.80 3.91 3.49 3.53 3.62 4.50 4.53 4.61 4.47 4.40 4.40 4.40 4.40 3.35 3.35 3.35 3.35 3.49 3.35 3.35 3.35 3.35 3.35
3.49 3.55 3.57 3.49 3.49 4.40 3.48 3.48 3.80 3.80 3.84 3.70 3.36 3.35 3.77 3.53 4.35 4.13 4.13 4.14 3.49 4.62 3.35 3.77 3.38 3.77 3.77 3.77 3.35 3.84
3.25 3.49 3.49 3.49 4.40 4.40 3.96 3.80 3.63 3.59 3.96 3.96 3.53 3.36 3.49 3.53 3.56 3.58 3.49 3.53 4.21 3.35 4.50 3.35 3.92 3.80 3.80 3.80 3.77 3.80
3.25 3.25 3.25 3.25 4.40 4.13 4.02 3.80 3.80 3.91 3.80 3.80 3.49 3.49 3.53 3.74 3.49 3.53 3.54 3.57 3.91 4.14 4.13 4.50 4.61 4.61 4.64 4.36 4.89 4.84
3.25 3.55 3.55 4.40 4.40 3.96 4.02 3.96 3.91 3.49 3.42 3.47 11.0 3.49 3.91 3.92 3.53 3.57 3.80 3.73 3.49 3.72 3.80 4.24 4.19 4.13 3.36 3.37 3.36 3.54
3.25 7.76 3.55 4.40 4.02 3.80 4.07 4.29 3.49 12.4 11.8 13.9 11.0 14.6 3.47 3.50 3.50 3.49 3.48 3.51 3.48 3.51 3.51 3.80 3.48 3.91 3.55 3.80 3.53 3.59
7.00 7.01 3.50 4.44 4.13 4.03 3.94 3.77 13.9 13.9 11.2 3.56 3.80 13.9 12.4 12.6 11.0 11.0 11.0 3.49 3.49 3.50 3.49 3.56 3.57 3.58 3.66 3.50 3.51 3.91
7.18 3.56 4.47 4.32 3.33 3.65 3.51 3.78 3.33 3.33 3.33 3.33 3.56 13.9 14.2 11.1 11.0 11.1 11.1 11.0 7.00 7.00 7.00 7.18 7.18 7.27 7.27 7.61 7.61 7.35
7.18 3.56 3.36 4.32 3.36 3.36 3.36 3.33 3.33 3.33 3.33 3.33 3.33 3.56 11.2 3.70 11.1 3.74 3.70 11.0 11.0 11.0 11.0 11.0 7.00 7.18 7.18 7.13 7.13 7.13
7.18 7.27 3.80 4.47 3.48 3.48 3.48 3.48 3.48 3.36 3.84 3.77 3.33 3.36 3.56 3.70 3.70 3.70 3.70 11.0 11.0 11.0 11.0 11.0 11.0 7.13 3.56 3.56 3.56 3.56
3.48 8.08 3.80 4.47 4.13 4.13 3.91 3.80 3.72 3.72 4.03 4.14 3.48 3.48 3.84 7.45 3.70 3.70 3.70 19.2 11.0 11.0 3.70 3.70 11.0 7.13 7.35 9.31 8.04 7.13
3.48 7.18 8.74 4.40 3.48 3.48 4.02 4.02 3.91 3.91 3.91 3.91 7.87 7.87 8.45 7.45 3.74 3.70 3.70 11.0 7.13 11.2 16.6 16.6 7.13 7.13 3.56 4.02 3.91 3.80
3.48 7.18 8.74 4.40 4.13 4.02 4.02 3.91 3.91 3.91 3.91 3.91 7.25 7.25 7.78 19.1 16.2 11.0 11.0 16.6 7.00 7.68 7.17 7.13 7.17 3.56 3.56 3.80 3.94 3.54
3.48 8.29 3.80 3.91 3.66 3.80 3.48 3.72 3.80 3.91 3.91 3.91 3.91 3.50 7.45 7.00 11.0 11.0 11.0 11.2 7.17 3.80 7.37 7.13 3.56 3.67 3.92 3.92 4.26 3.92
7.18 7.27 3.80 4.43 3.48 3.80 3.36 3.72 3.72 3.80 3.80 3.66 3.55 3.91 3.80 7.00 11.0 11.2 11.2 7.13 3.40 3.74 3.78 3.35 3.56 3.92 3.92 3.91 4.00 3.91
10.8 7.18 4.40 4.36 3.36 3.36 3.36 3.36 3.36 3.48 3.49 3.48 3.72 3.80 8.99 7.01 6.57 7.17 7.17 3.35 3.80 4.14 4.02 3.35 3.92 3.92 3.91 3.58 3.49 3.53
7.18 3.48 4.40 4.36 4.36 3.36 3.36 3.36 3.48 3.48 3.48 3.72 3.80 3.91 3.91 3.48 3.91 3.91 3.91 4.03 4.14 3.49 3.58 4.14 3.91 3.49 3.53 3.53 3.53 3.53
7.18 3.64 4.46 4.36 4.43 3.48 3.72 3.72 3.72 3.72 3.80 3.80 3.91 3.91 3.80 3.91 3.48 3.91 3.80 3.80 3.91 3.59 3.49 3.91 3.57 3.58 3.49 3.53 3.53 3.53
10.8 7.18 3.36 4.47 4.47 3.48 3.72 3.80 3.80 3.80 3.80 3.91 3.80 3.80 3.80 3.80 3.80 3.80 3.80 3.80 3.80 3.91 3.48 3.91 3.77 3.53 3.49 3.49 3.49 3.51
7.18 3.48 3.36 4.36 4.36 4.47 4.24 4.20 4.13 4.13 4.13 3.80 3.80 3.72 3.72 3.80 3.80 3.80 3.80 3.80 3.73 3.73 3.72 3.48 3.91 3.57 3.50 11.0 11.1 13.9
3.36 3.52 4.43 4.39 3.36 4.36 4.36 4.47 4.47 3.62 3.79 3.80 3.81 3.48 3.48 3.81 3.81 3.81 3.72 3.91 3.50 3.50 3.48 3.80 3.91 3.91 3.80 12.5 3.49 3.35
3.75 4.47 4.44 4.02 3.52 3.36 3.36 3.36 4.40 4.40 4.43 4.43 3.48 3.35 3.35 3.35 3.35 3.48 3.84 3.72 13.2 12.9 3.48 3.80 3.91 3.77 3.81 3.48 3.36 3.35
4.47 3.48 4.13 3.91 3.72 3.48 3.36 3.48 3.48 3.48 3.35 4.40 4.40 4.40 4.40 4.40 3.35 3.35 3.48 3.48 3.62 3.48 13.2 3.72 3.91 3.81 3.62 3.33 3.35 3.84
4.40 4.06 4.47 4.02 3.80 3.48 3.48 3.72 3.91 3.91 3.35 3.35 3.35 3.35 3.90 4.02 4.40 4.43 4.32 4.40 4.40 3.91 11.4 3.48 3.91 3.81 3.33 4.32 3.35 4.03
3.48 3.91 4.47 3.91 3.48 3.48 3.48 3.80 3.79 4.08 3.91 3.35 3.35 3.91 3.92 4.02 4.02 3.35 3.33 3.33 4.40 4.43 4.51 4.55 3.62 3.48 3.33 4.40 3.35 3.35
3.48 3.72 4.47 3.91 3.49 3.49 3.72 3.95 3.66 4.11 4.03 3.76 3.82 3.91 3.92 4.03 3.35 3.35 3.84 3.35 3.35 3.35 3.35 4.40 4.40 4.32 4.40 4.43 3.35 3.79
3.48 3.72 4.47 4.27 3.53 3.49 3.48 3.80 3.91 4.23 3.36 3.82 3.82 3.79 4.04 4.02 3.77 3.80 3.77 3.35 3.77 3.35 3.35 3.35 3.33 3.35 4.47 4.40 4.40 4.02
3.48 3.72 3.80 4.13 3.58 3.80 3.49 3.48 3.91 4.02 3.35 3.82 3.35 3.40 4.11 4.26 4.03 3.95 3.92 3.80 3.35 3.77 3.84 3.35 3.35 3.77 4.24 3.77 3.35 4.82
3.48 3.72 4.47 4.06 4.18 3.38 3.35 3.35 3.35 4.14 3.55 3.35 3.35 3.84 4.24 4.13 3.91 3.80 4.01 3.77 3.35 3.91 3.35 3.77 3.35 3.77 4.35 3.80 3.91 3.56
3.48 3.72 4.47 4.06 3.82 3.81 3.35 3.35 4.03 3.91 19.4 3.35 3.35 3.77 3.80 4.48 4.24 3.91 4.26 4.14 4.18 3.84 3.35 3.35 3.92 4.47 3.80 3.80 3.91 3.56
