test_case/swb/SUM_RECHARGE_2000.asc
NCOLS         30
NROWS         30
XLLCORNER    2165054.000
YLLCORNER     255067.000
CELLSIZE        161.100
NODATA_VALUE    -9999.000
2.77 2.77 2.77 2.77 2.47 2.81 2.47 2.47 2.49 2.43 2.43 2.43 2.92 2.92 2.92 2.90 2.81 2.81 2.81 2.81 2.11 2.11 2.11 2.11 2.43 2.11 2.11 2.11 2.11 2.11
2.43 2.43 2.43 2.43 2.43 2.81 2.29 2.29 2.46 2.47 2.47 2.43 2.11 2.11 2.43 2.43 2.82 2.82 2.71 2.83 2.43 2.93 2.11 2.43 2.13 2.43 2.43 2.43 2.11 2.51
2.20 2.43 2.43 2.43 2.82 2.81 2.48 2.46 2.43 2.43 2.73 2.74 2.43 2.11 2.43 2.43 2.43 2.43 2.43 2.43 2.82 2.11 2.92 2.11 2.51 2.46 2.46 2.46 2.43 2.50
2.20 2.20 2.20 2.20 2.82 2.60 2.48 2.47 2.47 2.43 2.43 2.43 2.43 2.43 2.43 2.43 2.43 2.43 2.43 2.43 2.46 2.84 2.79 2.92 2.93 2.92 2.97 2.85 3.30 3.14
2.20 2.43 2.43 2.82 2.81 2.48 2.47 2.47 2.58 2.43 2.11 2.11 9.42 2.43 2.43 2.61 2.43 2.43 2.46 2.44 2.43 2.44 2.46 2.88 2.82 2.82 2.11 2.11 2.11 2.43
2.20 5.46 2.43 2.81 2.48 2.47 2.88 2.96 2.43 10.1 9.80 11.6 9.42 12.4 2.11 2.43 2.43 2.43 2.29 2.32 2.29 2.32 2.32 2.47 2.29 2.59 2.43 2.46 2.43 2.43
5.11 5.11 2.43 2.90 2.48 2.51 2.84 2.43 11.6 11.6 9.36 2.13 2.45 11.6 10.1 10.2 9.42 9.42 9.42 2.43 2.43 2.43 2.30 2.41 2.41 2.41 2.43 2.30 2.43 2.48
5.12 2.41 2.90 2.77 2.10 2.25 2.14 2.50 2.03 2.03 2.03 2.03 2.13 11.6 11.9 9.47 9.42 9.48 9.47 9.42 5.11 5.11 5.11 5.12 5.12 5.13 5.13 5.18 5.18 5.15
5.12 2.41 2.23 2.77 2.23 2.23 2.23 2.03 2.03 2.03 2.03 2.03 2.03 2.13 9.36 2.44 9.47 2.44 2.44 9.42 9.42 9.42 9.42 9.42 5.11 5.12 5.12 5.08 5.08 5.08
5.12 5.13 2.44 2.90 2.29 2.29 2.29 2.29 2.29 2.23 2.51 2.43 2.03 2.23 2.13 2.44 2.44 2.44 2.44 9.42 9.42 9.42 9.42 9.42 9.42 5.08 2.13 2.13 2.13 2.13
2.29 5.58 2.41 2.90 2.71 2.71 2.51 2.46 2.44 2.44 2.62 2.89 2.29 2.29 2.53 5.37 2.44 2.44 2.44 15.2 9.42 9.42 2.44 2.44 9.42 5.08 5.15 6.98 5.60 5.08
2.29 5.12 6.25 2.81 2.29 2.29 2.76 2.60 2.46 2.46 2.60 2.60 5.40 5.40 6.00 5.37 2.44 2.44 2.44 9.42 5.09 9.47 13.4 13.4 5.08 5.08 2.14 2.45 2.48 2.47
2.29 5.12 6.25 2.82 2.63 2.60 2.70 2.49 2.60 2.60 2.51 2.49 5.21 5.21 5.25 15.2 13.3 9.42 9.42 13.4 5.11 5.20 5.10 5.08 5.10 2.14 2.14 2.44 2.48 2.29
2.29 5.74 2.41 2.47 2.41 2.47 2.29 2.44 2.44 2.60 2.44 2.49 2.49 2.43 5.21 5.11 9.42 9.42 9.42 9.47 5.10 2.43 5.15 5.08 2.14 2.29 2.61 2.61 2.96 2.61
5.12 5.13 2.41 2.87 2.29 2.47 2.24 2.44 2.44 2.46 2.46 2.43 2.43 2.49 2.43 5.11 9.42 9.47 9.47 5.08 2.11 2.30 2.30 2.11 2.14 2.61 2.61 2.60 2.82 2.60
9.31 5.12 2.81 2.78 2.24 2.24 2.24 2.24 2.24 2.29 2.43 2.29 2.44 2.44 6.27 5.11 4.64 5.10 5.10 2.11 2.47 2.90 2.61 2.11 2.61 2.64 2.60 2.43 2.43 2.43
5.12 2.29 2.81 2.78 2.78 2.24 2.24 2.24 2.29 2.29 2.29 2.44 2.44 2.59 2.87 2.29 2.46 2.83 2.36 2.51 2.92 2.43 2.43 2.91 2.60 2.43 2.43 2.43 2.43 2.43
5.12 2.41 2.89 2.78 2.88 2.29 2.44 2.44 2.44 2.44 2.47 2.44 2.59 2.47 2.44 2.46 2.29 2.47 2.44 2.44 2.46 2.43 2.43 2.46 2.43 2.43 2.43 2.43 2.43 2.43
9.31 5.12 2.24 2.89 2.90 2.29 2.44 2.44 2.44 2.47 2.44 2.60 2.44 2.44 2.44 2.44 2.44 2.44 2.44 2.44 2.44 2.46 2.29 2.60 2.43 2.43 2.43 2.43 2.43 2.43
5.12 2.29 2.40 2.78 2.78 2.90 2.82 2.75 2.71 2.71 2.71 2.44 2.45 2.44 2.44 2.45 2.45 2.45 2.44 2.45 2.44 2.44 2.44 2.29 2.56 2.43 2.43 9.42 9.47 11.6
2.40 2.43 2.87 2.82 2.24 2.78 2.78 2.90 2.90 2.41 2.42 2.45 2.50 2.29 2.29 2.50 2.50 2.50 2.44 2.48 2.30 2.30 2.29 2.47 2.66 2.47 2.46 10.3 2.43 2.11
2.44 2.90 2.89 2.47 2.43 2.24 2.24 2.24 2.81 2.81 2.87 2.87 2.29 2.11 2.11 2.11 2.11 2.29 2.53 2.44 10.7 10.6 2.29 2.44 2.59 2.44 2.50 2.29 2.23 2.11
2.90 2.29 2.71 2.49 2.44 2.29 2.24 2.29 2.29 2.29 2.11 2.81 2.81 2.81 2.81 2.81 2.11 2.11 2.29 2.29 2.41 2.29 10.7 2.44 2.59 2.50 2.41 2.03 2.11 2.51
2.81 2.48 2.90 2.60 2.47 2.29 2.29 2.44 2.50 2.50 2.11 2.11 2.11 2.11 2.41 2.60 2.81 2.87 2.77 2.81 2.81 2.47 9.62 2.29 2.55 2.50 2.03 2.77 2.11 2.88
2.29 2.48 2.90 2.60 2.29 2.29 2.29 2.47 2.31 2.88 2.47 2.11 2.11 2.47 2.51 2.59 2.48 2.11 2.03 2.03 2.81 2.87 2.92 2.92 2.41 2.29 2.03 2.81 2.11 2.11
2.29 2.44 2.90 2.49 2.43 2.43 2.44 2.50 2.38 2.92 2.53 2.13 2.47 2.47 2.63 2.63 2.11 2.11 2.51 2.11 2.11 2.11 2.11 2.81 2.81 2.77 2.81 2.87 2.11 2.43
2.29 2.44 2.90 2.82 2.43 2.43 2.29 2.44 2.47 2.95 2.11 2.47 2.47 2.42 2.68 2.63 2.43 2.50 2.43 2.11 2.43 2.11 2.11 2.11 2.03 2.11 2.90 2.81 2.81 2.58
2.29 2.44 2.44 2.82 2.43 2.46 2.43 2.29 2.56 2.81 2.11 2.47 2.11 2.38 2.71 2.96 2.85 2.70 2.61 2.46 2.11 2.43 2.51 2.11 2.11 2.43 2.72 2.43 2.11 3.10
2.29 2.44 2.90 2.48 2.86 2.13 2.11 2.11 2.11 2.87 2.47 2.11 2.11 2.51 2.86 2.81 2.49 2.49 2.83 2.43 2.11 2.63 2.11 2.43 2.11 2.43 2.88 2.46 2.47 2.13
2.29 2.44 2.90 2.48 2.59 2.62 2.11 2.11 2.86 2.43 15.7 2.11 2.11 2.43 2.46 3.09 2.93 2.60 2.96 2.61 2.86 2.51 2.11 2.11 2.51 3.01 2.47 2.46 2.47 2.13
