test_case/swb/SUM_RECHARGE_2002.asc
NCOLS         30
NROWS         30
XLLCORNER    2165054.000
YLLCORNER     255067.000
CELLSIZE        161.100
NODATA_VALUE    -9999.000
5.36 5.41 5.36 5.36 5.03 5.48 5.12 5.06 5.20 4.92 4.92 4.93 5.70 5.74 5.83 5.73 5.48 5.48 5.48 5.48 4.97 4.97 4.97 4.97 4.92 4.97 4.97 4.97 4.97 4.97
4.92 4.92 4.92 4.92 4.92 5.48 5.00 5.00 5.14 5.06 5.10 5.06 4.97 4.97 5.00 4.92 5.52 5.40 5.35 5.48 4.92 5.75 4.97 5.00 4.98 5.00 5.00 5.00 4.97 5.09
4.31 4.92 4.92 4.92 5.48 5.48 5.16 5.14 5.03 5.01 5.37 5.37 4.92 4.97 4.92 4.92 4.92 4.92 4.92 4.92 5.39 4.97 5.66 4.97 5.14 5.03 5.03 5.03 5.00 5.07
4.31 4.31 4.31 4.31 5.48 5.25 5.16 5.09 5.03 5.11 5.00 5.00 4.92 4.92 4.92 5.07 4.92 4.92 4.92 4.92 5.20 5.30 5.26 5.66 5.84 5.77 5.86 5.78 6.00 5.95
4.31 4.92 4.92 5.48 5.48 5.16 5.14 5.25 5.35 4.92 4.98 4.98 14.6 4.92 5.16 5.33 4.92 4.92 5.14 5.03 4.92 5.03 5.15 5.48 5.48 5.37 4.97 4.97 4.97 4.92
4.31 11.2 4.92 5.48 5.17 5.09 5.39 5.72 4.92 15.4 15.0 16.3 14.6 16.9 4.98 4.92 4.92 4.92 5.00 5.00 5.00 5.00 5.00 5.08 5.00 5.32 4.92 5.15 4.92 4.92
9.94 9.94 4.92 5.51 5.21 5.14 5.17 5.00 16.3 16.3 14.6 4.97 5.00 16.3 15.1 15.1 14.6 14.6 14.6 4.92 4.92 4.92 5.00 5.00 5.00 5.00 4.98 5.00 4.92 5.22
9.97 5.00 5.52 5.38 4.72 4.99 4.99 4.93 4.65 4.65 4.65 4.65 4.97 16.3 16.4 14.6 14.6 14.6 14.6 14.6 9.94 9.94 9.94 9.97 9.97 9.99 9.99 10.2 10.2 9.99
9.97 5.00 4.66 5.38 4.66 4.66 4.66 4.65 4.65 4.65 4.65 4.65 4.65 4.97 14.6 5.03 14.6 5.03 5.03 14.6 14.6 14.6 14.6 14.6 9.94 9.97 9.97 9.86 9.86 9.86
9.97 9.99 5.04 5.52 5.00 5.00 5.00 5.00 5.00 4.66 5.09 5.00 4.65 4.66 4.97 5.03 5.03 5.03 5.03 14.6 14.6 14.6 14.6 14.6 14.6 9.86 4.97 4.97 4.97 4.97
5.00 11.1 5.01 5.72 5.35 5.26 5.27 5.14 5.03 5.03 5.24 5.48 5.00 5.00 5.18 10.9 5.03 5.03 5.03 25.5 14.6 14.6 5.03 5.03 14.6 9.86 9.99 12.3 10.9 9.86
5.00 9.97 11.1 5.48 5.00 5.00 5.37 5.36 5.20 5.20 5.37 5.35 11.0 11.0 12.0 10.9 5.03 5.03 5.03 14.6 9.86 14.9 21.3 21.3 9.86 9.86 4.99 5.02 5.26 5.16
5.00 9.97 11.1 5.48 5.19 5.22 5.37 5.31 5.37 5.32 5.25 5.16 10.1 10.1 10.7 25.5 21.1 14.6 14.6 21.3 9.94 10.3 9.89 9.86 9.89 4.99 4.99 5.00 5.04 4.98
5.00 11.5 5.01 5.14 5.01 5.12 5.00 5.03 5.04 5.37 5.13 5.17 5.14 5.03 10.4 9.98 14.6 14.6 14.6 14.7 9.89 5.03 9.99 9.86 4.99 4.99 5.33 5.33 5.59 5.28
9.97 9.99 5.01 5.49 5.00 5.08 4.89 5.03 5.03 5.14 5.14 5.01 4.92 5.09 5.03 9.94 14.6 14.8 14.7 9.86 4.98 4.99 4.99 4.97 4.99 5.33 5.35 5.27 5.37 5.37
14.4 9.97 5.48 5.48 4.89 4.89 4.89 4.89 4.89 5.00 4.92 5.00 5.03 5.04 12.7 9.94 9.06 9.89 9.89 4.97 5.16 5.46 5.37 4.97 5.26 5.37 5.29 4.92 4.92 4.92
9.97 5.00 5.48 5.48 5.48 4.89 4.89 4.89 5.00 5.00 5.00 5.03 5.04 5.32 5.38 5.00 5.19 5.37 5.16 5.12 5.45 4.92 4.92 5.48 5.37 4.92 4.92 4.92 4.92 4.92
9.97 5.01 5.69 5.48 5.51 5.00 5.03 5.03 5.03 5.03 5.09 5.04 5.34 5.15 5.04 5.21 5.00 5.16 5.04 5.04 5.21 4.92 4.92 5.19 4.92 4.92 4.92 4.92 4.92 4.92
14.4 9.97 4.89 5.65 5.68 5.00 5.03 5.04 5.04 5.13 5.06 5.37 5.04 5.04 5.04 5.04 5.04 5.04 5.04 5.05 5.04 5.20 5.00 5.32 5.02 4.92 4.92 4.92 4.92 4.94
9.97 5.00 5.00 5.48 5.48 5.63 5.45 5.36 5.41 5.37 5.44 5.04 5.06 5.03 5.03 5.06 5.06 5.06 5.04 5.09 5.03 5.03 5.03 5.00 5.32 4.92 4.92 14.6 14.6 16.1
5.00 5.02 5.50 5.49 4.89 5.48 5.48 5.52 5.52 5.01 5.02 5.05 5.13 5.00 5.00 5.13 5.13 5.13 5.03 5.19 5.00 5.00 5.00 5.11 5.37 5.23 5.14 15.2 4.92 4.97
5.03 5.54 5.49 5.12 5.02 4.89 4.89 4.89 5.48 5.48 5.49 5.49 5.00 4.97 4.97 4.97 4.97 5.00 5.18 5.03 15.5 15.4 5.00 5.04 5.26 5.03 5.13 5.00 4.66 4.97
5.55 5.00 5.23 5.16 5.03 5.00 4.89 5.00 5.00 5.00 4.97 5.48 5.48 5.48 5.48 5.48 4.97 4.97 5.00 5.00 5.01 5.00 15.5 5.03 5.24 5.13 5.01 4.65 4.97 5.09
5.48 5.12 5.69 5.37 5.08 5.00 5.00 5.03 5.10 5.03 4.97 4.97 4.97 4.97 5.03 5.23 5.48 5.49 5.38 5.48 5.48 5.12 14.8 5.00 5.23 5.13 4.65 5.38 4.97 5.24
5.00 5.13 5.68 5.37 5.00 5.00 5.00 5.05 5.00 5.37 5.00 4.97 4.97 5.00 5.10 5.13 5.12 4.97 4.65 4.65 5.48 5.49 5.73 5.78 5.01 5.00 4.65 5.48 4.97 4.97
5.00 5.03 5.84 5.29 4.92 4.92 5.03 5.11 5.10 5.39 5.11 4.97 5.16 5.00 5.15 5.14 4.97 4.97 5.09 4.97 4.97 4.97 4.97 5.48 5.48 5.38 5.48 5.49 4.97 5.00
5.00 5.03 5.54 5.49 4.92 4.92 5.00 5.00 5.25 5.59 4.97 5.16 5.16 5.01 5.14 5.15 5.00 5.07 5.00 4.97 5.00 4.97 4.97 4.97 4.65 4.97 5.61 5.48 5.48 5.23
5.00 5.03 5.04 5.40 4.92 5.14 4.92 5.00 5.32 5.37 4.97 5.16 4.97 4.99 5.17 5.72 5.37 5.37 5.26 5.03 4.97 5.00 5.09 4.97 4.97 5.00 5.34 5.00 4.97 5.76
5.00 5.03 5.54 5.12 5.50 4.98 4.97 4.97 4.97 5.44 5.12 4.97 4.97 5.09 5.32 5.37 5.20 5.11 5.37 5.00 4.97 5.15 4.97 5.00 4.97 5.00 5.39 5.03 5.00 4.97
5.00 5.03 5.54 5.12 4.95 5.01 4.97 4.97 5.37 5.18 22.7 4.97 4.97 5.00 5.03 5.84 5.82 5.37 5.78 5.18 5.26 5.09 4.97 4.97 5.14 5.48 5.04 5.03 5.00 4.97
