test_case/swb/SUM_RECHARGE_2003.asc
NCOLS         30
NROWS         30
XLLCORNER    2165054.000
YLLCORNER     255067.000
CELLSIZE        161.100
NODATA_VALUE    -9999.000
5.45 5.45 5.45 5.45 5.45 5.51 5.43 5.44 5.48 5.34 5.34 5.34 5.67 5.68 5.71 5.63 5.51 5.51 5.51 5.51 4.67 4.67 4.67 4.67 5.34 4.67 4.67 4.67 4.67 4.67
5.34 5.34 5.34 5.34 5.34 5.51 5.20 5.20 5.47 5.45 5.45 5.39 4.70 4.67 5.15 5.34 5.52 5.47 5.45 5.63 5.34 5.73 4.67 5.15 5.08 5.15 5.15 5.15 4.67 5.47
5.07 5.34 5.34 5.34 5.51 5.51 5.46 5.47 5.45 5.35 5.65 5.65 5.34 4.70 5.34 5.34 5.34 5.34 5.34 5.34 5.59 4.67 5.67 4.67 5.51 5.32 5.32 5.32 5.15 5.45
5.07 5.07 5.07 5.07 5.51 5.47 5.46 5.45 5.45 5.43 5.20 5.26 5.34 5.34 5.34 5.42 5.34 5.34 5.34 5.34 5.47 5.57 5.48 5.67 5.72 5.70 5.74 5.61 5.92 5.85
5.07 5.34 5.34 5.51 5.51 5.46 5.45 5.45 5.47 5.34 4.77 4.78 17.3 5.34 5.46 5.59 5.34 5.34 5.47 5.33 5.34 5.33 5.47 5.67 5.56 5.45 4.71 4.73 4.70 5.34
5.07 13.2 5.34 5.51 5.46 5.45 5.69 5.72 5.34 18.4 17.5 19.5 17.3 21.2 4.78 5.34 5.34 5.34 5.20 5.20 5.20 5.20 5.20 5.46 5.20 5.50 5.34 5.47 5.34 5.34
11.8 11.8 5.34 5.53 5.39 5.49 5.66 5.14 19.5 19.5 16.6 4.77 5.23 19.5 19.6 20.0 17.4 17.4 17.4 5.34 5.34 5.34 5.20 5.21 5.21 5.24 5.42 5.20 5.34 5.48
11.7 5.21 5.57 5.49 4.71 5.08 4.80 5.35 4.65 4.65 4.65 4.65 4.77 19.5 20.1 17.7 17.4 17.7 17.7 17.3 11.8 11.8 11.8 11.7 11.7 12.0 12.0 12.3 12.3 11.9
11.7 5.21 5.03 5.49 5.03 5.03 5.03 4.65 4.65 4.65 4.65 4.65 4.65 4.77 16.6 5.35 17.7 5.38 5.35 17.3 17.3 17.3 17.4 17.4 11.8 11.7 11.7 11.0 11.0 11.0
11.7 12.0 5.45 5.56 5.20 5.20 5.20 5.20 5.20 5.03 5.47 5.15 4.65 5.03 4.77 5.35 5.35 5.35 5.35 17.3 17.3 17.3 17.3 17.3 17.3 11.0 4.77 4.77 4.77 4.77
5.20 13.2 5.43 5.64 5.46 5.49 5.50 5.47 5.33 5.33 5.61 5.71 5.20 5.20 5.55 12.9 5.35 5.35 5.35 33.7 17.4 17.3 5.35 5.35 17.3 11.0 11.9 14.0 13.1 11.0
5.20 11.7 12.4 5.51 5.20 5.20 5.53 5.45 5.47 5.47 5.50 5.52 13.2 13.2 13.7 12.9 5.38 5.35 5.35 17.3 11.0 16.6 26.7 26.7 11.0 11.0 4.81 5.42 5.49 5.47
5.20 11.7 12.4 5.51 5.46 5.47 5.55 5.44 5.52 5.45 5.45 5.45 12.4 12.4 13.2 33.7 27.1 17.3 17.3 26.7 11.8 12.4 11.4 11.0 11.4 4.81 4.82 5.28 5.45 5.24
5.20 13.5 5.43 5.47 5.32 5.47 5.20 5.33 5.40 5.52 5.45 5.45 5.45 5.34 12.7 11.8 17.3 17.4 17.3 16.6 11.4 5.45 12.0 11.0 4.81 4.93 5.60 5.60 5.71 5.58
11.7 12.0 5.42 5.53 5.20 5.46 5.15 5.33 5.33 5.47 5.47 5.45 5.35 5.45 5.45 11.8 17.4 16.6 16.6 11.0 4.77 5.27 4.99 4.67 4.81 5.60 5.61 5.45 5.63 5.45
17.1 11.7 5.51 5.49 5.15 5.15 5.15 5.15 5.15 5.20 5.34 5.20 5.33 5.40 14.1 11.8 11.2 11.4 11.4 4.67 5.47 5.70 5.47 4.67 5.58 5.61 5.45 5.34 5.34 5.34
11.7 5.20 5.51 5.49 5.49 5.15 5.15 5.15 5.20 5.20 5.20 5.33 5.40 5.48 5.63 5.20 5.47 5.60 5.41 5.50 5.69 5.34 5.34 5.71 5.53 5.34 5.34 5.34 5.34 5.34
11.7 5.32 5.63 5.49 5.54 5.20 5.33 5.33 5.33 5.33 5.46 5.45 5.48 5.47 5.43 5.48 5.20 5.47 5.45 5.45 5.48 5.34 5.34 5.47 5.34 5.34 5.34 5.34 5.34 5.34
17.1 11.7 5.15 5.59 5.59 5.20 5.33 5.40 5.40 5.47 5.45 5.53 5.45 5.40 5.40 5.45 5.45 5.45 5.43 5.45 5.40 5.47 5.20 5.51 5.36 5.34 5.34 5.34 5.34 5.34
11.7 5.20 5.20 5.49 5.49 5.56 5.46 5.48 5.49 5.47 5.50 5.45 5.45 5.33 5.33 5.45 5.45 5.45 5.40 5.45 5.33 5.33 5.33 5.20 5.48 5.34 5.34 17.3 17.7 21.4
5.20 5.33 5.55 5.52 5.15 5.49 5.49 5.56 5.56 5.32 5.42 5.45 5.50 5.20 5.20 5.50 5.50 5.50 5.33 5.48 5.20 5.20 5.20 5.46 5.54 5.48 5.47 19.5 5.34 4.67
5.33 5.57 5.54 5.43 5.33 5.15 5.15 5.15 5.51 5.51 5.53 5.53 5.20 4.67 4.67 4.67 4.67 5.20 5.55 5.33 20.0 19.6 5.20 5.41 5.48 5.36 5.50 5.20 5.03 4.67
5.57 5.20 5.45 5.47 5.33 5.20 5.15 5.20 5.20 5.20 4.67 5.51 5.51 5.51 5.51 5.51 4.67 4.67 5.20 5.20 5.32 5.20 20.0 5.33 5.48 5.50 5.32 4.65 4.67 5.47
5.51 5.43 5.63 5.53 5.46 5.20 5.20 5.33 5.46 5.43 4.67 4.67 4.67 4.67 5.37 5.43 5.51 5.53 5.49 5.51 5.51 5.43 17.5 5.20 5.48 5.50 4.65 5.49 4.67 5.68
5.20 5.45 5.61 5.48 5.20 5.20 5.20 5.44 5.40 5.67 5.36 4.67 4.67 5.36 5.47 5.45 5.43 4.67 4.65 4.65 5.51 5.53 5.68 5.69 5.32 5.20 4.65 5.51 4.67 4.67
5.20 5.33 5.67 5.47 5.34 5.34 5.33 5.46 5.32 5.67 5.48 4.77 5.53 5.36 5.59 5.57 4.67 4.67 5.47 4.67 4.67 4.67 4.67 5.51 5.51 5.49 5.51 5.53 4.67 5.17
5.20 5.33 5.57 5.49 5.34 5.34 5.20 5.31 5.48 5.71 4.72 5.53 5.53 5.31 5.63 5.59 5.15 5.45 5.15 4.67 5.15 4.67 4.67 4.67 4.65 4.67 5.58 5.51 5.51 5.47
5.20 5.33 5.40 5.45 5.34 5.47 5.34 5.20 5.50 5.61 4.67 5.53 4.67 5.24 5.61 5.71 5.68 5.64 5.58 5.32 4.67 5.15 5.47 4.67 4.67 5.15 5.43 5.14 4.67 5.72
5.20 5.33 5.57 5.43 5.69 5.08 4.67 4.67 4.67 5.70 5.45 4.67 4.67 5.47 5.69 5.56 5.45 5.45 5.67 5.15 4.67 5.59 4.67 5.15 4.67 5.15 5.71 5.32 5.35 4.77
5.20 5.33 5.57 5.43 5.02 5.22 4.67 4.67 5.62 5.47 28.7 4.67 4.67 5.15 5.32 5.74 5.66 5.46 5.71 5.55 5.68 5.47 4.67 4.67 5.51 5.75 5.44 5.32 5.35 4.77
