test_case/swb/SUM_RECHARGE_1999.asc
NCOLS         30
NROWS         30
XLLCORNER    2165054.000
YLLCORNER     255067.000
CELLSIZE        161.100
NODATA_VALUE    -9999.000
3.51 3.60 3.51 3.51 3.47 3.61 3.47 3.17 3.39 3.17 3.17 3.17 3.70 3.75 3.76 3.71 3.59 3.59 3.59 3.59 3.01 3.01 3.01 3.01 3.17 3.01 3.01 3.01 3.01 3.01
3.17 3.17 3.17 3.17 3.17 3.59 3.17 3.17 3.17 3.47 3.47 3.47 3.01 3.01 3.06 3.17 3.58 3.58 3.47 3.53 3.17 3.84 3.01 3.05 3.14 3.05 3.05 3.05 3.01 3.20
3.04 3.17 3.17 3.17 3.61 3.61 3.47 3.17 3.17 3.17 3.54 3.56 3.17 3.01 3.17 3.17 3.17 3.17 3.17 3.17 3.58 3.01 3.70 3.01 3.21 3.13 3.13 3.13 3.05 3.18
3.04 3.04 3.04 3.04 3.61 3.47 3.47 3.25 3.17 3.47 3.08 3.12 3.17 3.17 3.17 3.47 3.17 3.17 3.17 3.17 3.35 3.51 3.47 3.70 3.80 3.76 3.87 3.62 4.26 4.22
3.04 3.17 3.17 3.61 3.59 3.47 3.47 3.47 3.47 3.17 3.09 3.14 11.4 3.17 3.47 3.51 3.17 3.17 3.17 3.15 3.17 3.14 3.17 3.59 3.58 3.58 3.01 3.10 3.01 3.17
3.04 7.67 3.17 3.59 3.47 3.28 3.63 3.89 3.17 12.5 11.7 13.2 11.4 14.6 3.14 3.17 3.17 3.17 3.17 3.17 3.17 3.17 3.17 3.18 3.17 3.48 3.17 3.17 3.17 3.28
7.12 7.12 3.17 3.61 3.44 3.50 3.35 3.05 13.2 13.2 11.2 3.14 3.17 13.2 13.2 13.4 11.4 11.4 11.4 3.17 3.17 3.17 3.17 3.17 3.17 3.17 3.17 3.17 3.17 3.41
7.11 3.17 3.61 3.49 3.01 3.01 3.01 3.07 2.99 2.99 2.99 2.99 3.14 13.2 13.7 11.6 11.4 11.6 11.6 11.4 7.12 7.12 7.12 7.11 7.11 7.22 7.22 7.36 7.36 7.12
7.11 3.17 3.04 3.49 3.04 3.04 3.04 2.99 2.99 2.99 2.99 2.99 2.99 3.14 11.2 3.17 11.6 3.17 3.17 11.4 11.4 11.4 11.5 11.4 7.12 7.11 7.11 7.05 7.05 7.05
7.11 7.22 3.17 3.61 3.17 3.17 3.17 3.17 3.17 3.04 3.20 3.05 2.99 3.04 3.14 3.17 3.17 3.17 3.17 11.4 11.4 11.4 11.4 11.4 11.4 7.05 3.14 3.14 3.14 3.14
3.17 7.77 3.20 3.61 3.58 3.48 3.38 3.17 3.17 3.14 3.41 3.66 3.17 3.17 3.21 7.48 3.17 3.17 3.17 22.2 11.5 11.4 3.17 3.17 11.4 7.05 7.12 8.77 7.60 7.05
3.17 7.11 8.02 3.59 3.17 3.17 3.48 3.47 3.34 3.34 3.47 3.47 7.66 7.66 8.30 7.48 3.17 3.17 3.17 11.4 7.05 11.2 18.3 18.3 7.05 7.05 3.12 3.15 3.48 3.18
3.17 7.11 8.02 3.61 3.47 3.48 3.59 3.47 3.48 3.47 3.47 3.47 7.24 7.24 7.97 22.2 18.4 11.4 11.4 18.3 7.12 7.57 7.17 7.05 7.17 3.12 3.12 3.14 3.17 3.14
3.17 7.95 3.20 3.18 3.17 3.18 3.17 3.14 3.17 3.48 3.47 3.47 3.47 3.17 7.48 7.12 11.4 11.4 11.4 11.2 7.17 3.17 7.12 7.05 3.12 3.15 3.51 3.51 3.66 3.51
7.11 7.23 3.17 3.61 3.17 3.18 3.04 3.14 3.14 3.17 3.17 3.17 3.17 3.47 3.17 7.12 11.4 11.2 11.2 7.05 3.07 3.15 3.15 3.01 3.12 3.51 3.51 3.47 3.58 3.47
11.2 7.11 3.59 3.49 3.04 3.04 3.04 3.04 3.04 3.17 3.17 3.17 3.17 3.17 8.71 7.12 6.78 7.16 7.16 3.01 3.18 3.65 3.47 3.01 3.51 3.51 3.47 3.17 3.17 3.17
7.11 3.17 3.59 3.49 3.49 3.04 3.04 3.04 3.17 3.17 3.17 3.17 3.17 3.48 3.59 3.17 3.47 3.59 3.44 3.50 3.63 3.17 3.17 3.66 3.47 3.17 3.17 3.17 3.17 3.17
7.11 3.17 3.61 3.49 3.60 3.17 3.14 3.14 3.14 3.17 3.18 3.17 3.48 3.18 3.17 3.47 3.17 3.18 3.17 3.17 3.47 3.28 3.17 3.39 3.47 3.17 3.17 3.17 3.17 3.17
11.2 7.11 3.04 3.61 3.61 3.17 3.17 3.17 3.17 3.18 3.17 3.48 3.17 3.17 3.17 3.17 3.17 3.17 3.17 3.17 3.17 3.38 3.17 3.48 3.47 3.17 3.17 3.17 3.17 3.17
7.11 3.17 3.17 3.49 3.49 3.61 3.58 3.59 3.59 3.58 3.48 3.17 3.17 3.14 3.14 3.17 3.17 3.17 3.17 3.17 3.16 3.16 3.14 3.17 3.47 3.17 3.17 11.4 11.6 14.2
3.17 3.04 3.61 3.60 3.04 3.49 3.49 3.61 3.61 3.17 3.17 3.17 3.21 3.17 3.17 3.21 3.21 3.21 3.14 3.18 3.17 3.17 3.17 3.18 3.55 3.47 3.17 12.7 3.17 3.01
3.17 3.61 3.61 3.47 3.04 3.04 3.04 3.04 3.59 3.59 3.61 3.61 3.17 3.01 3.01 3.01 3.01 3.17 3.21 3.14 13.1 12.8 3.17 3.17 3.33 3.17 3.21 3.17 3.04 3.01
3.61 3.17 3.47 3.48 3.14 3.17 3.04 3.17 3.17 3.17 3.01 3.59 3.59 3.59 3.59 3.59 3.01 3.01 3.17 3.17 3.17 3.17 13.1 3.14 3.29 3.21 3.17 2.99 3.01 3.20
3.59 3.47 3.61 3.48 3.18 3.17 3.17 3.14 3.18 3.18 3.01 3.01 3.01 3.01 3.25 3.47 3.59 3.61 3.49 3.59 3.59 3.47 11.6 3.17 3.24 3.21 2.99 3.49 3.01 3.50
3.17 3.33 3.61 3.47 3.17 3.17 3.17 3.18 3.15 3.66 3.18 3.01 3.01 3.18 3.20 3.48 3.38 3.01 2.99 2.99 3.59 3.61 3.73 3.75 3.17 3.17 2.99 3.59 3.01 3.01
3.17 3.17 3.72 3.47 3.17 3.17 3.17 3.24 3.17 3.66 3.21 3.15 3.17 3.18 3.21 3.38 3.01 3.01 3.20 3.01 3.01 3.01 3.01 3.59 3.59 3.49 3.59 3.61 3.01 3.07
3.17 3.17 3.61 3.58 3.17 3.17 3.17 3.18 3.47 3.66 3.01 3.17 3.17 3.15 3.30 3.32 3.05 3.18 3.05 3.01 3.05 3.01 3.01 3.01 2.99 3.01 3.61 3.59 3.59 3.47
3.17 3.17 3.17 3.58 3.17 3.17 3.17 3.17 3.48 3.55 3.01 3.17 3.01 3.14 3.32 3.78 3.62 3.51 3.51 3.13 3.01 3.05 3.20 3.01 3.01 3.05 3.47 3.05 3.01 4.17
3.17 3.17 3.61 3.47 3.62 3.14 3.01 3.01 3.01 3.65 3.17 3.01 3.01 3.20 3.60 3.55 3.47 3.25 3.62 3.05 3.01 3.21 3.01 3.05 3.01 3.05 3.69 3.13 3.18 3.14
3.17 3.17 3.61 3.47 3.30 3.37 3.01 3.01 3.64 3.47 20.3 3.01 3.01 3.05 3.13 4.15 3.58 3.47 3.78 3.24 3.57 3.20 3.01 3.01 3.21 3.84 3.18 3.13 3.18 3.14
