share/test_case/input/init_moist.grd
ncols         60
nrows         56
xllcorner     562524.92647059
yllcorner     319109.55882353
cellsize      90
NODATA_value  -9999
[rows 0 to 30 of 56, columns 0 to 59 of 60]
2.8 2.2 3 3.7 6.112102 3 7.019898 1.1 3 2.2 3 6.112102 6.112102 6.112102 6.112102 6.112102 6.626279 7.288301 3.7 3 3 2.2 7.019898 7.288301 7.288301 2.8 2.8 6.93304 3.6 2.8 7.288301 0 10.95364 7.288301 0 0 0 0 0 0 0 0 0 0 0 0 0 0 0 0 0 3.7 7.019898 7.022678 7.019898 7.019898 10.96401 10.37825 4.277663 0
2.8 2.2 3.7 3.7 7.288301 3.7 7.091794 1.1 0 3 3 3 3 6.112102 6.112102 6.112102 6.112102 7.288301 3.7 3.7 3.7 3.7 7.288301 7.288301 3.7 3.7 3.7 2.8 2.8 7.288301 7.248098 7.288301 7.288301 7.288301 0 0 14.2 10.95364 10.95364 0 0 0 0 0 0 0 0 0 0 0 0 0 0 0 0 7.019898 0 0 0 0
2.8 2.8 3.7 3.7 3.7 3.7 6.112102 10.96401 1.368438 3.7 3 3 3 3 4.583561 4.583561 4.583561 3.7 3.7 3.7 3.7 7.288301 7.288301 7.288301 2.8 3.7 3.7 2.8 7.248162 7.399214 6.621168 7.288301 7.288301 0 0 0 0 6.112102 6.112102 7.288301 7.288301 7.288301 11.16739 0 0 0 0 0 0 0 0 0 0 0 0 0 0 0 0 0
2.8 2.8 2.8 2.8 2.8 2.2 6.112102 4.902006 1.246926 3.7 7.019898 3 7.019898 4.583561 4.583561 4.583561 3.3 3.3 7.019898 7.019898 7.019898 7.288301 9.042946 9.042946 7.288301 3.7 7.399067 7.399033 6.695816 6.696407 2.8 7.288301 3.7 10.95364 0 0 0 0 7.288301 3.7 7.288301 7.288301 6.630146 0 0 0 0 0 0 0 0 7.288301 0 0 0 0 0 0 0 5.583327
2.8 2.8 2.2 2.2 2.2 2.2 6.112102 5.575315 4.583561 3.9614 7.019898 7.019898 7.019898 7.019898 7.019898 7.019899 7.019898 4.583759 4.583561 4.583561 9.042946 9.042946 9.042946 9.042946 9.042946 7.288301 6.68325 6.679236 9.041497 9.037011 9.037011 7.288301 7.288301 7.288301 2.93369 2.8 7.288301 7.288301 6.02752 2.8 2.8 10.36583 7.275296 0 2.8 2.8 2.8 2.8 0 0 10.95364 7.288301 0 0 0 10.95364 0 7.288301 0 0.7189662
3 3 3.3 2.5 6.626646 6.626646 6.626279 6.626646 10.3787 1.39668 9.042946 9.042946 9.042946 4.583561 4.583561 4.583547 4.583561 4.581635 4.583561 4.122861 9.042946 9.042946 9.042946 9.042946 7.288301 9.042946 9.039812 9.039427 10.04665 10.03307 10.03307 9.042946 9.042946 7.288301 2.8 2.8 7.288301 7.288301 9.2 2.8 3.7 3.7 7.322138 6.380283 7.288301 7.288301 7.288301 7.288301 0 0 7.288301 2.8 7.288301 0 0 7.288301 7.288301 0 0 0.7208142
6.897871 2.2 2.2 2.5 2.2 2.2 2.2 2.2 2.5 8.79766 0 10.96401 9.042946 9.042946 9.042946 4.583711 4.583561 4.599019 4.604568 4.583561 8.040467 8.040467 8.040467 9.042946 7.288301 7.288301 9.061035 10.03307 11.39513 6.017152 11.40518 10.03307 10.04243 9.04003 11.90309 9.043367 9.042946 9.042946 3.490901 7.288301 7.288301 7.288301 7.200026 2.8 2.8 2.8 2.8 7.288301 0 0 0 0 0 0 10.94598 7.288301 7.288301 10.37825 6.112102 0
6.112102 5.514298 3 2.2 2.2 2.2 2.2 6.112102 10.37825 10.964 0 4.583561 4.583561 9.042946 9.042946 4.583561 4.582104 4.459095 4.473321 4.459095 9.042946 9.042946 8.040467 8.040467 8.040467 9.042946 10.04665 11.37563 6.017152 6.017152 11.40518 11.40518 10.03307 10.03307 9.010885 9.042946 6.017152 6.017152 9.31532 9.042946 9.042946 9.042946 7.521713 7.199949 7.288301 2.8 2.8 7.288301 13.95841 0 0 0 7.288301 6.112102 5.129658 11.23937 6.112102 6.112102 6.112102 9.350277
9.042946 9.042946 9.042871 6.118442 6.112555 6.112102 10.37825 10.37825 10.96409 9.042946 0 4.583561 4.583561 9.042946 9.042946 9.042946 4.599019 4.459095 4.583561 4.459095 4.583561 4.583561 9.042946 9.042946 9.042946 10.03307 11.40518 6.017152 6.017152 7.362119 11.40518 6.626279 6.626279 6.626279 9.157612 9.042946 4.459095 6.017152 10.4126 11.40518 3.7 6.632842 6.318044 7.521932 7.288301 7.288301 2.8 2.8 0 0 0 0 6.112102 6.112102 6.081872 6.112555 5.534185 6.112102 5.529091 6.112102
9.042946 4.583561 10.3787 5.472723 5.459485 10.3787 10.37817 10.96359 4.583561 4.583561 5.3 0 4.583561 4.583561 4.583561 4.583561 4.459095 4.583561 4.583561 4.583561 4.583561 5.102115 8.800065 3.766969 5.1 7.056957 9.99129 5.033309 6.017152 7.365607 10.35864 10.36152 10.36214 6.048496 11.23005 11.40652 11.40518 6.017152 6.0495 6.017152 6.017152 6.035857 2.8 6.317722 7.288301 7.288301 7.288301 7.288301 2.8 0 0 10.85041 10.96401 7.288301 6.112102 2.2 2.2 2.2 2.2 2.2
9.025243 9.042946 4.459095 4.459095 4.459095 4.459095 9.043367 9.028955 4.583561 4.583561 4.599019 0.8819973 11.14028 10.96401 9.042946 4.583561 4.459095 4.427522 6.025373 4.357543 6.620586 7.360758 4.599018 9.026134 9.044026 9.037011 10.03307 10.03307 6.017152 7.365607 7.362119 11.40518 5.282399 6.21385 6.017152 11.40052 11.4109 6.044539 6.017152 6.054455 6.034811 6.033606 6.034811 2.8 3.7 11.40518 7.288301 7.288301 2.8 0 0 7.288301 11.70299 7.288301 3.3 3.3 4.599019 2.2 3 2.2
2.831614 4.61938 4.459095 4.459095 9.042946 4.583561 9.02836 7.018583 4.459095 5.895591 7.019898 1.1 0.8 10.05306 4.406017 4.877139 5.805649 6.009811 6.009717 6.009391 6.008199 11.405 11.4062 9.037011 10.04416 9.062169 9.037011 10.03307 6.017152 7.362119 7.362119 6.017152 6.031114 11.38082 7.375128 11.42171 11.37563 6.031114 6.017152 1.1 6.031345 6.026784 6.031345 6.017152 6.017152 11.40518 6.017152 7.288301 0 0 9.042946 6.690682 7.288301 6.313202 9.042946 4.583561 4.459095 4.473321 3 4.459095
8.2026 4.583561 4.459095 4.583561 4.599019 4.582104 7.022678 4.583561 4.583561 7.362119 7.362119 0.8 4.459095 4.459095 7.362119 7.370805 7.362119 7.362119 7.365607 7.362119 11.40518 10.03307 10.03307 10.03307 10.03307 10.03307 10.04665 6.017152 6.017152 7.384977 7.359287 6.001778 6.00773 7.351109 7.355644 11.35294 11.40518 6.017152 6.017152 10.03307 10.05202 10.03307 10.05202 11.32829 11.42105 10.37344 10.40281 0.7778713 9.042946 11.40518 6.631378 6.613592 6.626279 6.626279 6.627013 3 3 2.2 4.583561 10.04503
4.583561 4.599019 4.583561 4.583561 4.583561 4.459095 4.583561 4.583561 4.583561 4.583561 4.583561 0.8 0.8 6.017152 7.362119 6.031114 7.362119 7.362119 7.362119 6.017152 7.362119 11.40518 11.40518 10.03307 10.03307 10.03307 10.03307 10.03307 11.40518 7.362119 7.362119 11.40518 11.40518 11.40518 11.40518 10.96398 6.002185 6.025195 7.362119 4.583561 5.515353 5.515353 5.515353 5.515353 7.347131 6.020685 10.3787 0.7451069 9.042946 6.626279 2.5 3.3 6.626279 6.626279 6.623721 6.608407 2.2 2.2 4.459095 4.122861
4.459095 4.583561 4.583561 9.042946 4.583561 4.459095 4.583561 4.583561 4.583561 7.362119 7.362119 4.583561 1.1 6.017152 7.362119 7.362119 5.895591 6.017152 6.017152 6.031114 6.017152 6.017152 11.40518 6.03616 6.026784 6.026784 7.3593 11.40518 11.40518 7.362119 7.362119 11.40518 11.40518 11.40518 11.40539 10.98144 6.017152 6.017152 7.347131 5.515353 7.362119 7.362119 5.515353 7.362119 7.36689 6.017152 6.017152 0.7251348 9.042946 7.362119 6.017152 7.362119 3 3 8.040467 6.635339 6.017152 6.017152 4.123018 4.121317
4.466578 4.524901 3.837042 4.897011 4.459095 4.473321 4.477083 9.042946 7.362119 7.019898 7.019898 7.019898 1.1 4.459095 7.362119 7.019898 5.895591 7.022678 7.360151 7.372895 6.036269 6.036221 6.03606 6.035507 6.033606 11.40518 7.361303 11.40518 11.40518 7.362119 11.40518 11.40518 11.38181 11.40402 11.3823 11.37563 5.995409 6.017152 7.362119 7.362119 7.362119 5.515353 7.362119 7.347131 7.362119 7.019898 10.37825 0.9825451 7.362119 7.362119 7.362119 7.362119 6.017152 4.583561 4.583561 6.583852 7.020032 7.362119 4.122861 4.122861
3 4.583561 4.583561 9.042946 10.09716 5.242732 6.665359 7.049235 4.583561 4.583561 10.96401 11.72427 6.017152 1.1 9.042946 9.042946 5.898166 6.001712 4.459095 6.017152 6.017152 6.042508 5.864859 7.234654 11.20679 12.15341 9.561955 11.36928 10.03307 10.03307 6.026784 6.033606 11.40518 6.034799 6.017152 11.40518 7.376043 11.40518 7.362119 7.362119 7.362119 7.347131 7.362119 7.362119 10.96401 10.37825 0.7805572 9.000276 7.362119 7.362119 7.362119 7.362119 7.362119 6.017152 6.040775 6.017152 4.583561 7.360758 7.019898 4.583561
8.900869 9.042946 9.042946 9.042946 9.042946 4.583561 4.583561 7.362119 4.525156 4.554384 6.224627 7.362119 1.1 1.1 5.060452 9.030556 4.362719 4.362807 4.362409 5.895537 5.88337 6.65584 5.033309 11.36928 10.03307 10.03307 10.03307 9.983539 11.40518 11.40518 6.017152 6.017152 6.031114 6.017152 11.40518 11.40518 11.37563 7.362119 7.362119 7.019898 7.362119 7.36689 7.019898 7.019898 10.37825 0.9857363 10.8901 10.03307 5.515353 5.515353 6.036794 7.345715 7.367 7.362481 6.001653 6.017152 7.362119 7.362119 7.022678 7.019898
9.042871 9.144175 9.01305 9.042946 9.042946 9.042946 4.583561 4.583561 7.362119 7.433155 4.583561 7.362119 7.362119 1.1 7.362119 5.077426 4.594268 4.557252 4.473786 7.362119 7.362119 6.017152 7.162503 7.727894 12.2548 9.440844 9.999513 5.033309 5.033309 4.583561 7.362119 7.365607 7.360758 7.362119 6.017152 5.895591 7.362119 7.362119 7.362119 7.362119 5.898622 7.362119 7.362119 11.40518 0 9.037011 10.03307 5.515353 5.515353 5.53273 7.35608 7.366232 7.360779 7.019898 5.909407 6.007424 7.362119 7.019898 7.019898 5.895591
4.583561 4.583561 4.583561 9.04977 4.583561 7.362119 7.362119 7.362119 6.97077 5.878871 7.362119 7.362119 7.362119 1.1 5.29797 5.067538 5.895591 6.017152 6.017152 6.026043 7.452688 6.263853 6.04279 11.36928 11.37523 11.32627 10.03307 5.515353 5.033309 5.920096 7.769045 6.855049 7.019898 4.583711 9.028198 11.36395 5.987081 6.017152 7.019898 7.019898 4.572881 7.019898 10.96401 11.40518 10.37825 0.8545552 9.042946 7.362119 7.362119 7.362119 7.362119 7.362119 7.019898 7.362119 6.017152 6.000578 7.019898 7.019898 7.019898 6.017152
4.592538 4.583561 4.583561 4.583561 7.517708 4.583561 7.031014 6.943786 7.014304 7.370805 7.362119 7.365607 7.360758 1.1 4.010028 5.054376 6.035853 6.034799 6.031114 5.895591 5.922695 5.895591 5.822165 10.04243 10.03307 10.05156 10.07032 5.515353 5.033309 5.920096 4.922102 7.185893 5.3 4.583561 4.583561 4.583561 7.362119 7.341283 9.043367 10.96401 5.099353 9.042946 11.40518 11.40518 10.37825 0.8398589 10.96401 7.362119 7.362119 7.362119 7.362119 7.362119 7.362119 7.019898 7.365607 7.362119 7.019898 7.019898 5.541168 5.541168
6.095826 6.096714 4.583561 4.583561 4.583561 6.744133 4.599019 4.459095 4.453474 4.473321 6.017152 4.459095 7.362119 1.1 4.089991 11.3658 7.362508 6.031114 6.017152 4.583561 4.459095 4.459095 6.626279 5.515353 10.03307 10.03307 10.03307 5.515353 6.017152 7.362119 5.895591 4.459095 4.459095 4.875825 5.553256 7.388738 9.964817 10.96401 6.55788 6.568016 10.96401 6.48034 9.042946 9.042946 0.8957109 10.96401 10.96401 7.362119 7.362119 7.362119 7.362119 7.362119 7.362119 7.362119 6.017152 7.362119 7.362119 5.541168 5.201441 6.017152
9.000276 9.042946 10.37825 10.96401 10.95969 4.47304 5.895591 9.042946 9.043367 4.459095 9.042946 4.459095 4.599019 0.8 4.024608 6.017152 7.366793 7.360505 7.362119 7.362119 7.362235 7.360966 7.362988 6.017152 11.40518 10.04243 10.03307 6.017152 6.017152 7.022678 4.442247 6.001717 6.031114 6.017152 7.365607 7.360758 11.40518 6.603685 9.042946 9.042946 9.042946 9.042946 5.103062 6.478814 0.8367552 10.96401 9.042946 7.362119 7.362119 7.362119 7.362119 7.362119 7.362119 7.362119 7.362119 7.362119 7.362119 7.344594 6.019023 7.388908
9.615503 4.927438 9.042946 8.747888 8.733936 4.220869 8.733866 8.733936 4.459095 4.583561 4.583561 4.583561 9.042946 0.8 4.232276 7.019898 7.362119 7.348377 7.368883 7.362107 7.359171 7.397124 6.026784 10.04489 10.04443 10.03307 5.033309 5.515353 4.599019 4.473321 6.017152 6.017152 6.007473 7.370805 7.362119 11.40518 7.872568 9.043367 9.042946 9.042946 9.042946 9.042946 9.042946 9.042946 9.042946 1.210911 9.042946 7.019898 7.019898 7.362119 7.362119 7.362119 7.362119 7.362119 7.362119 5.541168 6.8 0 6.001552 7.362321
9.042946 9.615503 8.733936 8.686774 9.042946 9.042946 9.043367 4.459095 4.459095 5.515353 7.347131 4.458228 8.975415 0.8 3.86921 2.8 5.033309 6.042974 7.347131 7.3593 11.36928 11.36928 11.38258 10.03307 10.03307 5.033309 5.033309 3.911904 4.564816 6.017152 6.034799 4.473321 6.017152 7.352623 10.93204 11.40518 5.719412 4.459095 4.459095 7.019898 7.019898 4.583561 10.96401 9.042946 9.042871 1.24134 10.96401 5.895591 4.459095 7.362119 7.38147 7.189001 7.644571 6.504272 9.426641 5.906034 7.62788 0 6.00014 7.37285
9.04003 9.624331 8.733936 10.04665 5.515353 7.362119 4.459095 4.459095 6.017152 4.473321 4.477083 4.606161 4.583561 0.8 5.571052 6.908023 4.589905 5.53273 5.515353 10.03307 10.03307 10.03307 10.03307 10.03307 5.033309 10.03307 5.562817 7.11764 6.045858 4.583561 4.459095 7.37229 6.034799 6.035853 5.779154 8.771034 10.95971 6.031114 6.017152 7.362119 7.362119 7.019898 10.96401 9.042946 9.043367 9.042946 1.280083 4.179227 1.454223 5.897587 7.360758 7.365607 6.017152 6.000578 7.311917 6.032712 6.036182 6.035927 6.035052 6.032011
9.624331 9.615503 10.03307 7.362119 6.017152 6.017152 4.459095 5.515353 4.492535 4.473321 4.459095 9.00545 9.052298 0.8 5.094905 4.459095 5.033309 5.515353 5.515353 5.515353 10.03307 10.03307 10.03307 10.03307 10.03307 6.229722 6.020226 5.928432 6.032624 6.017152 6.031114 6.019349 6.031662 5.730672 7.019898 7.362119 7.362119 6.031114 6.017152 7.362119 7.362119 7.362119 7.019898 5.895591 9.042946 9.042946 3.912578 9.042946 9.042946 11.6 7.362119 7.362119 7.362119 7.365607 5.541168 6.008638 6.019754 6.017152 6.017152 6.001554
9.615503 7.288301 3 7.362119 7.362119 7.362119 5.52771 4.483467 4.459095 4.595675 4.585349 4.459095 4.583561 0.8 5.795955 2.8 5.033309 5.033309 5.033309 6.036794 7.3593 11.36928 11.36928 6.026784 6.026784 7.114613 6.062259 6.178778 5.954128 6.121273 7.72644 7.184176 4.456589 7.028657 7.294207 5.834733 7.370805 6.031114 6.017152 7.362119 7.362119 7.362119 7.362119 7.362119 6.017152 9.043367 3.677767 9.042946 11.40518 11.40518 1.108183 6.906976 4.23433 6.017152 6.00773 7.384977 4.599019 5.541168 5.541168 5.541168
9.615503 7.288301 3 3 6.017152 6.031114 10.05023 4.459095 4.480011 4.589923 4.583561 4.459095 4.583561 1.1 0.9198248 2.408213 2.8 4.459095 4.459095 5.562817 6.184056 7.034406 5.890898 7.026061 7.019898 6.006541 5.909407 5.895591 5.895591 5.909407 6.017152 6.000173 5.895391 6.033606 6.004473 6.033606 5.932147 7.088068 6.21385 5.033309 6.017152 6.017152 7.362119 7.362119 7.362119 9.042946 3.876887 9.042946 7.362119 6.017152 4.443444 1.1 7.355504 7.7 6.001778 6.017152 6.017152 6.017152 6.017152 6.017152
11.36928 10.03307 3 3 3 7.362119 11.40518 5.038888 4.473321 4.459095 4.585788 4.455854 4.574335 0.8 2.692157 3.5 5.039094 4.459095 5.515353 5.544382 7.383935 7.019731 7.021561 7.042028 5.901893 5.909407 5.895591 4.459095 4.459095 4.583561 7.029128 5.645535 4.459095 6.026784 6.05379 6.026784 11.32829 11.32829 11.4054 11.40393 6.034799 6.031114 6.017152 6.017152 5.895591 10.03307 2.996768 10.932 7.362119 4.583561 4.58084 7.362119 7.352894 2.638593 7.370805 7.359287 7.384977 7.362119 7.365607 7.390748
9.615503 11.40518 6.017152 5.033309 3 11.40518 7.362119 4.459095 2.2 4.477083 4.459095 4.459095 2.2 0.8 4.583561 5.1 5.515353 5.515353 3.7 2.283622 7.019898 4.583561 4.59632 4.454272 9.044026 4.454272 4.459095 4.459095 4.473321 4.477083 7.369351 4.459095 4.583561 10.03307 11.32829 10.03307 5.515353 5.515353 10.0356 10.05023 11.3823 11.40518 11.38082 10.04568 10.04526 10.04506 11.06376 5.895591 6.017152 7.356308 7.362119 6.017152 6.009649 6.017152 6.036961 6.031114 6.017152 6.017152 6.017152 6.044539
