share/VS_Project/swb/x64/Debug/output/MEAN_RECHARGE_1989_1990.asc
NCOLS        340
NROWS        316
XLLCORNER     528502.530
YLLCORNER     274871.653
CELLSIZE        100.000
NODATA_VALUE    -9999.000
[rows 228 to 265 of 316, columns 84 to 167 of 340]
6.25 7.52 9.73 7.71 3.50 3.41 3.41 3.41 2.24 10.1 5.31 6.02 5.31 6.25 6.25 3.31 3.31 3.31 2.96 3.47 3.05 2.24 2.24 6.25 7.14 9.46 8.80 8.62 3.31 8.52 3.31 2.52 2.88 8.20 3.41 3.50 3.31 3.49 12.4 35.8 6.25 7.82 9.38 2.52 3.31 2.24 25.4 6.25 3.41 3.41 2.24 2.96 3.41 2.64 3.41 3.41 3.41 3.41 11.5 3.09 3.31 2.96 2.96 8.52 2.96 2.81 3.17 12.2 12.9 8.73 3.31 3.41 13.0 8.62 2.96 3.41 3.09 3.68 2.89 3.41 3.41 3.41 3.41 2.96
6.25 10.4 11.6 3.53 3.41 2.96 3.41 2.24 11.0 9.45 5.48 5.33 9.11 3.36 13.8 3.42 3.31 8.52 3.41 3.31 3.31 3.41 2.24 11.6 7.53 3.34 2.37 10.9 3.44 3.31 3.31 3.31 2.96 2.96 8.72 3.36 3.41 3.41 2.24 3.41 2.24 13.9 5.48 2.24 3.36 6.25 13.9 6.25 2.93 3.47 3.41 3.50 11.8 3.09 3.31 3.41 3.16 3.31 2.96 3.06 3.31 3.41 3.41 3.41 3.00 2.96 12.0 3.19 3.26 2.96 3.31 3.42 2.70 3.19 3.31 3.41 2.54 2.89 2.96 3.41 8.72 8.72 8.72 8.72
13.3 9.62 2.43 3.36 3.41 3.31 3.42 12.5 11.0 10.1 5.37 5.31 8.74 8.87 26.9 6.25 3.31 8.52 8.72 2.96 3.41 8.73 23.3 9.77 9.00 2.65 8.73 2.24 8.11 3.41 3.41 3.36 3.31 3.31 3.31 2.24 3.41 3.41 8.72 8.72 3.41 2.24 11.4 3.34 16.7 13.4 6.61 12.9 36.0 13.8 6.25 2.97 2.96 3.41 3.31 8.72 9.56 2.64 3.41 11.1 3.52 3.41 3.41 11.8 11.2 3.18 10.5 3.36 2.89 2.96 3.41 12.2 2.96 8.31 3.36 8.72 3.63 3.41 3.41 3.41 8.72 8.72 3.41 9.03
13.2 2.52 2.24 3.36 3.31 3.31 3.36 7.52 5.99 6.00 8.73 2.24 5.99 7.90 6.48 6.25 3.31 8.52 8.72 3.41 2.92 45.5 3.36 3.36 2.43 2.67 3.41 3.47 2.96 3.41 2.24 3.46 3.60 3.60 3.41 2.24 3.47 12.4 3.01 2.50 2.24 6.25 7.52 5.39 6.25 7.66 8.14 6.25 11.8 16.5 53.5 6.25 3.16 3.22 3.31 3.41 3.53 2.96 10.9 3.41 8.73 3.41 3.41 11.7 2.96 2.96 3.27 3.44 3.41 3.41 3.16 3.18 2.70 2.24 2.24 3.41 3.41 3.31 8.72 8.95 11.0 3.41 3.53 8.89
2.37 3.31 3.31 3.36 3.43 12.5 40.7 10.7 6.21 9.11 6.25 6.25 9.58 7.25 8.02 18.5 3.31 8.52 3.41 10.5 3.55 2.67 8.50 3.36 3.41 5.65 11.4 2.24 2.96 3.36 3.53 13.3 11.7 11.0 10.1 3.36 3.41 9.15 2.89 2.96 2.96 3.07 82.9 5.40 6.25 2.24 8.31 2.96 10.4 6.25 3.36 45.1 3.34 2.89 3.41 3.41 3.41 3.59 3.17 9.42 3.31 7.39 8.31 3.48 3.31 10.8 3.28 3.41 3.41 3.41 11.0 3.17 2.24 2.96 2.96 2.96 3.41 8.72 3.41 8.73 8.72 8.85 3.50 2.24
2.24 2.24 3.41 2.24 3.41 2.24 10.1 5.30 7.82 6.25 3.36 8.72 2.50 9.55 8.62 3.31 8.52 8.50 3.41 3.56 3.57 3.46 8.52 3.46 3.53 6.67 2.24 2.95 2.24 8.73 12.6 3.50 2.51 2.63 3.49 2.96 2.24 3.41 2.96 2.96 2.96 2.96 2.95 2.73 11.3 2.24 2.24 2.96 3.35 3.36 3.36 2.24 2.80 2.89 3.41 2.24 2.37 2.97 2.96 9.02 3.31 7.39 3.31 3.31 8.11 3.17 3.10 2.96 3.41 11.4 3.50 3.64 2.96 2.96 10.7 3.50 2.24 2.93 11.5 3.41 8.72 8.85 3.41 13.0
2.24 3.41 3.41 3.05 30.2 11.0 5.39 7.82 7.66 6.25 3.36 18.2 6.25 10.2 7.66 2.24 3.41 3.41 8.52 3.31 3.26 8.52 8.52 3.41 2.93 5.55 6.10 11.2 10.2 11.3 10.0 3.36 3.41 3.41 3.41 3.41 3.41 2.96 2.96 2.96 3.17 2.87 2.95 2.36 7.66 3.65 3.44 3.36 3.41 10.6 3.36 2.24 2.79 3.54 3.36 3.41 3.53 2.24 2.64 8.72 3.31 7.39 3.36 3.31 3.41 2.96 3.36 2.24 2.24 2.96 2.96 2.96 3.41 3.36 3.47 11.5 2.24 8.73 2.72 11.3 3.41 8.72 3.41 3.48
3.41 3.41 3.43 2.24 6.25 8.73 5.31 8.22 6.25 3.36 3.36 8.31 6.25 6.48 13.6 15.9 3.53 3.31 8.52 8.50 3.41 3.41 3.26 2.24 2.24 5.48 6.13 8.73 2.24 2.49 2.43 11.2 3.41 3.41 3.41 3.41 3.41 12.0 3.17 2.96 2.96 2.24 5.58 2.24 2.24 3.36 3.36 3.41 3.41 4.13 3.36 2.96 9.80 2.63 3.60 3.31 3.41 3.41 3.41 3.31 3.31 3.31 11.1 3.55 3.44 8.50 3.36 3.36 8.50 3.36 3.36 3.36 3.36 12.2 3.36 3.21 3.08 2.24 8.73 3.47 3.53 3.41 3.41 3.53
3.53 3.41 3.41 29.7 10.1 17.4 6.25 8.00 7.66 3.36 2.24 7.91 6.25 6.25 8.55 15.3 3.70 3.41 3.31 3.36 3.43 3.45 3.12 3.00 61.4 8.74 6.11 9.88 3.36 3.41 3.36 2.24 2.90 11.2 3.48 3.41 3.41 3.16 2.96 2.24 3.50 11.7 0. 6.25 2.24 2.24 3.36 3.41 1.13 0.586 0.586 12.9 10.8 3.53 11.2 2.64 3.41 3.53 12.5 3.48 3.31 3.41 3.41 12.6 11.7 3.21 2.96 3.36 11.8 3.36 10.7 3.54 3.36 2.24 2.88 3.11 3.49 3.75 3.36 3.41 3.13 3.41 3.41 3.41
3.31 3.04 2.93 3.53 28.3 7.66 6.25 6.25 9.90 3.36 6.25 3.41 3.41 2.93 21.7 6.25 3.50 3.33 3.31 3.41 3.36 3.36 3.52 2.24 10.2 9.31 6.20 8.76 10.3 3.48 3.41 3.53 3.53 9.63 3.53 3.41 3.41 2.96 2.24 12.3 83.3 6.25 11.9 9.52 18.1 13.5 3.50 1.41 11.7 0.586 3.36 3.32 2.86 10.3 3.41 2.64 0. 6.83 5.18 4.43 3.42 3.16 2.96 3.41 3.53 12.9 2.96 3.36 11.8 3.36 3.36 3.57 3.36 3.36 3.36 2.96 2.96 2.84 3.21 3.18 3.10 2.24 3.41 3.41
3.41 2.24 33.1 5.55 9.81 6.25 2.24 9.85 6.25 9.17 2.24 3.41 3.53 7.52 11.5 2.24 2.24 3.44 3.41 3.41 3.21 3.21 3.31 37.9 6.25 3.54 6.44 9.72 3.41 3.41 3.41 3.41 3.41 9.46 3.48 3.41 3.41 3.05 33.8 11.2 1.13 1.13 10.3 10.9 10.0 32.3 3.01 2.89 1.39 1.13 3.36 3.36 3.36 1.13 1.13 0.586 3.41 3.41 3.41 3.53 18.1 15.2 3.41 3.41 3.41 3.53 3.22 2.96 3.53 3.41 3.60 3.36 3.36 3.36 3.36 3.41 2.96 2.96 2.24 2.24 3.00 3.01 3.41 3.41
3.14 92.9 17.0 6.32 6.48 9.85 3.36 3.54 3.36 3.36 3.36 3.67 3.09 49.4 6.25 21.9 3.44 3.41 3.41 3.36 3.21 3.08 3.02 3.36 3.36 6.25 3.54 5.39 2.44 3.53 3.41 3.41 3.41 9.38 3.53 3.41 3.41 2.24 25.9 3.24 1.13 1.13 11.7 6.25 10.9 7.82 6.25 6.25 3.36 2.24 1.13 1.13 0.586 0.586 0.586 13.5 3.41 0.586 0.586 0.586 2.24 2.24 3.92 3.53 3.41 3.41 3.82 2.96 2.64 3.45 3.36 3.35 3.41 3.43 11.5 3.36 3.41 3.36 3.41 2.24 2.24 3.52 11.0 8.72
2.96 2.24 22.0 6.25 8.00 6.25 10.1 3.36 3.44 8.50 3.36 3.36 3.36 17.9 6.25 2.24 3.67 3.36 3.41 11.0 10.1 3.45 2.96 8.50 3.36 3.36 7.52 5.96 8.73 2.24 11.0 8.43 3.41 3.41 3.41 3.41 3.48 3.19 10.5 2.80 0.586 0.586 0.586 6.25 10.8 15.0 10.3 15.7 6.25 11.6 16.4 17.7 1.13 7.43 0.610 8.71 3.36 3.36 1.70 0.586 3.36 3.36 3.36 3.79 3.41 3.41 8.72 3.75 11.0 13.3 2.24 3.18 2.96 3.21 10.8 3.41 2.93 3.43 3.53 2.24 3.36 2.24 13.6 8.83
2.96 2.81 6.48 6.25 11.2 3.36 2.49 3.36 3.41 3.41 11.0 2.24 10.1 19.9 7.66 3.36 9.77 3.36 3.41 3.16 2.96 8.11 2.96 3.36 8.73 27.4 9.89 9.04 10.3 2.81 3.48 2.24 8.72 3.41 3.53 3.50 3.63 11.2 2.97 9.25 1.13 8.34 3.44 33.2 6.25 6.25 18.6 16.1 7.20 11.4 9.84 3.36 1.13 1.13 0.650 12.4 9.11 0.586 0.586 1.52 1.28 0.586 0.586 3.36 14.0 13.1 12.2 13.5 3.45 12.5 12.6 12.7 12.2 2.24 2.90 2.93 2.59 2.24 12.5 10.1 10.7 10.2 9.17 12.7
11.2 5.39 2.49 6.25 6.25 8.44 2.30 3.41 8.72 8.72 6.25 17.4 6.25 15.0 8.08 2.24 3.36 3.36 3.41 3.36 3.41 3.41 3.41 12.3 39.2 2.08 3.36 9.88 6.25 8.73 2.66 3.53 3.41 3.41 3.41 3.41 3.46 3.80 11.4 2.80 1.13 1.13 11.1 11.2 2.24 3.53 2.97 1.13 20.5 6.25 6.25 11.3 3.41 3.41 3.41 3.53 17.1 0.601 0.586 19.1 3.41 1.17 2.96 4.54 3.89 2.52 2.46 3.36 3.49 3.36 2.43 9.66 11.6 11.5 11.5 11.6 11.8 11.5 11.3 11.5 11.5 9.11 2.37 2.87
3.46 5.61 2.24 3.41 3.41 23.1 3.41 8.72 8.72 3.41 2.99 6.25 3.36 7.52 21.0 2.53 3.45 8.11 8.72 3.46 12.3 11.0 11.4 3.53 2.24 8.50 3.36 3.36 10.8 11.6 3.41 3.41 11.0 3.41 3.41 3.41 3.36 0.586 2.24 1.13 1.13 1.13 20.1 1.64 2.24 8.34 2.47 1.13 6.25 18.5 11.9 1.13 3.41 3.41 2.96 2.96 3.41 16.0 3.41 0.586 4.22 16.9 15.0 2.43 3.03 3.31 9.38 3.36 9.86 3.36 3.36 3.41 2.24 10.9 7.71 8.10 2.84 2.24 10.1 2.24 2.54 2.24 2.24 3.17
2.30 10.9 2.41 2.24 3.41 2.24 2.50 3.41 8.72 8.72 3.41 3.44 7.52 12.7 8.60 3.54 3.36 8.11 3.41 3.36 3.36 3.70 3.36 3.31 8.50 3.36 3.36 2.24 10.1 5.32 3.53 9.45 3.53 3.41 3.41 3.48 2.24 0.586 1.19 10.0 1.13 1.13 11.6 6.25 1.39 1.13 2.70 1.13 3.30 24.6 14.4 0.586 3.41 11.0 3.01 11.8 4.52 4.52 16.5 15.7 17.4 2.96 4.22 3.80 3.36 3.50 2.96 2.96 2.24 2.96 3.41 3.41 2.94 2.50 3.41 3.53 2.96 2.96 10.8 2.24 3.41 10.0 2.96 2.96
8.73 3.36 2.18 12.2 3.41 8.72 8.72 3.41 8.72 8.72 3.41 3.36 12.4 2.24 9.35 8.67 3.36 8.11 3.47 2.24 11.2 3.36 3.36 3.41 3.36 3.54 42.4 10.8 2.24 6.17 6.31 6.67 6.23 11.9 5.31 5.31 14.0 6.19 9.42 1.13 1.13 1.13 1.13 6.25 1.13 0.590 1.39 1.80 1.35 13.7 3.37 1.13 3.41 2.96 2.96 0.586 1.73 14.1 0.750 0.586 4.49 8.34 0.601 10.2 0.586 0.586 3.31 3.41 3.41 3.41 11.8 3.53 3.38 3.41 3.41 3.41 3.41 3.41 11.4 2.24 3.41 11.2 2.96 2.96
8.52 8.72 8.73 2.85 10.0 3.48 3.41 8.47 3.04 4.33 3.93 14.6 2.24 2.24 9.91 2.38 8.11 8.11 3.41 12.5 7.86 3.36 3.36 3.36 2.93 2.75 2.24 6.25 6.25 5.31 2.24 2.49 3.55 3.52 10.4 3.70 12.8 3.36 1.13 12.0 21.7 3.86 1.39 1.13 1.13 1.13 2.05 10.8 1.13 3.82 1.13 0.586 3.41 2.31 1.59 1.14 1.17 8.09 0.586 0.586 0.601 1.39 0.586 3.64 3.41 0.586 0.586 3.60 3.48 3.41 3.41 3.53 3.35 9.38 3.41 3.41 11.1 3.03 2.49 2.24 3.41 3.50 2.96 2.96
3.41 8.47 8.72 8.72 3.46 3.41 3.41 2.64 3.04 3.41 2.86 3.03 8.73 2.24 2.70 2.30 8.11 2.96 3.84 2.52 6.25 3.36 2.24 24.6 7.71 3.36 3.36 2.24 11.6 20.8 6.25 2.52 3.31 3.42 10.9 2.24 11.9 3.26 4.82 2.24 2.80 14.3 13.6 5.56 1.13 0.586 1.13 1.13 1.13 0.604 0.586 0.590 2.16 1.13 10.2 16.3 0.587 4.36 0.601 0.586 0.586 3.30 3.41 2.96 9.07 9.88 9.35 4.35 15.2 12.5 11.5 9.61 3.41 22.0 3.36 3.41 2.96 3.39 3.41 3.41 3.41 10.2 2.96 3.41
2.73 2.30 8.72 8.72 8.47 8.72 8.72 8.72 8.72 8.72 2.57 6.78 8.50 2.95 3.45 8.11 8.52 8.52 3.25 2.24 3.36 3.40 3.04 2.54 3.41 3.36 3.36 2.94 2.98 2.50 9.74 3.36 3.31 3.31 11.6 1.13 1.80 1.39 2.05 0. 1.13 0.586 0.586 0.586 0.586 0.586 0.586 0.586 1.13 0.586 1.13 1.13 3.41 3.55 12.4 1.13 4.13 3.39 7.75 0.586 13.0 9.76 3.41 2.96 2.96 2.96 10.6 3.45 3.43 3.41 3.53 9.38 3.41 3.01 0. 2.24 3.03 11.8 3.53 3.41 3.41 8.53 2.96 8.11
8.72 8.72 8.72 3.41 8.73 8.47 3.41 8.72 2.64 8.47 8.47 3.36 0. 8.11 8.11 8.11 8.11 9.19 2.64 2.24 3.34 2.24 2.55 2.37 3.41 3.44 12.3 6.25 9.95 2.96 22.5 0. 0.586 2.24 3.46 3.37 1.13 1.13 1.13 0.586 0.586 0.586 0.586 0.586 0.601 0.601 8.40 1.13 6.25 1.13 0.592 0.605 15.8 3.44 3.44 3.47 0.586 1.31 0.601 3.31 4.14 3.41 3.41 3.31 3.31 2.96 2.96 9.03 3.36 3.41 9.64 9.71 3.41 3.41 3.41 2.93 2.49 3.61 10.6 8.11 3.41 10.6 8.72 2.96
8.72 3.41 3.48 3.41 8.11 3.53 3.53 8.72 3.76 3.41 8.72 8.72 8.72 9.72 9.73 8.47 2.64 8.47 8.72 8.73 8.11 3.41 3.50 2.24 3.41 2.93 24.0 2.24 9.94 3.36 9.36 11.9 7.30 0.586 0.586 0.586 1.13 0.586 3.41 0.586 0.586 0.753 4.61 0.586 0.606 3.32 1.39 3.41 1.13 1.13 1.13 8.34 3.36 3.41 8.72 2.96 2.96 2.96 0.586 0.586 8.72 3.41 3.41 3.41 11.7 8.11 2.96 3.36 3.36 11.1 3.59 8.11 2.96 3.41 3.41 3.41 2.24 3.33 3.49 3.50 3.41 2.64 3.41 3.41
3.41 3.48 2.30 8.72 8.52 3.52 8.72 8.72 3.49 2.50 8.95 3.41 2.96 2.96 2.96 10.5 3.88 8.14 8.47 2.64 8.52 8.11 2.96 3.31 3.46 3.00 2.70 2.24 10.0 3.36 10.8 3.41 0.586 0.586 0.586 4.52 0.586 0.586 4.12 0.753 0.586 0.706 2.92 0.601 3.00 15.6 10.6 9.75 1.13 1.39 1.13 0.586 0.586 3.31 2.24 3.41 2.96 0.586 0.586 0.586 3.41 3.53 12.3 3.43 3.57 10.6 2.96 3.36 3.36 3.36 3.36 3.41 3.41 11.0 11.9 3.31 3.31 3.41 3.41 2.96 2.96 2.96 3.41 3.41
3.74 3.31 3.41 8.72 3.31 13.1 8.72 3.41 3.47 3.48 2.91 3.36 2.96 2.96 2.96 3.17 13.5 3.36 9.01 3.21 8.52 8.53 8.11 8.52 3.41 3.56 2.24 9.86 2.30 3.36 8.50 4.52 8.72 12.2 4.10 0.586 0.586 0.601 15.2 15.4 0.586 0.806 13.4 14.6 13.3 12.8 1.13 1.13 1.13 2.33 0.601 0.586 0.586 4.60 14.9 3.36 3.47 4.14 0.601 0.601 3.41 3.41 3.41 3.31 3.42 13.3 12.0 3.67 3.36 3.36 3.36 8.72 3.41 3.41 3.79 3.60 2.64 3.41 3.41 2.64 2.64 3.50 11.0 3.41
2.96 2.95 8.11 8.72 8.83 3.39 3.41 13.4 3.49 2.33 9.61 3.41 8.11 3.14 2.96 2.96 3.36 11.3 11.9 2.96 8.49 9.13 2.64 8.11 8.11 9.05 8.80 2.89 8.72 8.72 3.41 0.586 3.47 3.55 3.41 4.14 4.52 12.0 3.41 9.41 14.8 11.8 1.13 1.80 1.13 1.13 0.586 1.13 0.592 1.53 7.43 3.31 0.586 3.41 3.53 11.9 3.76 3.36 0.586 12.8 3.41 3.41 8.72 9.21 3.31 3.31 3.17 13.6 3.54 3.36 3.21 3.41 3.25 2.64 2.64 13.5 3.80 2.64 2.24 12.7 2.96 2.96 3.53 3.41
3.41 3.41 3.41 8.95 8.72 3.53 12.4 3.36 3.36 2.24 9.39 2.24 2.96 3.17 12.0 3.17 3.36 3.54 11.6 3.64 2.96 3.22 8.72 3.54 8.47 8.52 8.47 3.41 8.72 8.85 10.2 11.0 14.8 3.44 3.41 3.41 4.02 3.36 9.26 14.2 15.6 0.601 1.13 1.13 1.13 0.586 0.586 3.41 3.53 13.9 1.53 0.601 3.41 3.31 3.41 3.01 13.9 3.36 4.83 3.36 3.41 3.53 3.41 3.31 3.60 2.96 2.96 3.36 12.7 3.54 3.29 3.77 2.24 2.24 3.36 2.24 13.2 8.11 2.96 11.0 2.96 2.96 13.5 3.41
3.53 11.4 8.11 8.73 8.85 3.41 9.26 3.66 3.55 3.54 3.36 3.41 2.96 3.21 3.22 12.4 3.41 3.36 2.96 12.5 3.50 11.4 3.21 3.60 3.31 8.52 8.47 8.72 8.52 2.95 2.64 3.49 3.36 12.5 3.41 3.41 3.36 3.87 4.77 9.38 3.41 0.586 0.586 1.13 0.586 1.13 0.601 4.14 8.72 17.9 1.13 0.586 3.52 2.96 3.36 0. 21.4 14.0 16.3 3.36 3.05 2.96 2.96 2.96 3.17 3.52 12.3 11.2 2.96 11.9 13.1 13.1 2.37 2.24 3.21 2.96 2.96 11.3 11.1 9.44 2.96 2.96 3.17 12.1
3.62 3.41 8.11 8.73 3.36 12.7 2.24 2.24 3.55 3.54 3.36 3.41 2.96 2.96 3.17 3.15 12.9 3.36 2.96 3.31 12.9 2.95 8.11 8.72 3.46 8.72 8.47 9.95 3.31 8.47 8.47 8.52 3.36 3.66 3.41 3.41 3.44 3.36 18.0 7.75 0.601 0.586 0.586 4.22 0.586 1.13 0.592 13.7 14.5 1.13 1.13 0.586 4.16 3.47 3.36 3.36 3.36 3.54 14.1 3.54 3.30 3.47 3.17 2.96 2.96 10.8 3.19 2.96 3.41 2.96 9.08 11.6 11.5 8.11 11.7 2.96 3.41 3.20 3.54 2.24 2.96 2.96 3.17 12.1
12.4 3.36 2.96 3.42 11.6 9.59 3.31 3.36 3.54 3.36 3.36 3.44 2.96 2.96 2.96 2.96 3.47 11.9 2.96 3.36 11.9 8.86 9.65 3.48 3.48 8.11 8.72 3.41 11.9 2.64 3.31 3.31 3.41 3.58 3.53 3.41 3.36 4.21 9.85 3.42 3.31 3.31 4.14 23.7 0. 0.586 0.592 17.8 21.2 0. 0. 0.586 15.5 14.5 3.67 3.36 3.36 3.36 2.24 12.9 13.1 2.93 2.96 3.31 2.24 2.24 2.64 2.96 10.6 3.23 3.17 2.84 8.43 10.8 11.0 10.7 3.36 3.42 11.3 2.96 2.96 8.11 2.96 11.7
8.50 3.36 10.7 11.4 9.92 2.65 2.87 11.4 3.54 3.36 3.54 3.36 3.54 11.1 2.96 2.96 3.50 3.55 10.6 2.96 10.8 2.30 8.72 8.72 8.72 8.11 2.96 8.72 8.85 10.3 12.5 11.1 3.41 3.36 3.61 3.36 3.36 4.18 8.52 3.31 3.31 11.0 15.2 2.24 0.586 0.586 4.14 15.2 9.86 2.24 2.24 4.52 2.24 11.6 12.9 3.36 3.54 3.36 0. 5.55 12.3 2.37 2.24 3.37 2.64 2.96 2.96 2.96 2.96 2.96 2.96 3.41 3.41 3.48 3.45 3.60 10.7 3.57 9.26 2.24 2.96 10.6 2.96 12.4
9.21 10.7 11.6 9.97 3.36 3.36 3.36 3.54 3.36 3.36 3.67 3.54 3.36 3.52 3.47 3.36 3.36 3.36 3.22 11.1 3.44 3.41 3.41 3.41 3.41 3.36 8.11 10.9 3.40 8.72 3.41 3.27 3.97 8.50 3.68 3.36 3.54 16.5 3.41 3.41 3.41 4.00 3.51 4.61 0.586 3.41 4.12 15.1 3.36 2.96 8.72 8.72 8.72 3.41 3.66 3.60 3.56 3.54 3.36 3.31 16.6 3.41 2.64 4.08 12.8 2.24 10.6 2.95 8.73 3.41 3.41 8.72 3.41 3.41 3.41 3.53 3.51 13.9 3.41 3.31 3.41 10.9 3.36 10.9
3.36 9.78 9.63 2.64 3.47 9.61 3.43 8.50 3.36 3.36 3.54 13.3 8.50 3.36 13.3 3.36 3.36 3.36 3.36 3.61 8.72 8.94 12.1 3.54 3.45 3.36 8.11 8.72 8.72 8.50 3.36 2.24 3.47 13.3 13.7 10.7 15.1 3.36 3.41 3.53 3.41 14.1 9.11 3.36 0.586 3.41 4.04 2.24 3.36 3.41 3.41 2.24 10.1 10.0 9.05 2.24 8.73 14.1 3.31 3.31 12.3 3.36 3.36 13.7 3.07 2.24 3.36 11.8 2.93 3.53 3.41 3.53 3.31 3.41 3.41 3.41 3.41 12.4 11.1 3.41 3.41 3.53 3.36 3.45
3.43 2.64 2.52 3.31 3.48 3.36 2.24 2.24 3.36 3.36 3.54 3.83 11.6 3.36 12.2 3.36 3.41 3.59 3.31 13.9 2.64 2.14 8.73 8.52 3.31 3.36 8.11 3.34 3.36 2.66 10.9 12.0 3.47 3.41 3.41 14.2 9.38 3.41 3.41 11.8 3.54 9.48 9.77 3.36 2.64 4.46 3.54 2.59 12.4 3.41 3.41 8.52 3.36 3.54 2.25 3.31 3.63 2.96 3.53 3.75 12.2 3.36 3.36 11.9 2.37 2.24 2.24 2.24 2.37 12.5 11.5 8.52 12.4 3.36 11.5 10.9 9.82 9.38 11.5 11.7 11.5 11.8 11.4 12.2
3.36 2.24 3.31 3.31 3.41 3.41 3.41 3.54 3.36 3.36 3.54 3.55 3.56 3.36 3.43 3.36 3.41 3.36 3.13 11.9 3.41 3.41 8.72 3.57 3.53 3.41 8.72 8.83 3.46 3.58 3.31 3.36 3.41 3.36 2.93 3.06 13.7 2.96 2.64 3.54 8.08 2.24 3.41 3.36 3.41 3.53 15.3 2.37 2.24 2.24 2.08 8.50 8.50 3.36 9.66 3.41 3.41 3.41 3.41 3.36 13.2 3.36 3.43 3.07 2.24 2.96 3.31 2.24 10.1 3.41 3.40 3.47 11.9 3.30 11.3 3.36 9.20 3.41 9.46 3.57 8.77 3.47 3.41 11.1
3.41 3.41 3.44 3.26 3.41 3.41 3.53 3.31 3.41 2.96 2.96 3.47 2.94 3.77 3.74 2.96 3.41 3.16 3.11 9.93 2.61 3.44 3.63 3.41 8.72 3.41 8.72 8.11 3.36 3.48 3.36 3.36 10.7 3.36 6.25 3.44 14.1 3.41 3.41 14.6 2.24 3.36 3.36 3.36 3.36 3.54 14.4 2.24 3.36 8.50 8.72 8.50 8.73 8.47 8.47 3.41 3.44 3.54 3.52 3.58 12.7 12.8 10.8 3.36 3.50 11.1 3.41 3.31 3.31 3.63 3.41 3.53 9.38 3.41 9.44 3.36 9.79 3.41 9.38 3.57 9.44 2.24 3.41 2.44
3.53 12.4 3.31 3.41 3.41 2.96 3.55 12.6 3.41 3.21 2.96 3.36 3.36 3.43 3.76 2.96 3.41 3.53 12.5 2.24 3.41 3.41 3.41 3.41 3.41 3.53 8.72 8.50 8.50 8.50 8.50 8.50 8.73 8.50 2.63 2.24 7.66 676. 3.56 8.47 3.36 3.47 3.36 3.54 3.36 3.36 12.8 2.69 3.16 3.85 4.01 3.15 2.66 8.11 8.11 9.58 9.12 9.10 3.31 2.24 2.24 10.8 12.1 3.31 3.44 3.36 11.0 11.1 3.41 3.41 3.41 8.72 2.68 3.41 8.72 3.53 9.12 3.41 3.41 3.53 3.53 8.72 3.53 2.49
11.8 2.74 3.47 3.31 3.41 3.48 3.41 3.34 11.7 3.41 2.96 3.36 3.54 3.67 3.84 6.25 2.96 3.47 9.11 2.24 2.24 2.24 2.24 3.53 3.00 8.72 8.72 2.96 3.36 3.36 8.50 8.72 8.72 3.36 8.50 2.24 3.36 2.24 16.6 13.6 4.08 2.64 3.36 3.36 3.67 3.36 13.2 2.64 2.64 2.64 2.64 2.96 8.11 8.11 2.96 8.72 8.52 8.72 8.72 2.96 3.21 9.88 11.6 3.45 3.41 3.41 3.39 9.87 2.96 8.73 8.72 3.36 3.36 3.36 8.72 3.41 3.41 3.41 3.41 3.41 3.41 3.41 3.41 2.24
