share/VS_Project/swb/x64/Debug/output/MEAN_RECHARGE_1989_1990.asc
NCOLS        340
NROWS        316
XLLCORNER     528502.530
YLLCORNER     274871.653
CELLSIZE        100.000
NODATA_VALUE    -9999.000
[rows 114 to 151 of 316, columns 0 to 83 of 340]
8.73 8.72 8.85 8.72 6.03 2.91 6.25 8.84 8.75 8.74 9.11 2.45 6.25 6.25 8.73 3.47 2.29 8.81 3.36 6.25 6.25 8.73 6.25 6.25 6.25 6.25 7.52 6.25 7.82 7.52 6.25 6.25 6.25 2.24 9.75 3.33 8.97 8.11 8.57 8.11 8.11 8.33 8.11 8.33 5.39 8.11 6.08 6.59 6.36 3.11 3.46 3.11 9.05 8.50 10.7 12.2 2.28 6.25 8.50 8.50 3.36 10.7 8.87 8.73 8.50 7.52 8.77 3.36 3.36 10.7 8.79 8.50 8.50 8.73 11.3 8.50 8.93 8.37 19.1 8.73 8.50 3.36 10.0 7.14
8.83 8.73 8.72 8.72 8.72 3.41 28.5 10.6 6.53 6.53 2.24 2.08 2.24 7.52 9.19 2.24 6.25 8.73 9.03 2.24 8.16 8.73 8.11 7.81 8.98 7.52 7.55 8.74 8.73 8.74 7.52 7.52 2.28 3.47 3.49 9.02 8.50 8.11 8.11 8.33 8.11 8.11 8.11 8.12 8.82 8.12 5.17 6.18 5.99 8.72 8.74 3.74 3.17 3.34 10.1 3.36 6.25 7.52 2.24 8.73 7.90 9.48 3.43 2.24 2.53 3.36 10.7 10.7 8.50 9.84 8.29 8.50 8.73 9.15 9.12 2.30 6.25 6.25 2.24 8.50 3.36 2.84 30.3 7.68
8.83 8.95 8.72 8.72 8.72 8.50 9.26 7.37 8.87 8.50 8.50 8.50 3.36 11.5 2.24 7.52 6.25 8.74 8.73 8.51 6.44 8.73 2.24 6.25 8.74 8.56 8.65 8.65 8.48 8.64 8.11 8.72 8.72 8.83 3.42 10.0 8.50 8.11 8.11 8.12 8.73 7.52 8.73 8.47 8.11 8.73 8.75 8.72 8.72 8.73 8.83 9.06 3.34 3.37 10.7 3.47 2.96 7.52 11.2 6.25 8.75 10.8 3.36 3.36 10.4 8.72 9.46 9.65 9.29 8.67 8.63 9.16 9.66 2.41 6.25 6.25 6.67 7.89 2.08 8.50 8.50 9.48 9.86 9.12
8.72 8.72 8.72 8.72 8.89 8.89 19.7 6.25 8.73 8.50 8.50 8.80 3.36 17.5 7.89 8.73 8.73 10.7 7.86 8.41 8.73 2.24 2.53 8.73 9.38 9.26 8.51 8.62 8.92 8.11 8.78 8.14 8.11 8.11 8.11 3.26 9.71 8.74 8.36 9.11 2.24 6.25 8.74 9.46 3.07 6.25 8.73 8.73 8.87 8.99 8.33 8.11 8.57 2.96 3.43 3.19 3.36 2.24 8.73 2.30 8.50 9.54 10.7 3.43 3.53 3.41 3.48 8.33 8.11 8.73 9.88 8.55 10.0 8.73 9.70 2.24 7.98 2.24 8.50 8.50 8.50 3.36 2.08 7.14
8.72 8.72 8.72 8.72 8.72 8.82 9.17 2.36 6.25 7.52 8.50 8.50 8.87 8.55 8.73 8.50 8.50 8.73 8.73 9.11 8.73 8.50 3.36 11.8 2.28 2.24 6.25 2.24 2.96 10.6 8.33 8.89 8.11 8.67 8.74 3.07 2.70 3.19 9.08 8.31 2.24 6.25 7.82 8.51 8.74 2.24 3.36 10.7 9.68 9.58 8.11 8.46 8.11 8.33 8.11 2.89 3.41 10.1 8.87 10.2 9.24 9.64 3.23 3.28 3.24 3.15 8.63 8.53 2.37 2.24 3.36 8.87 2.82 8.73 8.75 2.49 6.25 11.7 11.0 3.36 8.50 8.50 2.24 6.23
8.72 8.72 8.89 8.72 8.90 8.77 8.69 8.50 8.80 8.80 8.72 8.50 8.87 8.50 8.50 6.23 6.23 8.50 8.87 8.87 8.73 8.50 8.67 6.25 6.25 7.52 7.52 6.25 8.50 8.87 9.29 9.32 8.94 8.82 8.80 8.87 8.11 3.04 8.73 9.11 2.25 6.25 6.25 6.25 6.25 2.24 3.41 10.6 8.33 9.40 8.47 8.33 8.11 8.33 2.71 3.42 2.96 2.96 3.02 3.17 2.87 2.96 3.05 2.22 8.12 8.38 3.36 7.52 7.06 6.25 7.52 8.50 2.55 6.25 7.86 6.25 3.54 3.36 3.31 3.31 3.36 5.51 10.8 10.3
8.85 8.72 8.85 8.95 8.78 8.73 8.50 8.52 8.73 10.3 8.50 8.72 8.85 8.50 8.50 8.50 20.5 8.50 8.50 8.50 2.24 8.50 8.50 8.50 8.73 7.52 7.55 8.73 8.86 8.88 8.44 8.33 8.11 8.33 3.03 3.25 10.8 3.16 8.73 7.82 7.92 7.82 6.25 6.25 6.48 8.12 9.61 8.11 8.33 8.80 8.34 8.11 8.11 3.18 3.65 3.44 3.22 3.13 11.3 8.12 8.73 9.11 2.37 6.48 8.73 8.51 9.32 2.24 7.52 8.25 8.73 3.36 9.74 7.89 6.25 3.36 8.50 8.50 8.50 8.50 8.50 3.41 5.63 6.40
8.72 8.82 9.00 8.73 8.73 9.16 8.75 8.73 8.73 8.72 8.72 8.72 8.50 15.1 6.25 2.24 8.50 15.9 8.42 11.3 11.8 13.2 11.3 11.3 12.1 7.52 7.52 8.73 8.49 8.64 8.11 8.11 8.33 8.11 3.24 3.40 3.26 2.24 6.25 6.25 7.52 6.25 7.52 6.25 6.25 8.12 8.34 8.11 8.60 8.12 8.12 8.11 8.33 3.15 3.36 2.82 8.39 9.59 8.12 8.74 6.25 2.24 2.24 6.25 6.25 8.50 9.31 2.30 7.66 6.25 2.08 2.24 2.58 2.24 8.50 8.50 2.24 2.53 3.36 3.36 3.40 8.72 6.23 3.36
8.50 8.82 8.73 8.72 8.73 8.76 8.73 7.52 8.72 8.72 8.52 8.52 9.04 9.75 7.52 11.6 8.73 8.50 15.9 8.73 8.87 8.50 7.75 6.70 8.72 8.73 7.52 7.52 8.73 8.73 8.73 8.11 8.11 3.03 3.18 11.6 8.11 3.43 3.36 7.52 7.52 7.52 7.55 7.82 6.25 8.74 8.64 8.69 8.72 8.73 8.73 8.73 8.48 3.22 9.05 8.56 3.47 3.03 8.92 8.74 3.36 6.25 6.70 6.25 6.25 8.12 8.75 7.66 6.53 2.24 8.50 3.41 3.36 8.50 8.50 3.36 2.24 24.7 2.24 3.36 5.71 3.36 3.36 6.23
8.74 7.52 9.94 8.72 8.73 8.54 8.73 7.52 8.72 9.19 8.73 8.50 7.52 14.7 7.52 10.5 7.52 7.52 7.90 8.75 8.73 9.20 9.18 8.72 8.92 8.73 7.52 7.52 7.52 8.73 8.75 8.49 8.78 3.55 3.54 9.01 8.11 8.72 8.50 8.73 8.73 8.50 8.53 7.52 6.25 8.74 8.73 8.94 8.73 6.25 2.24 9.44 9.51 3.20 3.12 9.05 2.24 2.68 2.68 8.35 8.13 8.75 6.25 6.25 6.25 7.82 6.70 6.25 2.24 8.50 2.24 3.41 8.50 3.36 2.53 2.24 15.4 12.5 11.2 11.9 11.5 9.13 6.14 6.23
8.79 8.73 9.25 8.50 8.73 8.95 8.67 8.73 8.72 8.97 7.52 7.52 9.30 7.78 7.64 8.08 2.24 7.52 8.73 8.73 5.31 3.36 8.73 9.06 8.99 8.73 7.52 7.52 5.20 5.20 8.73 8.48 8.62 3.41 8.33 8.11 8.11 8.85 8.91 8.50 8.87 9.20 8.74 6.25 6.48 7.82 7.52 9.17 8.72 6.25 8.74 8.53 8.73 8.73 3.43 10.1 3.05 3.02 3.05 8.80 8.31 2.24 6.25 6.25 6.25 6.25 6.25 6.25 3.41 2.24 19.0 8.72 3.41 2.53 2.85 7.52 13.6 11.8 43.0 7.14 8.73 6.23 6.23 6.23
8.79 8.73 8.52 8.55 8.73 8.72 8.72 8.72 8.73 8.90 8.80 8.73 7.52 8.73 8.75 8.73 7.52 7.52 7.52 8.50 8.50 3.36 6.23 8.50 9.13 8.99 8.73 7.52 5.20 8.69 8.52 8.52 8.81 8.14 8.36 8.44 10.1 8.92 9.02 8.64 9.00 9.11 2.24 6.25 6.25 6.25 6.25 8.76 2.24 6.25 8.73 9.56 2.24 2.24 8.74 3.63 3.36 3.36 3.18 3.08 8.52 8.50 3.36 3.36 6.25 6.25 6.25 6.25 6.25 23.0 2.24 8.50 3.36 13.8 13.5 25.0 6.64 8.73 8.50 3.36 6.23 6.11 5.54 6.23
8.95 9.08 8.85 8.72 6.25 2.24 8.73 8.73 8.72 8.72 8.87 8.86 8.77 8.72 8.95 8.89 8.73 8.73 7.52 7.52 11.0 11.5 8.50 3.36 8.50 8.95 8.72 8.72 8.62 8.83 8.81 8.52 8.81 9.18 9.24 9.24 2.96 8.85 8.72 8.74 8.95 9.15 2.29 2.24 6.25 6.25 6.25 7.52 6.25 6.25 8.16 2.25 6.25 6.25 6.25 8.50 8.50 9.02 8.46 3.08 3.22 2.92 10.7 10.7 2.29 7.82 6.25 6.25 9.28 6.53 8.50 3.36 2.53 11.5 11.1 7.89 6.25 8.59 9.03 3.36 6.23 6.11 10.4 6.29
8.72 8.72 8.82 8.74 6.25 7.52 11.6 13.2 8.72 8.73 8.72 8.50 8.95 9.01 8.90 8.90 8.98 8.72 7.52 7.52 7.52 8.50 9.47 8.50 8.50 8.72 8.92 8.89 9.17 8.84 9.14 8.52 9.15 8.91 9.06 8.11 9.12 8.52 8.73 8.73 8.74 8.89 9.61 3.57 3.41 7.10 6.25 6.25 7.52 6.25 8.80 8.77 6.25 6.25 6.25 8.73 8.86 8.16 8.52 8.33 2.61 3.08 3.21 9.03 10.2 2.29 6.25 8.13 6.48 6.25 3.36 6.25 11.3 9.43 6.48 7.52 10.6 2.14 8.73 8.50 8.50 6.23 8.73 5.52
8.50 8.50 8.87 8.52 8.73 7.52 7.73 8.71 8.73 8.73 8.72 8.72 8.72 8.73 8.73 8.73 8.94 8.72 8.73 7.52 7.52 7.52 8.50 9.21 9.02 8.72 8.85 8.96 9.05 8.67 8.66 8.93 3.49 11.1 9.48 9.30 8.80 9.32 2.24 6.25 6.25 8.73 8.91 8.73 8.74 6.48 6.92 6.25 6.25 9.54 8.75 8.73 6.25 6.25 6.70 8.73 8.84 8.89 8.12 8.11 8.87 2.14 3.59 3.65 9.17 10.3 8.53 8.75 6.25 6.25 3.43 8.51 10.0 2.27 7.66 6.25 3.36 3.36 3.36 10.7 10.0 6.23 9.97 95.1
8.69 8.87 8.73 8.50 8.72 11.5 7.62 7.75 13.2 8.72 8.95 8.72 8.72 8.72 8.72 8.73 8.73 8.92 8.97 7.52 7.52 8.73 8.50 8.50 8.20 8.83 9.19 9.68 8.75 8.11 8.11 9.01 3.39 8.50 9.20 9.07 9.05 9.08 9.11 2.24 6.25 7.52 9.37 2.24 6.25 6.25 6.28 6.25 6.94 2.52 6.25 6.25 6.25 6.25 2.24 10.1 9.35 8.73 8.74 8.52 8.73 3.36 3.36 3.31 3.27 8.98 9.26 2.24 6.25 3.36 11.7 9.81 2.37 6.25 6.25 2.24 3.36 8.50 3.36 11.5 24.5 2.24 9.97 7.18
9.01 8.51 6.25 8.50 8.72 7.52 7.52 7.52 8.73 3.41 8.88 8.73 8.95 8.95 8.95 8.50 8.73 8.85 8.95 8.50 8.50 8.85 9.00 8.95 8.52 8.52 8.76 8.47 8.73 8.50 8.76 3.36 6.37 9.05 8.89 8.11 8.73 8.73 8.31 2.29 6.25 6.25 8.75 2.20 7.82 6.25 7.52 7.52 6.25 6.25 3.31 3.31 13.8 6.96 8.75 8.92 9.27 2.24 6.25 8.74 8.50 8.52 3.28 3.36 3.22 3.17 9.36 3.36 3.36 10.9 8.53 7.66 6.25 2.24 3.36 3.36 15.3 2.24 2.24 6.25 6.48 11.9 25.9 7.14
8.93 8.75 8.83 8.50 8.72 11.2 7.71 7.65 8.75 8.75 11.0 9.51 9.24 8.91 8.87 8.76 8.72 8.72 8.98 8.96 8.98 8.95 8.52 8.52 8.75 8.73 8.73 8.73 8.50 8.80 8.88 3.64 5.48 9.05 8.80 8.50 7.52 7.52 7.52 7.82 6.25 6.25 6.25 9.73 6.28 7.52 6.25 7.52 6.25 8.72 8.73 2.24 6.25 6.25 8.73 8.91 8.75 6.25 6.25 2.24 9.44 9.27 8.52 3.31 3.43 3.33 3.28 8.72 10.7 8.52 5.23 6.25 2.24 3.36 2.24 25.1 6.25 6.25 17.5 6.25 2.24 10.3 5.30 6.23
8.77 8.75 8.73 8.72 8.72 7.52 7.52 7.52 8.73 8.50 8.50 8.73 8.73 8.73 8.99 8.97 8.99 8.97 8.74 8.52 8.80 8.52 8.87 8.73 8.73 7.52 8.73 8.73 8.50 8.76 3.38 3.17 5.48 9.03 8.52 8.73 7.52 7.52 7.52 7.52 7.52 7.52 7.52 3.41 8.73 2.24 8.74 6.28 6.25 2.50 7.52 14.5 2.24 3.41 11.0 8.75 6.25 6.25 6.25 8.73 8.14 9.67 8.50 8.57 3.34 3.38 3.28 9.81 8.95 0.675 6.25 6.25 2.24 2.24 13.5 11.9 6.25 6.48 6.25 2.28 8.72 6.08 5.31 6.23
8.75 8.73 8.72 8.72 8.89 8.73 7.52 7.52 8.73 8.73 8.73 8.73 8.73 8.91 8.75 8.73 8.75 8.50 8.73 8.73 8.53 8.75 8.73 8.50 8.73 8.73 8.73 8.50 8.64 9.13 3.29 3.34 5.48 9.18 8.52 3.31 3.41 3.41 3.41 3.36 6.30 6.25 8.73 8.73 8.73 8.73 16.8 6.49 6.25 3.47 2.24 8.72 3.47 11.4 8.73 6.48 6.25 6.25 8.12 8.73 8.98 2.24 8.73 8.87 3.34 3.16 3.28 9.03 3.36 6.25 6.25 6.25 6.25 11.2 10.1 2.24 6.25 6.25 6.54 8.73 10.7 5.31 8.73 8.73
8.50 2.24 8.83 8.72 8.85 8.95 8.73 8.81 8.93 24.2 8.75 8.76 8.75 8.89 8.73 8.73 8.82 7.55 7.52 7.52 7.65 8.83 8.50 8.50 8.83 8.82 8.51 8.59 8.71 5.36 6.30 5.50 5.45 9.32 11.1 10.9 8.91 11.0 11.0 10.7 8.51 3.36 3.36 11.9 7.54 8.72 3.41 14.7 2.47 11.9 10.6 9.94 9.80 9.82 2.22 6.48 6.25 6.25 6.25 2.29 3.46 2.24 6.25 8.74 3.34 3.44 3.23 3.22 3.41 6.25 2.24 2.29 2.29 8.50 10.2 2.24 2.29 8.74 8.73 9.68 5.99 5.99 8.75 9.51
9.11 10.2 8.83 8.72 8.72 8.50 8.95 8.52 8.74 7.52 7.52 8.09 7.52 8.95 8.50 8.68 8.73 7.52 7.52 7.86 7.86 7.86 8.69 8.50 8.73 9.11 8.74 2.24 2.24 5.56 6.10 5.51 5.45 9.05 8.74 9.03 8.52 8.90 8.79 9.07 10.7 10.8 2.24 6.25 6.25 8.73 8.72 2.24 6.25 9.09 5.27 2.24 10.1 9.57 2.29 6.25 6.25 6.25 2.29 10.6 2.24 2.24 6.25 8.74 3.34 3.25 3.17 3.12 3.41 0.675 1.30 10.2 10.3 8.98 9.47 10.2 10.3 9.73 3.56 3.43 3.44 8.89 9.11 9.74
8.52 9.65 3.36 8.80 8.50 8.73 7.92 8.73 6.25 6.25 6.48 8.41 7.52 8.72 8.72 8.92 7.52 7.52 7.52 8.73 8.73 8.73 8.50 8.50 2.24 6.25 6.25 6.25 8.73 6.03 5.42 5.48 5.32 3.34 6.25 2.24 8.74 9.26 8.74 8.50 9.48 9.26 2.24 2.24 8.73 8.72 8.72 8.95 2.80 5.31 5.31 6.23 9.95 9.41 2.37 7.87 6.25 6.25 7.82 2.76 2.24 3.36 3.36 6.25 9.06 3.17 3.34 3.34 3.30 3.21 3.46 3.04 8.12 8.51 8.74 2.29 2.29 2.29 8.73 9.15 5.31 5.31 5.99 3.41
8.73 2.14 2.65 2.14 8.73 8.73 7.82 7.52 6.25 6.48 7.24 7.96 7.52 8.50 9.30 8.73 8.73 7.52 7.59 7.52 7.52 8.73 8.73 2.24 6.25 6.25 6.25 2.29 10.2 9.19 6.18 5.51 5.45 2.77 2.24 6.25 6.25 2.24 6.25 3.41 9.32 9.04 10.4 3.43 2.51 8.50 8.72 3.36 3.42 8.50 6.23 2.24 10.1 7.66 7.71 2.24 2.24 6.25 2.80 2.24 2.24 6.25 3.43 12.0 10.4 3.17 3.25 3.11 3.27 3.34 3.34 2.24 6.25 6.25 6.25 6.25 6.25 6.25 6.44 2.18 7.42 7.14 8.35 7.86
8.73 8.72 2.28 6.48 6.25 6.70 6.25 6.25 6.51 7.00 6.48 6.28 8.12 6.25 2.24 8.50 8.50 7.52 7.52 7.64 8.73 10.3 10.3 6.25 11.6 6.25 6.25 6.48 8.73 6.03 6.30 5.45 9.05 8.77 9.13 2.25 9.98 6.23 2.24 10.3 2.24 9.26 9.35 2.24 8.73 8.50 8.50 8.72 6.23 6.23 2.97 24.6 7.32 6.25 2.24 3.41 3.41 2.80 2.24 2.24 2.24 2.38 11.1 9.94 8.72 8.85 3.17 3.17 3.20 2.24 2.24 2.24 6.25 6.25 6.25 6.25 6.25 2.24 8.73 7.52 7.14 6.25 2.24 8.73
8.73 8.72 11.3 7.04 6.99 6.51 6.25 7.52 6.30 6.28 6.25 7.52 6.25 6.25 2.24 8.87 8.73 9.30 7.52 8.73 8.89 8.72 8.73 6.25 8.66 6.25 6.25 8.74 8.48 6.16 6.08 5.32 3.34 7.52 6.25 6.81 8.73 6.23 9.00 8.87 2.24 2.24 10.4 2.14 8.73 8.50 8.72 8.72 8.50 8.50 5.31 12.9 8.23 7.27 7.71 3.41 3.41 3.53 2.24 2.37 17.3 6.25 9.92 2.24 2.24 10.1 3.12 3.02 3.21 3.51 3.46 3.36 3.36 6.25 6.25 6.70 2.29 11.2 6.25 6.25 5.31 6.23 6.23 6.23
9.14 7.52 6.70 6.70 6.25 6.28 7.52 7.52 7.52 7.52 7.52 7.52 7.55 7.86 8.50 21.4 11.0 7.84 8.07 7.86 7.86 8.96 8.88 8.94 8.72 8.51 3.36 10.7 3.41 6.27 5.48 5.25 3.36 3.36 6.25 6.25 5.31 6.23 8.50 8.50 8.73 2.72 8.40 8.30 8.81 8.72 8.72 8.83 2.72 3.43 11.8 33.6 6.25 10.3 8.21 2.43 3.36 3.41 8.72 3.41 6.25 14.3 6.48 6.25 6.25 8.73 3.41 3.11 3.34 3.17 3.28 10.7 10.7 3.36 3.36 8.51 10.3 7.99 2.29 3.36 5.31 6.16 6.23 3.46
2.24 7.66 6.70 6.25 6.25 7.52 7.52 7.52 7.52 7.52 7.55 7.52 6.25 6.25 2.33 8.75 7.55 7.86 8.87 8.73 8.73 7.52 8.73 8.87 9.00 8.97 8.90 3.40 3.53 3.35 5.75 4.98 8.50 3.43 2.96 6.25 7.52 7.14 5.27 5.31 8.73 8.73 2.24 2.30 8.95 8.73 8.72 8.93 6.25 6.25 8.15 6.48 7.89 6.25 13.0 3.36 3.41 3.41 3.44 2.94 2.90 10.5 6.25 6.25 6.48 8.73 8.86 3.17 3.00 2.68 3.34 3.17 3.28 10.7 10.7 9.52 3.36 6.25 2.24 13.5 5.31 6.31 3.36 6.16
8.73 8.50 3.36 8.73 6.25 6.25 7.52 7.59 7.68 7.52 7.56 7.52 7.90 7.52 8.73 8.73 7.52 8.73 8.50 8.80 8.83 13.9 7.52 8.50 8.72 8.72 8.72 3.41 3.41 3.33 5.48 5.45 11.7 9.04 10.8 2.24 6.34 12.5 8.73 8.50 8.50 8.72 8.50 8.50 8.50 8.72 8.74 9.11 8.73 9.20 7.82 6.25 7.52 2.24 3.36 3.60 8.50 3.36 3.41 3.41 2.24 3.36 3.36 2.24 6.25 8.73 8.86 3.28 3.10 3.34 8.74 6.48 9.74 3.16 3.11 8.72 3.41 3.36 2.24 6.07 2.82 11.0 11.7 6.41
8.73 6.25 2.24 7.52 9.05 6.48 7.52 7.52 7.55 7.73 7.52 7.52 7.63 7.55 7.52 8.73 8.72 8.50 8.50 8.80 8.75 8.73 7.89 7.89 7.52 7.52 8.72 3.41 3.48 3.30 5.12 5.48 0.686 5.31 9.04 9.60 3.48 2.72 7.90 6.25 8.50 2.58 3.40 8.73 8.50 8.72 8.73 2.24 6.48 8.18 7.52 6.25 3.36 3.36 3.36 3.36 3.36 3.36 3.54 3.41 3.41 3.36 2.24 6.25 3.47 8.72 3.17 3.28 3.24 2.24 6.25 6.25 6.25 8.08 3.41 3.34 10.4 10.7 9.97 11.1 10.6 5.34 0.844 6.23
9.45 10.1 8.50 2.24 2.44 2.63 7.55 7.52 7.52 7.66 7.52 7.52 7.55 8.03 8.73 8.73 8.88 8.80 8.50 8.50 8.73 8.50 8.50 8.50 8.50 9.26 8.72 3.41 3.53 3.32 5.12 5.45 6.25 6.25 7.52 8.74 8.74 2.55 2.24 6.25 6.25 17.9 11.1 2.72 8.81 8.52 8.73 6.25 7.82 6.25 6.25 6.25 3.54 2.94 6.25 3.36 8.50 3.54 2.24 3.05 3.36 3.05 18.1 2.24 11.4 3.17 3.12 8.49 8.31 2.28 6.25 6.25 2.24 2.24 8.50 3.48 3.41 3.02 6.23 2.24 2.24 5.34 2.80 6.23
2.24 3.59 8.50 8.73 8.73 6.25 2.51 7.55 7.52 7.57 7.52 7.52 7.52 7.97 8.50 8.73 9.03 8.82 8.87 8.50 8.50 8.50 8.87 2.78 2.62 11.0 9.79 6.03 2.91 3.47 5.13 5.45 9.11 2.24 6.25 6.25 6.25 7.52 8.53 10.6 8.86 7.52 6.50 8.50 9.64 9.11 2.29 6.25 6.25 6.25 6.48 6.25 21.9 26.3 6.25 3.54 8.73 3.17 11.2 33.8 3.36 3.41 2.86 11.9 3.17 3.00 3.33 8.80 2.24 7.52 8.98 7.91 3.41 3.36 2.95 9.33 3.37 3.07 6.23 6.25 5.31 0.686 6.23 6.23
9.03 3.36 3.36 2.24 11.7 2.27 2.56 2.67 2.65 12.1 8.73 8.73 8.73 8.50 8.50 8.50 8.78 7.86 8.73 8.50 8.50 8.83 3.36 3.36 2.24 6.25 3.41 3.53 3.49 5.97 5.50 5.05 8.79 9.69 2.44 2.59 2.24 6.25 7.66 7.52 6.28 6.25 8.95 2.39 8.50 9.63 2.24 6.25 8.50 2.24 11.2 8.52 7.45 7.55 6.25 21.7 6.25 8.83 29.2 6.25 6.25 3.43 12.2 3.04 3.11 3.05 8.11 8.12 2.35 6.25 6.25 9.46 6.25 3.41 2.49 7.71 9.68 3.19 8.99 6.19 7.14 6.25 7.14 7.14
2.67 3.36 8.50 8.50 2.30 6.45 7.75 7.95 6.25 6.48 2.84 11.2 10.5 8.76 8.67 8.50 8.87 6.25 6.25 7.90 3.36 2.24 24.4 2.24 3.36 6.25 2.29 10.2 6.51 5.66 5.50 5.37 2.24 7.52 2.24 2.24 8.50 2.24 12.9 6.48 6.25 7.52 8.72 2.29 8.72 8.83 8.53 3.36 8.73 8.50 9.37 10.8 6.25 10.1 6.25 6.25 2.24 8.12 8.11 6.25 6.25 3.41 3.30 3.00 3.11 2.70 8.74 8.73 8.36 8.32 6.25 6.25 3.41 3.41 3.41 2.24 10.2 3.63 3.24 6.23 2.96 6.25 5.99 5.31
2.24 9.11 2.24 8.72 8.72 2.30 2.24 6.53 6.25 6.75 6.25 6.66 2.30 10.6 10.3 10.1 8.88 8.74 8.74 8.74 2.86 6.25 6.25 10.1 11.5 8.73 8.72 3.51 6.23 5.28 5.48 9.06 6.25 2.24 5.31 2.24 8.73 8.50 2.24 7.63 6.25 8.73 8.72 8.72 8.76 8.72 8.94 8.72 8.73 3.36 3.36 6.25 6.25 7.52 8.46 8.61 10.3 9.27 8.85 2.96 2.24 10.1 3.22 3.18 3.28 8.51 6.25 6.25 2.24 11.5 10.5 6.25 2.24 3.41 3.41 2.93 11.2 9.98 3.34 3.14 10.6 8.53 5.48 5.31
2.24 2.24 2.24 8.50 8.72 2.24 2.24 8.50 8.50 6.25 6.79 6.25 8.62 6.25 2.34 8.74 9.62 9.68 9.68 9.92 11.2 9.92 8.73 9.25 9.45 8.87 6.23 6.02 5.53 5.50 5.41 8.76 10.1 6.78 20.4 10.7 7.30 8.50 8.50 6.53 9.82 9.24 7.89 8.50 8.50 8.50 8.85 8.72 8.72 8.73 8.73 8.73 6.25 6.48 6.25 7.52 8.50 3.36 8.43 8.90 10.6 3.45 3.17 3.05 3.11 9.26 2.24 2.24 3.41 3.41 2.50 14.7 14.9 2.24 3.41 11.3 2.84 2.24 8.73 3.08 2.74 2.96 6.23 5.31
2.24 2.67 13.2 3.36 8.72 2.24 20.6 2.24 2.24 8.50 8.73 2.24 2.24 7.52 6.28 7.04 6.44 6.25 6.50 2.24 3.36 8.51 9.91 9.60 9.36 9.50 6.23 5.39 5.48 5.03 9.59 8.80 8.74 6.25 6.25 2.24 2.24 8.50 8.50 3.36 14.4 7.52 8.75 8.82 8.80 8.50 8.72 8.72 8.52 3.46 23.2 8.83 7.52 6.25 7.52 6.25 8.87 10.8 8.75 8.74 8.50 3.40 3.34 3.11 3.11 9.29 2.31 7.66 2.24 3.41 3.41 2.71 14.0 3.31 2.24 7.71 7.66 6.25 8.11 8.74 2.77 2.78 3.11 9.40
8.50 8.83 12.1 12.9 8.72 2.24 11.2 16.6 6.25 6.25 3.36 8.50 8.73 7.52 8.73 8.00 8.73 9.01 7.52 8.73 6.25 6.25 2.24 2.24 2.24 5.99 6.64 5.05 5.14 8.29 2.70 2.29 9.46 6.55 6.44 8.73 8.50 8.50 8.50 8.50 8.87 8.83 8.50 8.50 8.50 8.50 8.73 8.73 8.95 8.72 2.96 19.7 7.12 2.29 2.25 10.7 2.37 2.37 7.06 6.25 3.36 3.25 3.32 3.32 3.17 9.26 2.24 6.61 7.71 3.41 3.41 3.31 2.24 3.41 3.41 2.24 6.25 10.5 6.48 2.24 2.41 5.27 8.95 3.14
