share/VS_Project/swb/x64/Debug/output/MEAN_RECHARGE_1989_1990.asc
NCOLS        340
NROWS        316
XLLCORNER     528502.530
YLLCORNER     274871.653
CELLSIZE        100.000
NODATA_VALUE    -9999.000
[rows 152 to 189 of 316, columns 0 to 83 of 340]
8.50 8.52 10.7 8.83 6.25 6.25 6.25 6.48 8.08 13.5 7.52 8.73 8.91 6.25 3.36 8.50 8.50 8.94 8.50 8.73 8.83 6.25 3.41 3.41 6.30 5.46 5.48 5.01 3.04 2.78 6.25 6.25 2.51 2.29 6.25 7.52 8.83 8.80 8.50 8.50 8.50 9.00 8.50 8.50 8.76 8.87 12.1 10.3 6.25 8.97 2.96 6.25 6.70 8.59 9.40 6.83 2.24 2.24 6.23 2.24 2.62 10.9 3.17 3.17 3.23 9.26 2.25 6.25 2.24 2.24 3.41 3.41 3.41 3.41 3.41 3.41 2.93 6.25 7.52 8.75 7.52 5.31 5.31 5.31
8.75 8.73 7.52 10.1 7.82 6.25 6.25 6.25 7.50 7.05 8.73 8.73 8.90 6.48 6.25 8.50 8.50 8.50 8.50 7.52 6.51 7.04 11.0 6.27 5.59 5.48 5.84 9.35 9.07 6.28 6.25 8.73 2.72 8.76 6.28 14.1 7.52 9.00 8.50 8.50 8.50 8.50 8.50 8.50 8.72 8.81 8.73 2.19 6.25 15.4 6.25 6.25 6.25 2.24 2.42 5.99 5.99 5.99 5.15 5.99 2.24 10.1 3.41 3.17 3.12 3.27 9.40 2.37 6.25 18.4 6.25 2.24 3.00 16.3 3.41 2.24 2.64 19.4 7.90 8.73 7.52 5.31 12.7 7.14
8.75 8.73 10.4 7.67 55.2 7.82 6.48 6.25 6.25 2.32 2.24 8.72 8.95 20.4 6.25 8.80 8.50 8.50 8.50 6.25 6.25 6.25 3.41 5.70 5.54 5.51 9.05 2.70 6.44 6.25 7.52 8.50 8.73 8.00 9.28 6.28 14.8 7.52 8.73 8.80 8.50 8.50 8.50 8.72 8.76 8.78 10.2 8.50 2.24 5.31 3.41 3.41 5.99 5.99 5.31 5.99 6.19 2.85 6.02 2.24 3.41 11.0 9.62 3.34 3.24 3.18 3.17 8.73 8.77 6.25 6.48 13.0 41.2 18.7 9.72 3.41 6.25 7.87 8.48 7.55 7.14 8.73 7.60 7.14
8.73 7.86 7.59 7.52 7.55 8.11 8.20 2.24 6.25 13.6 2.24 6.25 6.25 11.3 6.25 9.52 7.90 8.73 2.56 6.25 6.25 6.25 2.29 6.30 5.19 5.51 5.34 2.24 2.24 8.73 8.73 8.50 8.50 3.36 8.00 12.0 6.28 8.83 7.14 12.6 8.73 8.76 8.90 8.72 8.73 8.73 10.1 9.49 3.43 3.45 3.44 3.41 5.48 5.48 5.31 5.31 5.31 2.93 2.96 2.24 10.1 9.58 8.11 8.74 2.26 3.44 3.19 3.11 8.11 8.76 6.81 6.25 2.24 2.96 2.96 3.41 2.24 8.08 7.90 7.52 7.52 9.74 7.84 7.14
8.73 7.52 7.52 7.52 7.52 7.82 8.04 10.1 9.14 10.1 8.74 6.25 6.25 7.26 6.25 2.32 8.76 6.25 14.1 6.48 2.24 2.29 10.2 5.71 5.48 5.51 5.46 10.2 6.25 2.24 12.0 2.24 2.24 8.50 3.36 2.43 10.8 7.34 6.25 9.08 8.73 8.79 8.72 8.83 8.73 8.72 8.50 8.80 3.36 12.6 3.50 3.44 2.89 2.89 2.82 2.82 2.24 5.15 11.4 10.9 10.1 8.56 2.24 6.25 8.73 2.25 3.45 2.77 3.10 8.12 6.25 6.25 6.25 2.24 2.24 2.24 2.24 6.25 7.52 7.52 3.36 9.03 8.00 7.14
8.73 6.25 7.52 7.52 6.25 6.25 7.52 7.52 7.52 7.59 9.24 2.29 2.24 8.75 8.73 10.4 9.31 8.73 8.75 8.74 10.1 8.72 8.50 5.33 5.45 5.48 5.30 6.23 7.52 12.9 6.25 6.25 11.6 8.73 8.50 3.36 3.36 9.99 12.5 11.1 2.72 8.50 8.50 8.73 8.79 8.72 8.50 8.50 8.50 3.36 11.7 6.80 12.8 10.8 6.17 6.17 6.10 11.3 10.1 8.74 8.74 9.23 6.25 7.14 6.25 2.29 2.67 2.24 3.11 9.06 6.76 6.48 6.25 15.6 2.24 2.24 11.2 6.25 6.25 6.25 3.36 9.26 6.25 7.52
8.87 8.72 8.73 8.84 7.52 7.52 7.52 7.52 7.52 7.52 8.72 10.3 3.47 11.4 9.84 8.73 8.75 9.03 3.03 3.36 3.02 3.68 3.38 3.29 9.07 5.05 5.44 5.39 6.11 8.50 3.36 6.48 9.01 9.73 8.87 8.50 8.50 3.36 8.69 3.36 8.50 8.50 8.50 9.26 8.84 8.50 8.50 8.50 5.23 3.53 6.23 6.23 5.31 11.3 11.6 8.73 8.73 8.73 9.20 8.73 6.25 6.23 6.23 5.31 10.8 8.74 3.42 3.39 2.82 4.83 8.73 6.25 7.25 6.25 6.25 15.6 9.37 7.52 6.48 6.25 2.24 2.24 3.36 23.5
8.91 8.72 8.72 8.75 18.2 8.36 7.80 7.55 7.52 7.52 8.72 8.61 8.72 8.73 7.55 7.52 7.52 8.75 8.12 3.55 3.45 3.34 3.34 8.28 8.28 9.05 5.45 5.78 6.23 8.50 10.8 2.30 6.25 7.52 7.52 7.52 8.50 8.50 8.50 8.50 8.50 7.52 10.8 25.5 8.83 8.50 8.50 8.69 6.11 5.99 5.99 6.23 10.1 9.69 9.06 7.52 7.14 5.31 9.57 8.73 9.33 6.23 5.99 5.99 5.31 5.31 6.19 6.13 5.00 5.29 3.34 8.75 6.25 6.25 3.41 9.41 6.25 6.25 7.23 20.0 3.36 3.36 3.36 3.36
8.98 8.72 8.72 3.36 6.44 7.82 7.58 7.69 8.75 8.87 8.92 8.73 7.52 7.52 7.52 7.52 8.73 8.73 8.50 8.80 3.10 2.69 9.05 8.73 7.52 8.73 9.07 2.65 3.23 3.50 8.50 8.73 6.25 6.28 6.63 7.90 8.73 8.50 8.50 8.83 16.0 7.55 8.31 8.73 8.73 8.50 8.50 8.80 6.11 6.12 6.23 10.4 9.69 8.73 5.15 5.31 6.20 6.07 8.34 6.23 7.79 6.23 5.99 6.45 5.27 5.99 9.93 5.71 5.27 5.00 3.34 5.37 8.77 11.3 8.12 6.25 6.25 6.25 6.25 6.25 2.86 9.77 3.36 3.36
8.82 8.95 8.72 8.73 6.25 7.82 7.82 7.82 8.74 8.73 8.73 7.52 7.52 8.73 10.3 7.77 7.55 7.52 7.52 3.36 3.25 5.45 8.73 7.52 7.52 7.52 9.11 8.57 3.01 3.29 2.68 8.88 8.75 6.81 6.25 6.25 10.8 8.73 8.50 8.73 10.3 8.50 6.77 8.87 8.50 8.50 8.50 8.50 6.23 8.50 10.7 8.52 8.95 5.15 5.15 5.49 7.52 8.73 9.07 5.27 7.14 5.31 5.31 5.31 10.9 10.5 8.11 5.51 5.27 5.26 5.34 5.37 2.16 5.53 8.31 2.24 6.25 6.48 8.76 8.23 7.66 2.24 3.36 3.36
9.15 8.86 8.67 8.50 6.25 6.25 6.25 6.25 7.86 7.52 8.72 7.90 7.52 8.50 9.80 7.52 7.52 7.52 8.73 3.36 3.29 5.47 8.76 8.62 2.24 2.24 8.73 8.75 3.06 3.11 3.00 8.52 8.73 6.25 6.25 7.24 6.53 8.50 8.50 8.50 7.52 8.12 6.53 8.73 8.50 8.69 8.94 8.93 8.85 9.99 8.80 5.89 5.31 9.23 6.23 6.23 7.14 8.95 7.14 7.79 5.31 5.31 7.14 7.14 6.23 9.95 5.65 5.34 5.31 5.37 5.12 4.96 5.18 3.27 2.68 8.73 9.44 8.57 6.25 2.24 3.36 3.36 3.36 3.36
2.24 8.81 8.50 8.50 8.50 6.25 6.25 6.25 7.52 8.73 8.73 8.87 8.73 9.20 7.52 8.73 8.73 7.52 8.73 3.60 3.34 8.52 5.31 6.25 2.24 2.24 10.1 9.58 9.28 3.34 3.18 3.43 2.29 6.25 2.27 8.74 6.25 8.50 8.87 8.73 10.7 7.82 6.25 8.50 8.50 8.50 8.50 8.50 8.80 8.74 8.50 5.30 5.30 6.23 6.23 6.23 7.14 5.31 7.48 7.14 5.31 5.31 11.9 7.14 5.31 9.72 5.86 5.31 8.73 2.24 8.74 5.05 2.86 5.32 3.34 9.11 2.29 6.25 2.24 3.36 3.36 3.36 3.54 3.36
8.73 9.11 8.50 8.50 8.72 8.76 11.0 6.25 8.73 8.50 8.50 8.50 8.50 8.11 8.11 8.73 7.52 8.87 3.61 3.36 9.05 6.25 6.25 6.71 6.25 6.25 2.31 2.24 2.24 10.1 2.57 3.05 3.28 10.1 9.26 2.24 2.24 13.8 2.24 8.73 10.0 8.74 2.29 6.25 2.24 8.50 8.80 8.82 8.98 8.53 8.97 6.23 6.23 6.23 5.31 6.19 25.7 6.81 7.14 7.14 5.99 13.9 12.2 5.31 5.99 6.14 6.25 5.32 9.26 2.24 6.25 8.74 2.24 5.45 5.86 5.45 6.48 6.25 6.25 13.5 13.5 3.63 3.36 2.94
2.24 11.3 11.3 8.73 8.82 2.24 2.24 11.5 8.73 3.40 2.24 8.73 8.73 8.73 8.73 9.04 8.75 9.06 3.36 9.04 8.74 6.25 6.25 6.26 6.70 6.70 6.70 6.70 7.52 8.86 8.76 5.43 5.59 3.41 3.19 3.36 3.43 6.25 6.25 7.52 8.87 6.25 2.24 7.52 2.37 8.50 8.50 8.73 9.03 5.31 9.06 5.31 5.31 5.31 2.24 5.48 19.8 7.14 5.31 7.14 5.31 7.14 7.14 7.26 9.72 5.74 5.56 8.54 8.74 6.25 6.25 6.25 8.74 2.72 5.51 5.34 2.29 6.25 11.1 9.93 40.2 2.24 3.36 2.79
8.72 6.70 6.70 7.52 7.56 8.75 2.80 2.81 2.73 12.1 10.2 8.50 8.76 7.52 7.52 8.79 10.3 8.87 8.52 8.73 8.52 9.57 2.24 2.24 7.81 8.72 6.70 7.52 8.87 8.75 8.73 10.1 3.34 3.34 6.23 8.11 11.2 3.46 3.43 3.36 7.82 6.25 7.52 18.1 2.53 8.50 8.50 8.50 9.99 6.23 7.79 14.6 2.24 3.36 6.45 30.9 7.14 6.23 6.23 12.0 7.14 6.25 7.14 5.99 5.35 5.74 5.19 8.74 8.78 6.48 6.25 6.25 8.47 8.73 5.39 6.11 8.74 8.74 6.25 2.24 3.41 3.41 13.5 2.89
8.72 7.52 6.70 6.70 6.70 7.52 8.73 8.73 3.36 3.41 3.53 8.72 8.86 8.72 8.72 3.46 2.96 8.96 8.51 6.25 6.25 6.48 12.3 2.24 11.3 7.52 8.62 8.72 8.73 8.73 7.52 8.73 3.27 5.34 6.32 9.87 8.50 8.73 8.73 8.73 7.60 8.73 8.84 13.2 7.90 10.1 6.23 6.23 9.01 5.31 5.31 7.37 2.80 6.23 5.31 6.23 6.23 6.23 6.23 20.1 5.31 6.23 7.14 8.72 5.35 5.35 10.4 6.25 7.77 8.77 2.24 7.71 6.25 8.74 5.44 5.45 8.73 6.25 3.41 3.41 3.41 3.41 2.93 45.1
8.85 7.55 7.52 7.52 6.70 6.70 8.72 2.50 2.41 10.9 12.0 8.72 8.72 9.02 3.47 3.23 2.96 8.52 9.26 7.82 6.25 6.25 6.25 11.3 8.50 9.26 7.75 7.52 7.55 7.52 7.52 8.73 9.05 5.51 5.39 6.11 8.50 7.52 7.86 7.89 7.52 8.34 7.52 7.55 8.59 7.06 6.23 6.23 8.73 7.14 7.14 7.14 6.23 5.31 7.14 5.31 6.23 5.49 6.23 5.31 9.72 6.23 6.11 6.00 5.70 10.2 8.74 6.25 10.8 6.25 3.41 3.41 2.24 2.37 5.74 5.45 9.39 3.44 13.8 2.24 2.24 3.53 11.9 2.30
8.86 7.56 8.73 7.55 7.52 7.52 6.25 8.74 8.73 8.87 8.88 10.6 10.4 8.72 8.14 8.30 8.11 8.73 2.24 7.46 6.48 6.25 6.70 11.3 8.50 9.26 8.21 7.52 7.52 7.52 7.52 8.73 8.87 5.34 5.48 8.52 8.73 7.52 8.73 8.50 8.73 8.73 8.55 7.52 7.55 7.70 7.64 7.14 7.14 7.14 7.14 7.14 7.14 14.3 17.7 7.14 5.31 25.2 5.99 6.06 10.7 9.97 10.0 6.19 5.74 8.74 2.43 6.25 2.24 2.61 3.41 3.41 3.44 3.50 12.2 5.83 5.45 8.52 6.25 6.25 3.49 11.9 2.42 5.31
8.72 8.79 20.4 7.56 7.55 7.55 8.73 8.50 8.73 8.87 8.88 8.68 8.11 11.3 6.70 12.9 8.52 8.73 6.25 6.25 7.19 6.25 8.73 11.3 8.73 11.2 7.89 8.73 2.24 7.52 8.73 8.77 6.25 2.30 5.48 9.10 8.50 7.14 5.31 8.50 8.50 8.50 8.73 8.73 7.52 7.52 8.05 7.52 7.14 7.14 8.02 7.14 7.14 7.14 7.52 7.99 12.2 8.73 8.85 8.97 8.52 8.73 8.50 6.49 5.37 8.73 6.25 3.36 3.36 2.24 3.36 3.36 3.36 2.86 11.1 3.34 3.28 5.45 8.86 8.73 11.8 2.24 6.23 5.99
8.50 8.73 10.3 7.86 7.52 7.56 8.85 8.73 8.91 8.89 8.53 8.73 11.3 6.70 6.70 8.80 8.12 8.73 6.70 6.70 7.49 10.3 3.36 8.50 8.87 7.90 8.73 8.50 8.73 14.5 8.87 7.52 6.25 8.73 5.48 6.25 8.75 8.73 14.0 10.1 8.80 8.50 8.50 8.73 7.52 7.52 7.14 8.50 8.73 10.1 7.23 7.26 7.14 7.14 7.42 7.59 7.52 7.52 8.97 8.86 8.73 5.31 9.72 6.26 8.74 8.15 11.6 3.36 3.41 3.36 3.36 2.94 2.24 3.47 11.4 5.52 3.28 3.17 5.33 3.47 2.47 6.23 6.23 5.31
2.53 2.24 7.52 7.52 7.63 11.8 7.52 8.73 8.73 8.87 9.05 8.73 6.70 6.70 6.70 6.71 8.77 8.73 6.70 6.70 6.25 8.13 2.24 11.3 7.52 8.73 8.50 8.50 7.52 7.38 7.52 8.50 2.24 10.1 5.39 6.21 6.23 8.73 7.55 7.52 7.52 8.73 8.80 7.52 10.5 7.63 7.52 8.50 5.32 15.4 7.56 7.93 7.46 8.55 7.52 7.52 7.14 7.14 6.23 2.80 6.23 9.97 3.41 5.19 8.74 6.25 6.25 3.36 3.41 3.59 3.36 13.5 26.1 8.76 6.16 2.24 9.06 3.34 5.65 5.45 9.11 2.24 2.24 10.3
2.46 6.25 6.25 6.25 7.52 7.55 8.72 8.87 8.72 8.48 8.73 11.3 6.70 6.70 6.71 6.71 8.77 5.20 6.71 6.70 6.70 6.55 6.25 6.70 6.70 6.70 6.70 8.42 9.64 7.52 8.72 2.24 6.25 6.25 6.23 6.34 5.96 8.50 8.73 7.52 10.4 7.52 7.52 10.7 7.52 7.52 7.89 8.50 5.31 9.08 7.52 7.52 8.54 7.52 7.14 7.52 7.14 8.17 9.00 6.23 6.11 3.42 6.49 11.6 6.25 6.25 2.43 3.36 2.24 2.81 59.9 6.25 8.14 8.51 8.73 7.14 6.25 9.69 5.45 5.90 3.07 2.24 10.3 9.11
2.24 27.3 7.98 7.78 7.37 8.75 8.76 8.81 8.76 2.47 8.73 6.70 6.70 6.70 6.71 6.71 9.15 8.73 6.70 6.70 6.70 6.70 6.48 6.25 6.70 6.71 6.71 7.56 7.52 7.52 8.72 9.39 13.4 6.83 8.74 3.36 5.96 8.91 9.54 3.47 2.22 7.52 7.52 6.40 7.55 7.55 7.52 8.50 6.23 8.73 11.1 8.96 8.55 5.31 8.73 10.3 9.09 9.08 6.23 6.23 9.95 3.48 6.46 9.40 6.78 17.6 2.24 3.36 3.41 8.73 2.72 15.4 8.35 8.51 6.25 7.14 5.15 7.06 6.23 5.64 8.37 9.18 8.73 6.25
8.73 7.99 6.29 6.54 6.54 6.48 6.25 6.48 8.15 2.24 7.07 6.71 6.70 6.70 6.70 6.71 8.73 5.26 6.72 6.71 6.71 6.70 6.70 6.71 6.70 6.71 6.71 6.71 7.52 8.72 5.28 6.45 6.44 6.25 6.25 8.51 6.15 5.31 9.11 8.74 9.30 2.41 2.24 8.74 7.80 7.52 9.59 8.73 8.72 2.24 7.21 13.5 5.31 8.50 3.36 6.25 12.5 6.23 2.43 6.33 10.6 6.17 9.11 2.24 2.43 7.89 2.24 2.86 3.36 3.41 2.24 6.25 8.16 8.75 12.4 5.15 6.23 2.62 10.4 5.48 5.57 8.48 8.11 3.20
8.75 7.55 7.82 6.48 6.48 6.25 6.25 6.25 9.54 8.73 6.70 8.73 11.3 11.3 2.24 2.37 5.52 6.71 6.70 6.70 6.71 6.71 6.70 6.70 6.70 6.70 6.70 6.70 11.3 8.72 5.32 8.72 8.73 3.36 13.5 8.53 5.27 8.73 2.24 6.25 6.25 6.79 7.90 6.25 7.86 8.28 7.52 9.01 8.72 8.72 5.99 2.52 3.36 8.50 8.87 5.43 6.23 3.36 5.32 5.31 9.72 6.08 8.74 6.25 3.36 8.50 3.36 3.52 3.53 3.43 3.45 12.5 11.2 6.25 6.25 2.96 5.15 2.14 11.7 5.48 5.20 6.05 3.30 2.24
8.73 7.52 6.25 6.25 6.25 6.25 6.48 6.25 2.46 8.73 7.32 8.74 8.73 8.72 3.41 2.93 5.56 6.70 6.70 6.70 6.70 6.70 6.70 6.70 6.70 6.70 6.70 11.3 8.72 8.72 8.72 8.72 8.50 8.50 7.90 8.52 5.27 9.11 2.24 7.52 8.50 8.73 7.52 8.73 8.73 6.25 9.18 8.91 6.25 3.41 8.72 3.41 3.36 8.72 6.48 6.23 6.23 8.50 8.50 2.53 6.09 6.18 8.75 7.66 3.36 3.36 3.36 11.1 6.23 12.7 7.14 5.99 10.0 6.25 5.15 5.15 8.73 5.31 12.0 5.45 5.39 3.39 3.07 2.14
8.73 7.52 6.25 2.24 6.25 6.25 6.25 2.35 10.2 8.75 11.3 8.72 8.72 8.72 2.50 3.47 6.12 11.3 11.3 11.3 11.3 6.71 6.70 6.71 6.71 6.70 6.70 7.82 8.89 8.72 8.72 8.73 2.58 8.50 6.25 9.73 5.31 9.40 2.47 7.02 7.86 8.79 8.73 8.50 8.73 8.80 7.52 10.8 16.3 3.40 8.72 8.72 8.72 9.46 3.36 3.36 8.72 8.72 3.36 2.24 2.37 5.52 8.74 8.39 22.6 3.36 3.36 3.36 3.52 7.55 7.14 5.99 10.0 12.9 12.6 7.14 5.99 2.85 19.9 8.12 6.16 6.14 3.47 2.43
2.24 15.1 6.48 2.37 6.25 6.48 3.41 11.3 8.73 8.73 8.99 9.92 8.50 8.72 8.73 11.5 11.3 7.08 8.73 11.9 11.3 11.3 7.52 6.71 6.71 6.70 6.70 11.3 8.86 8.73 11.2 6.25 9.10 15.8 3.41 9.17 5.31 7.55 7.52 2.08 6.25 2.24 8.74 8.86 8.50 8.82 8.50 8.87 9.72 9.39 8.69 8.50 8.72 3.41 8.72 8.72 8.95 8.50 15.2 6.25 3.41 5.63 7.52 6.25 3.36 3.36 3.36 5.31 17.0 7.52 7.14 7.26 8.99 5.31 7.77 7.14 8.72 5.32 6.81 7.52 8.72 6.03 5.99 6.13
2.08 6.25 9.45 8.26 16.1 7.69 8.97 6.54 8.56 2.24 8.73 8.73 8.52 9.15 8.95 6.08 6.70 6.70 6.70 11.3 8.87 8.52 8.73 6.70 6.70 6.70 6.70 11.3 8.85 8.92 21.9 7.76 7.52 6.25 2.29 5.48 5.31 6.25 7.52 8.50 8.73 8.50 8.73 8.52 8.82 8.73 8.50 8.50 3.41 3.41 8.50 3.41 3.41 8.72 8.72 3.36 21.6 14.5 10.4 7.07 8.82 5.31 6.25 6.25 3.36 3.36 3.36 2.94 11.1 7.14 5.31 2.82 10.8 5.31 7.14 7.14 8.72 5.31 5.31 14.1 8.77 8.72 8.50 8.76
8.50 8.50 7.52 7.52 6.78 6.25 6.25 6.48 7.03 7.87 2.24 11.3 6.70 11.3 11.3 6.17 7.52 6.70 6.70 6.70 6.71 6.70 11.3 6.71 6.71 6.70 6.70 7.81 8.72 8.72 7.52 7.52 7.52 7.52 2.24 5.40 8.74 6.25 7.52 7.52 8.89 7.55 7.52 8.73 8.73 8.50 8.50 8.50 8.73 8.72 8.72 8.72 3.05 2.24 8.73 2.24 3.41 2.24 6.25 6.25 9.47 8.73 10.5 15.2 6.25 3.54 3.36 3.54 7.52 7.14 3.41 11.3 6.23 7.67 7.06 6.23 8.72 6.17 10.1 9.05 8.73 8.83 8.87 6.11
8.50 2.24 7.52 7.52 7.07 6.25 6.25 6.48 7.14 6.25 6.70 6.70 6.71 7.03 8.72 9.04 8.50 7.52 6.70 6.70 6.70 6.70 6.70 11.3 6.71 6.71 6.70 7.81 8.86 8.84 8.85 6.25 6.25 3.41 10.5 6.07 8.73 2.24 6.25 15.2 7.55 7.52 7.52 6.25 7.52 7.52 10.8 7.52 8.72 5.30 6.23 3.36 12.0 11.9 8.83 2.24 8.73 8.73 2.24 3.47 5.67 6.25 6.25 7.66 25.0 7.66 3.36 3.36 2.24 11.2 10.1 7.14 6.28 7.54 6.53 8.50 6.04 5.44 5.31 5.99 8.72 2.46 10.4 5.62
8.73 10.6 12.1 6.56 6.28 7.52 6.25 7.66 6.28 6.25 6.70 6.70 6.25 6.70 3.41 11.1 8.74 8.17 6.25 6.71 6.70 11.3 7.07 6.72 6.70 11.3 11.3 8.90 8.50 8.50 8.50 18.4 2.35 3.08 11.2 5.29 8.93 10.2 2.32 7.52 7.52 7.52 7.55 7.86 7.52 7.55 7.65 8.73 9.82 8.87 8.50 8.50 3.36 46.6 12.2 2.24 2.24 8.83 8.83 8.43 5.31 6.25 2.24 3.36 2.24 2.24 3.36 3.36 21.8 9.97 7.14 7.52 3.45 7.43 8.35 2.24 8.52 6.18 8.52 8.72 5.99 2.24 10.1 5.81
8.73 6.25 8.03 7.98 6.26 7.52 2.24 7.52 6.25 7.05 6.25 6.25 11.3 8.73 2.72 9.30 6.25 6.25 7.06 6.71 6.70 8.73 11.7 6.82 6.70 11.3 8.72 8.50 8.50 8.80 8.86 7.52 6.25 8.77 8.75 5.09 7.52 8.73 8.81 8.54 8.73 8.73 7.66 8.10 8.21 10.4 9.04 9.03 8.80 8.50 8.72 8.50 3.36 6.14 28.7 6.25 6.25 11.2 3.41 10.6 5.31 11.2 6.25 6.25 6.25 2.86 2.96 3.36 2.43 2.24 7.52 7.52 5.31 7.62 6.81 5.31 8.52 8.52 6.04 10.3 6.23 6.23 9.95 5.95
8.73 13.8 7.52 7.61 7.86 7.61 8.73 2.24 12.3 6.48 8.96 8.75 8.73 8.50 9.04 2.35 6.25 6.25 7.03 7.19 7.52 8.73 7.30 13.5 7.07 8.73 8.50 8.50 8.50 8.50 3.36 2.90 21.3 7.52 5.15 3.00 6.25 7.52 7.52 7.59 8.88 8.85 7.52 7.52 8.73 8.73 8.77 6.33 8.50 5.99 3.41 3.36 3.36 6.23 10.1 25.8 9.73 8.74 6.23 9.71 8.73 8.92 6.25 10.7 11.2 11.4 10.9 3.36 3.36 8.50 5.32 14.4 8.75 6.28 7.52 8.50 8.72 9.15 5.99 6.25 22.6 14.6 6.23 5.65
8.73 12.4 6.25 8.18 6.70 8.73 8.50 2.08 6.25 6.25 6.48 8.75 8.87 8.94 9.78 3.36 6.48 6.25 6.25 7.89 8.73 8.50 8.50 8.73 2.24 8.50 8.50 8.94 8.80 8.50 8.50 8.50 8.50 8.50 5.96 3.32 2.29 6.25 7.52 7.52 7.55 8.90 8.73 8.73 8.80 8.50 8.87 9.06 10.1 8.50 3.36 3.57 6.91 6.84 5.31 7.14 6.25 7.52 6.23 5.46 2.24 7.52 10.5 7.66 2.24 8.72 3.41 2.24 6.18 8.72 2.24 7.52 15.7 6.34 7.52 6.23 15.5 13.2 14.7 7.52 8.27 7.79 5.31 5.38
3.36 17.1 8.73 8.73 7.43 8.50 8.50 8.50 2.24 6.25 6.25 6.25 8.51 3.36 8.80 8.97 8.73 6.25 6.28 7.52 8.50 8.50 8.50 3.36 8.73 8.76 8.72 8.50 8.83 8.82 8.50 8.50 3.36 3.36 5.75 3.53 9.11 2.24 2.24 7.52 7.52 8.73 8.94 8.80 8.87 8.50 8.50 5.31 6.23 8.50 8.50 6.23 6.23 3.36 3.36 3.36 2.24 10.1 6.14 9.35 2.24 6.25 8.48 9.05 2.24 3.41 3.41 3.36 3.41 3.21 2.96 11.3 6.63 6.25 8.05 8.73 7.52 7.52 7.55 8.20 6.25 8.53 7.52 5.31
3.36 9.46 8.73 7.81 8.35 8.87 8.50 3.36 9.26 11.6 6.25 6.48 7.07 7.52 8.50 8.52 9.35 2.31 6.28 7.52 3.36 3.36 2.56 11.5 10.3 6.25 2.72 8.72 8.50 29.9 2.24 8.50 3.36 2.94 6.23 3.41 8.90 10.2 3.41 2.24 7.52 7.52 8.50 8.85 8.50 8.50 8.50 6.23 8.50 8.50 5.31 6.23 5.31 2.24 2.24 2.86 10.7 5.91 8.50 2.29 7.52 6.25 9.85 7.82 15.3 6.25 2.24 3.31 3.41 2.96 13.6 3.36 6.50 6.77 7.60 8.73 8.73 10.3 8.54 6.25 8.18 7.86 6.25 8.08
3.43 8.61 8.50 7.74 8.91 8.50 8.50 3.36 26.1 8.00 6.35 8.84 6.25 8.73 8.73 2.24 8.75 7.30 7.70 8.73 8.73 15.7 24.4 16.2 7.52 6.29 18.6 8.73 8.50 3.36 22.8 2.24 8.73 8.87 8.96 8.78 8.30 11.0 10.1 6.25 2.24 11.6 8.80 9.23 8.73 8.69 8.50 6.11 6.23 2.24 2.72 2.84 2.87 2.84 3.47 13.2 6.13 5.91 2.24 6.25 9.88 2.24 9.66 6.25 15.6 11.6 30.8 2.24 3.41 3.19 2.24 9.78 6.45 8.95 9.72 8.72 8.72 9.79 6.28 2.24 2.30 8.73 2.24 3.47
