share/VS_Project/swb/x64/Debug/output/MEAN_RECHARGE_1989_1990.asc
NCOLS        340
NROWS        316
XLLCORNER     528502.530
YLLCORNER     274871.653
CELLSIZE        100.000
NODATA_VALUE    -9999.000
[rows 76 to 113 of 316, columns 168 to 251 of 340]
3.27 3.34 3.41 10.2 11.6 10.7 11.9 0.686 2.24 3.36 8.73 2.24 10.2 8.73 8.73 9.62 9.32 8.56 8.73 8.73 8.87 2.24 2.24 2.30 2.44 8.86 9.03 8.79 8.64 8.66 8.75 10.8 11.4 15.3 9.06 9.19 8.53 8.86 8.72 9.01 8.11 8.50 8.85 8.72 8.72 8.72 8.72 8.85 8.85 8.85 9.03 9.15 8.76 8.29 8.18 8.89 8.72 8.50 8.76 8.86 8.25 8.98 9.36 8.47 8.69 9.07 9.03 9.32 8.11 8.52 8.72 8.72 8.72 8.72 8.72 8.72 8.72 8.85 13.1 12.8 8.53 8.81 9.10 11.6
3.24 3.24 3.27 3.22 3.21 3.27 3.46 8.11 10.2 10.7 8.85 8.50 9.49 8.85 9.32 9.29 8.57 8.50 8.73 8.50 8.50 8.50 8.52 8.52 2.30 8.73 5.20 3.36 8.50 8.87 8.73 7.52 8.50 7.52 8.83 8.50 8.31 9.12 8.93 9.01 8.11 8.50 8.72 8.72 8.85 8.85 8.72 8.72 8.72 8.72 8.11 8.52 8.50 8.50 8.55 8.85 8.72 8.72 8.85 8.87 8.44 9.01 8.77 9.56 8.83 9.18 8.14 8.72 8.11 8.81 8.18 8.72 8.50 8.72 8.72 8.72 8.72 8.72 8.52 8.85 10.4 8.50 9.22 3.01
2.24 2.14 3.41 3.36 9.26 9.32 3.20 3.11 3.11 3.16 3.17 3.48 9.39 8.92 8.75 8.75 9.16 8.73 8.76 8.72 8.72 8.72 8.52 8.52 8.73 14.9 2.24 8.52 8.50 9.05 8.36 8.73 8.73 8.97 8.72 9.04 8.97 9.30 8.29 8.50 8.80 8.50 8.85 8.56 8.87 8.72 8.85 8.72 8.72 8.85 8.72 8.72 8.72 8.72 8.50 8.72 8.72 8.72 8.73 8.72 8.14 8.96 8.52 9.31 9.92 9.01 8.11 9.01 8.72 18.4 8.11 8.72 8.72 8.76 8.83 8.83 8.72 8.72 8.72 8.72 8.85 10.1 3.41 0.
2.24 8.73 7.52 8.92 2.24 2.24 2.16 8.72 9.06 9.05 9.11 8.12 8.31 8.44 8.73 8.73 8.73 8.33 8.59 8.86 8.91 9.35 8.67 8.11 8.52 9.30 8.73 8.73 8.52 8.73 12.1 8.85 8.72 8.79 8.72 8.14 8.11 8.12 8.11 8.70 8.67 8.50 8.86 8.81 8.91 8.72 8.86 8.85 8.72 8.85 8.89 8.89 8.89 8.76 8.72 8.72 8.72 8.72 8.73 8.72 8.14 8.87 8.75 9.23 9.16 8.71 8.71 8.85 8.73 8.72 8.85 8.85 8.72 8.72 8.92 8.94 9.24 8.85 8.72 8.72 8.72 8.83 0. 0.
8.50 8.50 7.52 9.32 8.72 8.72 8.50 2.30 10.7 8.73 2.24 8.73 2.24 9.40 8.18 8.73 8.11 8.73 9.10 7.66 8.37 8.77 8.73 8.11 8.52 8.72 8.11 8.95 8.72 8.72 8.73 8.95 8.72 8.72 8.72 8.72 8.73 8.73 8.87 8.81 8.72 8.50 8.80 8.43 8.72 8.72 8.92 8.85 8.72 8.72 8.50 8.90 8.35 8.14 8.85 8.50 8.72 8.72 8.99 8.72 8.52 9.15 8.97 8.47 9.36 8.69 8.72 8.39 8.48 8.58 8.19 8.72 8.72 8.72 8.72 8.46 8.11 9.10 8.55 8.50 8.52 9.05 0. 0.
9.04 8.72 8.72 2.18 8.83 8.72 8.72 8.73 3.53 3.47 2.24 8.73 8.73 3.41 9.19 8.33 8.11 8.11 8.83 8.10 7.52 7.52 8.78 8.75 8.82 9.04 8.52 8.86 8.85 8.72 8.72 8.89 8.89 8.72 8.73 8.72 8.72 8.72 8.73 8.94 8.73 8.72 8.72 9.17 8.72 8.72 8.49 8.72 8.72 8.72 8.83 8.60 8.54 8.11 8.94 8.85 8.72 8.72 8.72 8.51 8.56 9.15 8.67 8.52 8.52 8.98 8.29 8.70 8.47 8.95 8.72 8.72 8.89 8.73 8.72 8.72 8.72 8.72 8.59 9.10 8.50 8.50 8.11 28.3
9.16 8.89 8.72 8.73 8.72 8.72 8.72 3.36 10.7 3.40 10.3 6.25 8.73 8.72 9.01 8.98 8.72 8.11 7.52 8.88 9.42 8.78 8.73 9.05 8.88 8.72 8.76 8.82 8.78 8.80 8.72 8.72 8.72 8.72 8.72 8.90 8.89 8.72 8.50 8.91 8.95 8.50 8.50 44.1 2.96 8.50 8.55 8.50 8.11 8.46 8.37 8.83 9.30 8.50 8.88 8.85 8.50 8.72 8.50 8.80 9.05 8.56 8.64 8.88 8.11 9.43 9.15 9.15 8.49 8.36 8.11 8.50 8.79 7.52 8.52 8.72 8.72 8.85 8.50 8.72 8.94 8.29 8.11 8.11
8.80 8.83 8.72 8.72 8.72 8.85 3.41 3.41 6.43 11.4 5.92 2.46 5.99 6.23 8.72 10.0 8.29 8.50 8.72 8.56 8.95 9.04 9.07 8.13 8.11 8.55 8.73 8.91 9.16 8.50 8.50 8.50 8.72 8.52 9.19 8.72 8.76 8.11 8.76 8.91 8.80 8.50 8.50 6.25 3.17 8.11 8.53 8.43 9.08 9.23 9.40 9.24 8.71 8.84 8.57 9.08 8.75 8.72 8.72 8.87 8.41 8.30 8.11 8.11 8.87 8.94 8.41 8.72 8.80 8.50 8.50 8.80 8.75 9.55 8.46 8.72 8.72 8.72 8.72 8.50 8.57 9.18 9.01 9.76
8.11 8.11 8.72 8.72 8.72 8.93 3.53 3.49 8.50 9.84 5.16 8.73 3.36 3.41 3.36 3.36 8.97 8.11 8.72 8.72 8.72 8.11 8.97 8.75 8.75 8.73 9.04 9.04 8.54 8.52 8.50 8.72 8.90 8.73 8.72 8.98 9.18 8.72 8.72 8.97 8.80 8.73 8.50 3.40 11.0 9.37 8.55 8.50 8.72 8.87 8.86 8.86 8.93 8.59 8.73 8.72 8.14 8.72 8.73 8.75 8.72 8.85 8.59 8.33 8.11 9.33 8.25 8.86 8.82 8.97 8.11 8.50 24.8 12.7 8.72 8.72 8.85 8.85 8.50 8.83 8.82 8.50 9.62 8.53
8.26 8.83 8.72 8.72 8.72 8.72 8.72 8.50 8.50 3.40 5.50 8.11 3.47 3.36 8.52 8.50 8.50 8.14 8.72 8.72 8.72 8.11 8.74 8.73 8.73 8.73 8.11 8.11 8.73 8.73 8.11 8.97 8.62 8.78 8.72 8.72 9.00 8.85 8.72 8.95 8.88 8.50 3.40 10.7 8.73 8.78 8.50 8.72 8.72 8.85 8.80 8.55 8.75 8.74 9.51 9.35 8.14 8.72 8.73 7.52 8.72 8.83 8.91 8.92 9.41 8.11 8.50 8.66 8.52 8.55 8.11 8.72 8.88 8.32 8.52 8.72 8.75 8.72 8.91 8.50 8.50 9.17 8.75 5.24
8.11 8.11 8.11 8.72 8.52 8.52 8.72 8.72 8.50 2.53 6.79 6.10 8.73 2.24 9.15 8.76 3.41 9.83 8.14 8.56 9.01 8.14 8.72 8.73 8.73 8.50 8.72 8.72 8.72 8.72 8.72 8.72 8.77 8.72 8.93 8.72 8.72 8.93 8.72 8.85 8.94 10.8 8.53 5.20 5.20 8.50 9.00 8.82 8.50 8.72 8.50 8.84 9.02 9.06 8.29 8.30 8.68 8.97 8.11 8.11 9.01 8.55 8.34 8.12 8.34 9.24 8.33 8.11 8.21 9.02 8.73 8.50 8.93 8.32 8.52 8.72 3.41 8.73 8.73 3.40 9.77 8.74 8.73 8.73
8.11 8.83 8.11 8.72 8.31 9.34 3.48 3.53 6.22 6.24 8.73 3.27 8.16 10.3 2.24 2.24 34.3 8.73 2.75 8.78 8.62 8.23 8.85 8.72 8.72 8.90 8.83 8.89 8.72 8.72 8.72 8.72 8.95 8.90 8.73 8.72 8.72 8.84 8.72 8.72 9.62 8.73 8.73 8.76 8.73 8.72 7.21 8.77 8.77 8.80 8.72 8.85 8.52 8.41 8.14 8.22 9.35 8.49 8.50 8.50 8.90 8.16 8.12 8.73 9.04 9.18 8.87 8.50 8.72 8.61 8.11 8.73 8.89 9.04 8.11 8.72 8.83 31.4 2.24 11.5 8.72 8.72 7.52 8.73
9.42 8.11 8.11 8.72 8.72 8.52 8.72 8.72 8.73 8.89 2.24 5.31 3.29 8.73 7.14 18.0 2.24 3.41 3.41 2.96 2.96 2.37 2.24 8.72 8.72 8.94 8.87 8.85 8.72 8.72 8.73 8.82 7.52 9.34 8.52 8.72 8.72 8.72 8.89 9.38 8.54 5.24 7.52 7.52 8.73 8.72 8.95 8.79 9.79 8.87 8.50 8.72 8.56 8.72 8.90 8.88 8.92 6.18 6.03 8.72 8.72 8.73 8.73 8.11 8.73 8.48 268. 8.73 8.72 9.15 8.16 9.36 8.50 8.50 8.50 8.72 8.72 3.36 10.7 9.66 8.11 8.14 7.58 10.3
9.41 8.11 8.11 9.01 8.72 8.52 9.15 8.72 8.72 5.74 2.24 3.31 8.52 2.75 9.12 2.29 10.5 5.63 2.95 2.81 3.49 8.11 8.85 8.11 8.73 10.3 8.85 8.11 8.72 8.72 8.79 7.52 8.61 8.73 8.56 8.72 8.72 8.89 8.72 9.04 8.74 7.52 8.73 8.72 8.72 8.72 8.72 8.72 9.30 8.97 8.50 8.72 8.50 9.02 8.80 8.92 8.89 8.50 8.72 8.76 8.89 8.50 8.50 8.72 8.14 8.71 8.19 8.73 8.52 8.83 8.85 9.01 8.80 8.80 8.72 8.72 3.36 8.83 9.42 8.35 8.88 8.73 7.63 7.74
9.05 8.82 8.11 8.11 9.34 2.72 2.68 2.69 5.54 6.42 2.84 2.96 8.72 2.96 5.99 6.25 6.25 9.76 23.6 2.24 2.96 8.39 9.18 8.11 8.52 9.02 9.04 8.89 8.72 8.72 8.72 8.94 8.95 8.70 9.05 8.72 8.72 8.89 16.8 8.31 2.24 6.25 8.73 8.79 8.73 8.72 8.72 8.72 8.11 8.11 8.11 8.11 8.11 8.50 9.17 8.72 8.72 8.72 8.50 8.50 8.50 9.10 8.83 8.50 8.50 44.9 7.98 8.73 8.72 8.72 8.85 8.85 8.90 8.59 8.85 8.72 3.36 11.3 9.31 8.74 8.75 7.52 7.63 7.52
8.11 8.12 8.11 8.11 8.72 8.72 8.72 8.72 6.25 3.41 3.47 2.96 8.72 9.04 2.56 5.31 2.24 6.25 7.66 19.2 2.68 2.72 9.01 8.11 8.52 8.72 8.90 8.83 8.72 8.72 8.89 8.89 8.72 8.72 9.14 8.85 8.90 8.95 8.52 8.99 8.11 7.52 15.0 8.83 8.62 8.73 8.79 8.72 8.11 8.11 8.11 8.33 9.03 8.72 8.11 9.01 8.72 8.72 8.11 8.11 8.11 8.11 22.6 8.86 9.00 7.62 7.52 8.95 8.72 8.72 8.72 8.72 9.38 8.85 9.11 2.66 10.4 9.76 8.12 8.73 7.52 8.73 7.91 7.52
8.72 8.73 8.11 8.72 8.85 9.05 6.09 5.46 8.75 5.48 2.73 8.11 8.11 9.81 2.24 5.44 5.97 8.73 2.24 6.23 3.49 9.86 8.85 8.72 9.15 8.73 8.91 8.50 8.95 8.72 8.72 8.72 8.72 8.95 3.41 8.60 8.74 8.73 8.73 8.87 8.77 8.75 8.95 6.37 10.8 15.0 11.5 9.62 8.51 8.52 8.11 8.33 8.11 8.72 8.11 8.72 8.75 8.68 8.67 8.50 8.11 8.11 8.73 8.73 35.8 7.52 7.86 8.73 8.72 8.72 3.41 3.41 8.72 8.72 8.73 8.86 9.66 9.50 8.85 8.72 8.21 8.73 8.73 7.64
8.72 8.72 8.85 9.33 10.4 8.76 8.85 2.24 8.73 2.33 2.24 8.50 3.36 9.49 2.24 5.33 3.47 9.61 2.24 6.23 6.23 3.36 2.96 8.73 9.12 9.09 8.94 8.91 8.73 8.72 8.72 8.72 8.11 8.72 8.90 11.0 8.75 8.91 0.794 8.50 8.73 8.83 7.55 8.07 7.52 7.52 9.02 9.05 8.40 8.72 8.11 8.33 8.46 9.33 8.60 9.53 8.73 9.09 8.85 8.36 8.72 8.11 8.50 8.90 14.5 7.52 7.52 8.95 8.73 8.72 11.0 3.41 8.72 8.73 2.24 10.1 3.54 8.11 8.74 8.73 7.52 8.73 7.52 7.52
8.72 8.72 8.11 2.96 2.96 9.06 8.72 8.73 8.85 9.31 2.24 3.41 3.44 3.36 2.48 2.08 2.24 2.35 5.99 5.99 5.99 6.23 3.36 2.24 8.73 8.75 8.92 8.60 8.73 8.95 8.95 8.72 8.79 9.04 9.56 9.01 8.12 5.24 8.73 8.50 8.50 8.50 7.52 8.19 10.1 8.73 8.52 8.73 8.11 8.50 8.11 8.11 8.33 9.15 8.40 8.85 8.11 8.45 9.33 9.42 9.14 8.11 8.50 8.87 8.80 7.70 12.1 11.2 8.72 8.72 8.72 9.47 11.3 8.95 8.87 3.41 3.23 2.96 8.74 8.73 7.52 8.73 7.52 7.52
8.53 2.96 8.11 8.11 8.11 8.72 8.72 3.36 16.9 9.40 11.1 9.26 3.43 8.50 9.26 8.50 8.73 5.99 5.99 5.99 10.7 3.36 8.50 8.72 8.73 8.85 8.50 8.69 8.75 8.78 8.73 8.72 8.73 8.48 9.10 9.15 8.54 8.75 8.73 8.95 8.74 8.73 8.73 8.73 9.36 9.30 8.81 8.52 8.72 8.50 8.11 9.01 8.50 8.72 8.72 8.72 8.72 8.11 9.01 8.80 8.37 9.33 8.50 8.50 8.89 7.55 7.52 8.72 8.72 8.72 8.79 28.7 7.52 9.44 9.17 3.53 3.32 3.02 8.76 8.52 8.75 8.73 7.59 7.55
10.8 3.31 3.36 8.11 8.11 8.72 8.85 10.9 2.24 2.37 2.37 9.11 2.24 2.24 2.24 2.24 2.24 10.1 9.17 6.02 5.53 2.53 3.36 3.41 3.36 7.52 7.52 8.72 9.17 8.50 8.72 8.73 8.50 9.01 9.18 8.81 8.52 7.52 11.0 7.95 8.75 8.73 8.11 8.11 8.11 8.52 8.72 8.11 8.85 8.76 8.11 8.60 8.72 8.72 8.72 8.72 8.72 8.11 8.50 8.50 8.50 8.11 8.82 9.15 9.14 6.25 7.21 8.72 8.72 8.72 8.72 8.73 8.75 8.72 8.85 3.60 8.11 8.40 8.56 8.76 8.50 8.75 7.56 7.52
11.8 3.51 2.96 8.11 8.11 9.01 8.72 8.50 8.50 2.24 2.24 2.24 2.24 6.25 7.52 7.52 10.1 5.31 9.40 9.37 11.3 10.3 3.05 2.24 2.86 6.25 7.52 7.52 8.14 8.98 8.83 8.48 9.00 8.43 9.15 8.54 8.73 7.52 8.73 8.72 8.72 8.72 8.33 8.11 8.72 8.52 8.72 8.72 9.01 8.89 8.33 8.31 8.14 8.11 8.14 9.04 8.85 8.14 8.11 8.11 8.11 8.50 8.57 8.34 8.50 8.84 7.52 8.72 8.72 8.85 8.85 8.95 8.87 8.87 3.53 3.03 8.35 8.11 8.34 8.12 8.73 14.2 9.04 8.12
3.58 3.51 8.57 9.01 9.01 3.41 3.41 8.72 3.41 8.73 8.11 2.96 2.37 6.23 5.99 8.50 6.08 6.23 6.23 8.50 8.50 10.2 3.45 6.25 18.2 7.52 7.52 8.72 8.73 9.08 8.96 9.03 8.75 8.76 8.42 8.52 7.52 7.52 7.52 8.73 8.95 10.6 15.8 9.09 9.07 8.72 8.11 9.03 8.85 8.71 9.32 8.96 8.52 8.72 9.04 8.72 8.92 8.89 8.42 9.33 8.97 8.97 8.52 8.81 8.41 8.96 8.95 8.73 8.72 8.89 8.76 8.84 3.36 3.25 13.8 8.73 8.73 7.55 7.52 7.55 7.56 7.55 7.59 8.88
8.67 8.11 8.11 8.14 8.29 10.6 6.23 11.4 11.0 9.01 2.24 3.41 11.8 11.1 6.00 6.06 6.23 8.73 6.23 8.50 8.69 8.91 12.0 8.51 8.53 7.59 7.52 8.72 8.95 8.87 8.96 9.11 3.36 8.73 8.52 8.73 7.60 7.55 7.55 15.1 7.98 7.52 9.05 8.42 8.54 8.73 8.72 8.72 8.88 8.84 9.19 8.72 8.11 8.51 8.77 8.72 8.73 8.72 8.14 9.05 8.74 9.40 9.16 8.85 8.50 2.97 8.73 8.50 8.50 8.73 8.86 8.86 3.34 12.2 8.73 7.52 7.57 7.52 7.52 7.52 7.59 7.52 7.21 7.52
8.11 8.11 8.72 8.72 8.11 8.11 3.41 5.99 10.1 10.1 3.36 2.24 3.36 6.23 10.7 6.05 8.50 10.9 3.36 8.50 8.50 8.50 8.80 10.8 8.76 8.50 8.73 2.24 2.24 10.1 9.18 9.03 2.40 6.25 7.55 7.63 7.67 8.03 7.89 7.52 7.52 8.73 8.50 8.52 8.52 8.72 8.72 8.89 8.86 8.83 8.87 8.73 8.33 8.11 9.07 8.73 8.97 8.72 8.50 8.11 8.33 8.19 8.73 8.85 8.64 10.7 8.19 8.50 2.24 8.89 8.50 3.34 11.9 8.76 8.73 7.59 7.52 7.64 7.59 7.52 7.52 7.52 8.72 8.52
8.52 8.72 8.85 8.72 3.41 8.72 5.19 5.81 11.4 10.7 8.50 3.36 8.50 6.11 9.95 10.8 9.40 6.23 6.23 6.23 8.50 8.80 8.86 8.73 10.4 6.08 6.10 3.26 2.24 8.72 9.47 3.26 2.24 6.44 7.52 8.32 7.86 8.75 7.52 8.27 10.6 9.59 8.73 8.72 8.72 8.72 8.85 8.72 8.50 8.80 8.87 11.6 8.11 8.73 9.06 8.87 8.92 8.73 8.47 8.11 8.50 8.50 7.52 7.52 8.73 9.31 2.96 8.50 9.44 9.07 3.28 3.25 8.73 8.73 7.52 7.52 7.52 7.52 7.52 7.52 7.52 7.52 8.72 8.50
3.46 8.85 9.07 9.17 11.0 8.72 8.11 3.41 11.3 3.54 3.52 3.31 8.50 3.36 8.50 10.1 8.73 8.50 8.50 6.11 6.23 6.23 7.14 7.52 7.52 8.73 5.99 6.00 5.82 5.28 9.03 2.24 7.59 7.52 8.73 8.52 8.73 8.73 8.76 7.86 7.86 8.27 11.7 8.81 8.72 8.72 8.40 8.73 8.73 8.75 8.73 9.07 8.11 8.73 8.80 8.94 8.75 8.73 8.11 9.19 8.50 8.73 7.52 6.25 8.74 9.23 10.6 8.29 9.47 3.34 3.20 8.12 8.73 7.52 7.52 7.52 7.52 7.52 7.52 7.52 7.59 8.62 8.72 8.50
9.05 10.1 9.38 8.11 8.33 8.11 8.11 3.41 3.53 2.31 13.7 3.31 3.36 5.31 11.7 9.90 8.73 6.23 8.50 10.7 9.94 9.94 7.52 7.52 7.52 7.52 8.73 6.02 6.32 10.7 3.31 8.73 7.52 7.52 8.73 8.73 2.24 8.73 8.73 8.73 8.73 8.73 8.75 8.12 8.73 8.85 8.40 9.05 8.72 8.72 8.85 8.84 9.01 8.87 8.90 8.89 8.73 7.52 8.72 8.85 9.32 10.3 7.55 7.52 7.52 8.11 8.78 8.42 3.02 3.19 3.24 9.16 3.40 8.50 7.95 8.73 7.52 7.55 7.59 7.52 7.63 7.52 8.82 8.78
2.24 2.96 8.11 2.96 8.11 8.11 8.73 9.61 8.63 2.96 2.84 164. 2.86 5.31 8.73 9.80 15.5 6.23 8.50 8.73 9.54 9.32 8.89 8.73 8.73 8.73 8.11 6.20 11.5 9.03 2.28 6.28 7.52 6.25 12.0 11.2 7.52 6.25 3.41 3.41 8.72 8.73 8.73 8.73 8.72 8.72 8.52 9.17 8.94 8.72 8.85 8.86 8.85 8.91 8.89 8.12 8.73 7.52 8.11 8.72 8.50 9.06 8.73 8.73 6.25 8.74 3.43 3.03 3.21 11.5 8.52 8.87 8.91 8.76 8.50 8.50 8.73 8.73 8.73 7.75 7.74 14.9 6.39 7.52
8.72 8.72 8.72 8.72 8.72 9.16 8.85 8.11 8.43 2.96 2.24 14.1 13.9 11.3 2.84 9.87 8.73 6.23 8.50 8.87 7.55 8.73 8.12 9.04 8.98 8.48 8.33 5.61 10.3 2.24 2.24 6.25 6.25 6.99 6.25 6.25 6.53 7.52 3.05 2.96 8.97 8.75 8.73 8.72 8.72 8.72 8.46 9.17 9.03 8.11 8.72 8.72 8.95 8.96 8.98 8.12 8.73 8.73 9.06 8.73 8.73 0.686 9.05 8.87 8.72 8.83 3.49 3.58 11.1 8.87 8.73 8.50 8.82 8.88 8.56 8.89 8.78 8.75 7.55 7.52 7.59 7.55 7.52 8.55
9.68 3.47 9.25 8.11 8.72 8.33 8.72 8.72 3.41 8.72 3.46 2.24 2.24 7.21 2.43 10.3 14.8 8.73 8.73 7.52 7.52 7.52 8.73 8.73 8.75 9.45 5.36 10.7 8.11 9.36 10.2 9.29 9.14 9.41 11.2 9.79 7.52 25.8 2.24 10.9 18.5 8.73 8.72 8.72 8.89 8.72 8.73 8.73 8.75 9.18 8.85 8.72 8.11 8.75 9.32 8.33 8.11 8.73 8.81 8.73 8.50 8.73 8.73 9.05 8.50 8.80 3.75 3.36 8.73 7.52 8.50 8.50 8.73 7.21 8.87 8.75 7.52 7.52 7.52 7.52 7.52 7.52 7.52 7.52
3.41 8.99 8.11 8.11 8.11 8.11 2.64 3.76 3.41 8.72 8.52 3.36 8.72 3.36 7.52 2.86 8.11 7.52 10.4 7.59 7.52 7.52 7.52 7.52 8.73 5.39 5.82 9.72 2.24 2.24 2.29 2.29 2.29 7.66 2.43 2.43 8.72 8.51 11.9 16.3 7.92 8.82 8.72 8.72 8.80 8.85 8.72 8.72 8.72 8.72 9.01 8.86 8.46 8.69 7.55 7.52 7.52 7.52 8.79 8.89 8.73 3.02 8.50 8.72 8.94 3.63 3.12 10.6 3.36 7.52 8.73 8.73 8.50 8.72 8.50 8.45 8.81 7.52 7.52 7.52 7.52 7.52 7.52 8.50
8.72 8.11 8.73 8.72 3.47 8.72 3.41 11.0 3.49 8.72 3.31 3.31 10.7 7.52 7.52 2.24 10.8 8.73 7.52 7.52 7.52 7.55 8.72 7.52 5.31 6.08 6.00 3.07 2.24 6.25 6.25 6.25 6.25 2.24 3.36 3.36 3.36 8.99 8.08 7.98 8.95 8.72 8.72 8.72 8.82 8.91 8.72 8.89 8.72 8.72 7.52 8.56 8.74 8.12 8.73 7.52 7.52 7.63 8.73 8.79 8.75 10.7 8.50 8.88 3.49 13.1 8.98 8.14 8.75 8.73 14.1 11.2 8.73 8.50 8.72 8.67 8.50 8.75 7.72 7.63 7.79 8.24 11.0 7.52
8.11 8.11 3.41 3.41 3.53 3.36 8.72 3.41 3.51 8.72 8.52 3.60 12.4 38.7 8.73 2.84 8.12 8.73 7.52 6.25 7.52 7.55 8.14 8.72 6.06 6.20 5.69 8.14 9.73 3.41 7.50 9.70 2.36 10.2 3.43 8.50 3.36 2.14 2.30 6.59 8.95 8.72 8.72 8.72 8.73 8.93 8.85 8.16 8.14 9.04 9.00 8.11 8.96 8.11 7.52 7.52 7.59 7.61 8.73 8.86 3.36 9.45 9.17 3.44 10.8 8.97 8.11 8.73 7.52 7.55 8.78 8.80 8.88 8.50 8.50 8.50 8.50 8.93 7.52 7.84 7.52 7.52 8.73 8.91
3.41 9.30 3.41 3.53 3.05 3.42 8.11 3.41 73.9 6.25 7.52 9.51 7.52 7.52 7.52 2.24 10.9 8.73 7.86 7.52 6.25 7.82 8.73 5.36 5.36 5.15 5.73 8.32 2.27 6.25 6.44 7.31 2.24 2.24 2.24 2.30 8.52 8.73 8.72 8.72 8.73 8.72 8.72 8.85 8.73 8.72 8.92 8.48 8.11 8.72 8.95 8.93 8.12 8.73 7.52 7.52 7.55 8.73 8.48 3.68 2.96 3.42 8.64 8.69 9.29 9.13 9.12 7.99 7.52 7.52 8.80 8.50 8.80 8.76 8.72 8.50 8.88 9.26 7.52 7.52 8.63 7.89 8.50 9.05
3.53 2.72 3.41 13.0 2.94 8.73 8.11 3.41 11.3 8.54 7.55 7.67 7.52 7.52 7.52 8.73 3.00 8.50 7.52 7.52 7.52 7.52 8.73 5.31 6.47 5.77 9.26 2.24 6.25 7.66 2.24 8.73 8.52 3.31 3.31 3.31 3.31 3.31 3.41 8.72 8.72 8.72 8.72 8.85 8.86 8.87 9.16 8.73 8.72 9.01 8.49 8.99 8.12 8.73 7.52 6.25 7.52 8.75 12.0 3.54 3.43 10.5 8.97 8.11 2.22 2.24 2.24 8.73 8.75 8.73 8.50 8.50 8.50 8.50 8.72 8.72 8.83 11.3 8.72 8.72 8.72 8.89 8.82 8.80
12.0 10.3 11.8 3.39 2.24 8.50 8.11 3.47 6.25 18.8 8.73 8.73 7.52 7.52 7.59 8.72 3.34 8.11 8.73 7.55 7.52 8.73 8.89 6.17 6.43 5.75 8.31 2.29 6.25 6.25 2.24 3.31 3.31 2.91 3.10 3.41 8.72 12.1 3.31 8.52 8.72 8.79 8.95 8.72 8.75 8.89 8.97 8.72 8.72 8.83 8.44 9.02 9.02 8.73 7.52 2.24 10.1 3.19 3.52 3.49 8.86 8.68 9.26 2.24 8.73 8.73 8.50 8.50 8.50 8.50 8.50 8.80 8.50 8.50 8.72 8.72 8.50 8.50 6.77 0. 8.73 8.72 8.73 8.50
9.93 11.3 2.24 2.24 3.31 8.50 2.96 2.94 6.25 8.74 8.90 8.73 7.52 7.52 7.52 7.52 3.22 8.11 8.48 7.52 8.73 8.73 6.23 6.01 5.72 8.96 8.63 2.24 2.24 2.29 11.2 13.8 6.25 44.6 6.25 16.3 34.0 2.90 2.22 8.73 8.72 8.79 8.49 8.11 8.72 8.85 8.96 8.72 8.83 8.72 8.11 9.12 8.74 8.73 7.52 8.73 11.0 3.08 3.58 3.36 8.92 9.33 8.23 8.81 8.50 8.80 8.80 8.73 8.50 9.00 8.50 8.78 10.8 8.97 8.75 8.73 8.50 8.76 9.76 8.93 9.08 6.04 8.52 8.72
